4
4
4
3
3
3
3
4
3
3
3
4
4
4
4
4
4
4
4
4
4
4
4
4
3
4
4
4
4
4
4
4
4
4
4
4
4
4
4
4
4
4
4
4
4
4
4
4
4
4
4
4
4
4
4
4
4
4
4
4
4
4
4
4
4
4
4
4
4
4
4
4
4
4
4
4
4
43
4
4
4
43
43
43
43
43
43
31
31
31
31
14
31
14
31
32
31
14
31
32
14
14
14
14
14
14
14
14
14
14
14
14
14
14
14
14
14
14
14
14
14
14
14
14
14
14
14
14
14
11
14
14
11
14
11
11
11
11
11
11
11
14
11
11
11
11
11
11
11
11
11
11
11
11
18
18
18
18
18
18
18
18
18
18
18
18
18
18
35
35
35
35
35
35
35
35
35
35
35
35
35
35
35
35
35
35
35
35
17
35
35
17
17
35
17
35
17
17
17
17
17
17
17
17
17
17
17
17
17
17
17
17
17
17
17
17
17
17
17
17
17
17
34
34
34
34
20
29
34
34
34
34
18
18
1
17
1
34
1
1
34
1
1
1
23
1
1
1
1
1
1
1
1
1
1
1
1
1
1
1
1
1
1
1
20
1
1
1
1
20
20
1
1
1
1
20
20
20
20
20
20
20
20
20
20
20
20
20
42
42
20
20
20
42
42
42
20
42
42
29
29
29
29
20
29
2
5
5
2
5
5
5
5
2
5
5
5
5
5
5
2
2
2
2
2
2
2
2
2
2
2
2
2
2
2
2
2
2
2
2
2
2
2
0
2
2
2
0
2
2
2
0
0
2
0
0
0
0
0
0
0
0
0
0
0
0
7
7
7
0
7
0
2
29
0
2
33
33
33
33
33
33
33
33
33
33
33
33
33
33
33
24
33
24
24
24
24
24
24
24
24
24
24
24
24
24
24
5
7
24
24
24
24
19
19
19
19
19
19
19
19
19
19
19
19
19
19
19
19
19
19
19
19
19
19
10
19
19
19
19
19
10
10
10
19
19
19
10
10
10
10
27
27
27
27
27
27
27
27
27
27
27
19
10
19
29
24
23
16
16
16
16
16
16
16
16
16
16
16
16
16
16
16
16
16
6
6
6
6
6
6
6
6
6
6
25
25
25
6
6
25
25
25
25
25
25
25
25
25
25
25
25
25
25
25
25
25
25
25
25
25
25
38
38
38
38
38
38
38
38
38
38
38
38
38
26
26
26
26
26
26
26
26
38
26
38
38
38
38
38
38
26
38
38
38
38
38
38
26
26
26
26
26
26
26
26
26
26
26
26
26
26
26
26
26
26
26
26
26
26
26
26
9
26
26
9
9
26
9
26
36
36
36
36
36
36
36
36
36
36
36
36
36
36
36
36
36
36
36
36
36
36
36
36
36
36
36
36
36
36
15
15
15
15
15
15
15
15
37
37
37
37
37
37
37
37
37
37
37
41
41
37
41
41
41
41
41
41
41
41
41
41
41
41
41
41
41
41
41
41
41
41
41
41
41
41
41
41
41
41
41
41
40
40
40
40
40
40
40
40
40
40
40
40
40
40
40
40
40
40
40
40
13
21
21
21
21
21
21
21
21
21
21
21
21
21
21
21
21
21
21
30
21
21
21
21
30
39
21
30
39
30
30
30
30
30
21
21
21
21
21
21
30
30
21
30
30
39
39
30
21
21
39
39
30
30
30
30
21
21
21
21
21
30
30
30
30
39
39
39
30
39
39
39
39
39
39
39
39
39
39
39
39
39
39
39
39
39
39
39
39
39
39
39
39
39
39
39
39
39
39
39
39
39
39
39
39
39
39
39
39
39
39
39
39
39
39
39
39
39
39
39
39
39
39
23
39
23
23
39
39
39
39
39
39
39
39
