4
4
3
3
3
3
3
3
3
3
3
3
3
3
3
3
3
3
3
3
3
3
3
3
3
3
3
3
3
3
3
3
3
3
3
3
3
3
3
4
4
4
4
4
3
4
3
4
4
4
4
4
4
4
4
4
4
4
4
4
4
4
4
4
4
4
4
4
4
4
4
4
4
4
4
4
4
4
4
4
4
4
4
4
4
4
4
31
43
31
4
31
31
31
43
31
31
43
31
31
11
31
31
31
14
11
31
31
11
31
31
31
14
31
31
31
14
31
31
11
11
31
31
11
14
14
31
31
14
14
32
32
14
14
14
31
11
14
14
31
14
14
14
11
14
14
14
11
14
11
14
11
11
11
14
11
11
11
11
11
11
11
14
11
11
11
11
11
11
23
11
11
11
11
23
11
11
18
18
18
18
18
18
18
18
18
18
18
18
18
35
35
18
18
35
35
18
18
35
35
18
35
35
35
35
35
35
35
35
35
35
17
17
17
17
17
17
23
17
17
17
17
17
17
17
17
17
23
17
17
17
23
3
17
17
23
17
23
23
23
17
8
17
23
17
23
23
23
18
1
1
1
20
1
1
1
1
20
1
1
20
1
1
20
20
1
20
20
1
1
20
1
20
1
20
20
20
20
20
20
20
20
20
20
20
20
20
20
20
20
20
20
20
20
20
20
20
20
20
20
20
20
20
20
20
20
20
20
20
20
42
20
42
20
20
29
29
29
29
20
23
2
2
2
29
2
2
29
29
29
2
29
2
29
29
29
29
29
2
29
29
29
2
29
29
29
2
2
29
2
2
29
29
29
2
29
29
29
2
29
29
2
2
29
2
2
2
2
29
29
2
2
2
2
2
2
2
2
0
0
0
0
7
7
23
2
2
2
0
0
0
0
7
33
7
33
33
33
33
33
33
33
33
33
33
33
33
33
33
33
33
33
33
33
33
24
24
24
24
24
24
24
24
24
24
24
24
24
19
19
19
19
19
19
19
19
19
19
19
19
19
19
19
19
19
19
19
19
19
19
19
10
19
19
19
19
19
10
10
19
10
10
10
10
10
10
10
27
27
27
27
27
27
27
27
27
27
27
27
27
27
27
27
27
27
16
23
16
16
16
16
16
16
16
16
16
16
6
6
6
6
6
6
6
6
25
25
25
25
25
25
25
25
25
25
25
25
25
25
25
25
25
25
25
25
25
25
25
38
38
38
38
38
38
38
38
38
38
38
38
38
38
38
26
38
26
26
26
26
26
26
26
26
26
26
26
26
26
26
26
26
26
26
26
26
26
26
26
26
26
26
26
26
26
26
26
26
9
36
9
36
26
36
36
36
36
36
9
36
36
36
36
36
36
36
36
36
36
36
36
36
36
36
36
36
36
15
15
15
15
15
15
36
36
36
15
37
15
15
36
15
39
37
37
37
37
37
37
37
37
37
41
41
41
41
41
41
41
41
41
41
41
41
41
41
40
41
41
41
40
40
40
40
40
40
40
40
40
40
40
40
40
40
40
40
40
40
40
40
40
40
40
40
40
40
40
40
40
40
40
40
40
40
21
30
21
21
21
42
21
21
21
21
21
21
21
21
21
21
21
21
21
21
21
21
21
21
21
30
30
30
30
39
30
30
30
30
30
30
30
30
30
30
30
30
30
30
30
30
30
30
30
30
30
30
39
39
39
39
39
39
39
39
39
39
39
39
39
39
39
39
39
39
39
39
39
39
39
39
39
39
39
39
39
39
39
39
39
23
39
39
39
39
39
