3
3
3
3
3
4
3
3
4
3
4
4
4
1
3
3
3
22
22
22
4
4
22
3
4
4
4
4
4
4
4
4
4
4
4
4
4
4
4
4
4
4
4
4
3
3
3
3
3
4
4
4
3
3
3
3
3
3
3
3
3
3
3
3
3
4
3
4
4
3
3
4
4
4
3
3
3
3
4
3
3
3
3
4
4
4
4
4
4
4
3
3
3
4
4
4
4
4
4
4
4
4
4
3
3
3
3
4
4
4
3
3
3
3
4
4
4
4
4
4
4
3
3
4
3
4
4
3
4
3
3
4
3
3
3
3
4
3
4
4
4
3
3
4
4
4
4
4
4
4
4
4
4
43
43
43
43
43
43
43
43
43
43
31
31
31
31
14
11
23
31
5
43
43
14
14
43
20
18
20
43
31
31
23
31
31
14
23
43
23
11
11
14
11
11
11
14
14
14
14
14
14
31
14
14
31
31
14
31
31
31
32
31
31
32
32
31
32
14
32
31
32
32
32
14
32
14
32
32
32
32
14
14
32
14
14
14
32
14
14
14
14
14
14
14
14
14
14
14
14
14
14
14
14
14
14
14
14
14
14
14
14
14
14
14
14
14
14
14
11
11
11
11
11
11
18
18
18
18
18
18
18
18
18
18
18
18
18
18
18
18
18
35
18
18
18
35
18
35
18
35
18
35
18
35
18
18
18
17
35
35
17
17
35
17
17
17
17
17
17
17
17
17
17
17
17
17
17
17
17
17
17
17
17
17
17
17
17
17
17
17
17
17
17
17
17
17
17
17
17
17
17
17
17
34
34
34
34
34
20
34
34
1
34
1
1
1
1
1
1
1
1
1
1
1
1
1
1
1
1
1
1
1
1
1
1
1
1
1
1
1
1
1
1
1
1
1
1
20
1
20
20
20
20
20
20
20
20
20
20
20
20
20
20
20
20
20
20
20
20
20
20
20
20
20
42
29
29
29
29
29
29
2
5
2
5
2
5
2
5
5
5
5
5
5
5
2
5
5
2
2
2
5
2
2
2
2
2
2
2
5
2
2
2
2
2
0
2
0
2
0
2
2
0
0
2
2
0
0
2
0
0
0
2
2
0
0
2
0
0
0
2
0
0
7
0
0
0
7
7
7
33
33
33
33
33
33
33
33
33
33
33
33
33
33
33
33
33
33
33
33
33
33
33
33
24
24
24
24
24
24
24
24
24
24
24
24
19
19
19
19
19
19
19
19
19
19
19
19
19
19
19
19
19
19
27
27
27
10
10
10
10
10
10
10
10
10
10
10
10
10
10
10
27
27
27
27
27
27
27
27
27
27
27
27
27
27
27
27
19
19
19
19
19
19
19
19
19
19
19
19
19
19
19
19
19
27
27
19
19
19
27
27
27
27
27
27
27
27
27
27
27
27
27
27
27
10
16
23
16
16
25
16
16
6
6
23
38
25
6
6
6
26
6
6
6
6
6
38
25
25
25
25
25
25
25
25
25
25
25
25
25
25
25
25
25
25
25
25
25
25
25
25
25
25
25
25
25
25
25
38
38
38
26
26
38
38
38
26
38
38
38
26
26
26
26
26
26
26
26
26
26
26
26
26
26
26
26
26
26
26
26
26
26
26
26
26
26
26
26
26
26
26
26
26
36
9
26
26
36
36
36
26
36
36
36
26
36
36
36
26
36
36
36
36
36
36
36
36
36
36
36
36
36
36
36
36
36
15
15
15
36
36
15
36
37
37
37
37
41
41
39
37
37
37
37
37
37
37
37
37
37
37
37
41
41
41
41
41
41
41
41
41
41
41
41
40
41
41
41
40
40
40
40
40
40
40
40
40
40
40
40
40
40
40
40
40
40
40
40
40
40
40
21
21
21
30
21
30
21
21
21
21
21
21
21
21
21
21
21
21
21
30
30
21
30
30
39
30
39
39
39
39
39
39
39
39
39
39
39
39
39
39
39
30
39
39
39
39
39
39
39
39
39
39
39
39
39
39
39
39
39
39
39
39
39
39
39
39
39
39
39
39
39
39
39
39
39
39
39
39
39
23
39
23
39
39
39
39
39
39
39
39
39
