3
3
3
3
3
4
4
8
3
3
3
4
3
3
4
3
3
3
3
3
3
3
3
3
3
3
3
3
3
3
4
4
3
3
3
3
3
3
3
3
3
3
3
3
4
3
3
4
3
3
3
3
3
3
3
3
4
4
4
3
4
4
4
4
4
4
4
4
4
4
4
8
3
3
4
4
3
3
3
3
3
4
4
4
3
4
3
4
4
4
4
4
4
4
4
4
4
4
4
4
4
4
4
4
4
4
43
4
43
4
4
43
43
43
4
4
4
43
43
43
43
43
31
43
43
43
4
4
43
4
43
43
4
4
31
43
20
11
14
43
43
43
11
31
31
43
11
31
18
11
43
43
31
43
31
31
43
7
5
31
31
31
2
31
32
31
5
31
14
32
32
31
32
32
31
32
32
14
32
32
32
32
32
32
32
14
32
14
14
14
14
14
14
14
14
14
14
14
14
14
14
14
14
14
11
11
14
14
14
11
14
11
11
11
14
5
2
11
11
11
11
11
18
11
11
18
18
18
18
18
18
18
18
18
18
18
18
18
18
18
18
18
18
18
18
18
18
18
35
35
35
35
18
18
35
35
18
18
35
18
35
18
17
17
17
17
17
17
17
17
17
17
17
17
17
17
17
17
17
17
17
17
17
17
17
17
17
17
17
17
17
1
1
17
1
17
17
34
18
34
34
34
34
34
34
34
34
34
34
1
34
1
1
1
1
1
1
1
1
1
1
1
1
1
1
1
1
1
1
1
1
1
1
1
1
1
20
20
20
20
20
20
20
20
20
20
20
20
20
20
20
20
20
20
20
20
20
20
20
20
20
42
42
20
20
42
20
29
29
29
29
29
29
5
5
5
29
29
29
29
29
29
5
5
5
5
5
29
5
29
5
29
29
5
5
29
29
5
5
29
5
5
5
5
5
5
5
29
5
5
2
2
5
2
2
2
2
5
2
2
2
2
0
2
2
2
0
2
0
0
0
2
0
0
7
7
7
7
7
0
7
7
7
33
33
33
33
33
33
33
33
33
33
33
33
33
33
33
33
33
33
33
24
24
24
24
24
24
24
24
24
24
24
24
24
19
19
19
19
19
19
19
19
19
19
19
19
19
19
19
19
16
16
16
16
16
16
27
10
10
10
10
10
10
10
10
10
10
10
10
10
27
27
27
27
27
27
27
27
27
27
27
27
27
27
27
27
27
27
27
16
16
16
16
16
16
16
16
23
16
16
6
6
26
6
6
6
6
6
6
25
25
25
25
25
25
25
25
25
25
25
25
25
25
25
25
25
25
25
25
38
38
38
38
38
38
38
38
38
38
38
38
38
38
38
38
38
38
38
38
38
38
26
38
38
38
38
26
38
26
26
26
26
26
26
26
23
23
23
26
26
26
26
26
26
26
26
26
26
26
26
26
26
26
26
26
26
26
26
26
26
26
26
26
36
36
26
26
26
36
36
36
36
36
36
36
36
36
36
15
36
15
36
36
37
37
37
37
37
37
41
37
43
42
23
37
39
42
41
21
41
23
37
41
37
37
37
37
37
37
37
37
37
37
37
41
41
41
41
41
41
41
41
41
41
41
41
41
41
41
41
41
41
41
41
41
41
41
41
40
41
40
40
40
40
40
40
40
40
40
40
40
40
40
40
40
40
40
40
40
40
21
21
39
39
30
39
39
21
21
39
21
21
21
30
21
30
21
30
30
21
30
30
39
39
39
30
30
30
39
30
30
30
30
39
39
39
39
39
39
39
39
39
39
39
39
39
39
39
39
39
30
39
39
39
39
39
39
39
39
39
39
39
39
39
39
39
39
39
39
39
39
39
39
39
39
39
39
39
39
39
23
39
39
23
39
39
39
39
39
39
