4
4
4
4
4
4
4
4
4
4
4
4
4
4
4
3
6
3
4
4
11
32
4
4
14
43
4
31
14
31
31
31
11
31
31
14
14
31
32
14
14
14
14
14
14
14
14
14
14
14
14
14
14
14
14
14
14
14
14
14
11
14
14
14
14
14
14
14
14
14
14
14
11
14
14
11
11
11
11
11
11
14
11
11
11
14
11
11
11
11
23
3
14
4
23
23
23
18
18
17
11
18
18
18
23
18
18
18
18
18
18
18
18
18
18
18
18
18
35
35
18
35
35
35
35
35
35
35
35
35
35
35
35
35
35
35
17
35
17
17
17
23
17
17
23
23
17
17
23
17
17
17
23
23
3
17
23
23
23
23
23
23
23
23
1
1
8
8
8
8
4
17
20
4
4
4
8
8
8
8
34
1
1
1
1
1
1
1
1
1
1
1
1
1
1
1
1
1
1
1
1
1
1
1
1
1
1
1
1
1
1
1
1
1
1
20
20
20
20
20
20
20
20
20
20
20
20
20
42
42
42
42
42
42
42
42
42
42
42
42
29
29
29
29
29
29
29
29
5
5
29
29
29
29
29
29
5
5
5
5
5
29
29
29
5
29
29
5
5
5
29
29
5
5
29
29
5
5
29
29
29
29
29
29
5
5
29
5
5
5
29
5
5
5
29
5
5
5
5
5
5
5
5
5
5
5
5
2
0
0
2
2
2
0
7
33
7
33
33
33
33
33
33
33
33
33
33
33
33
33
24
33
33
33
33
33
33
33
24
24
24
24
24
24
24
24
24
33
24
24
24
24
24
24
24
24
24
24
19
19
19
19
19
19
19
19
19
19
19
19
19
19
19
19
19
19
19
19
19
10
19
19
27
27
27
10
10
10
10
10
10
10
10
10
10
27
27
27
27
27
27
27
27
27
27
27
27
27
27
27
27
27
27
27
16
16
16
16
16
16
16
16
16
16
16
16
16
16
16
16
16
16
16
16
16
16
16
16
16
6
6
25
25
25
6
6
6
6
25
25
25
25
25
25
25
6
25
25
25
25
25
25
25
25
25
25
25
25
25
25
25
25
25
25
25
25
25
25
38
38
38
38
38
38
38
38
38
38
38
38
38
38
38
38
26
26
26
38
38
26
26
38
38
26
26
26
26
26
26
26
26
26
26
26
26
26
26
26
26
26
26
26
26
36
26
26
26
26
36
26
36
36
36
26
36
36
36
36
36
36
36
36
36
36
36
36
36
36
36
36
36
36
36
36
36
36
36
36
36
30
26
37
37
37
37
37
6
39
39
37
37
37
37
37
37
37
37
37
39
30
30
37
30
30
30
37
39
39
30
37
31
39
37
41
37
30
39
36
41
41
41
41
41
40
41
41
41
40
41
40
41
40
40
41
40
40
40
40
41
40
41
40
40
40
40
40
40
40
40
40
40
40
40
40
40
40
40
40
40
40
40
40
40
40
40
40
40
40
40
40
40
40
40
40
40
40
40
40
40
21
21
21
30
30
39
39
30
39
39
39
39
30
30
30
30
30
30
30
30
30
30
30
30
30
30
30
39
39
39
39
30
39
39
39
39
39
39
39
39
39
39
39
39
39
39
39
39
39
39
39
39
39
39
39
39
39
39
39
39
39
39
39
39
39
39
39
39
39
39
