4
4
4
4
4
4
4
4
4
4
4
4
4
4
4
4
4
4
4
4
4
4
4
4
4
4
4
4
4
4
4
4
4
12
4
4
12
12
4
12
12
12
12
3
3
3
3
22
22
3
22
12
12
22
12
3
12
22
12
12
12
12
22
3
3
12
12
22
12
12
12
12
12
12
12
12
22
12
12
12
23
12
12
12
12
12
12
12
12
22
12
12
12
12
12
12
12
23
23
12
23
39
12
12
12
12
12
12
12
12
12
4
4
4
4
23
23
4
4
12
12
12
4
12
12
18
11
18
12
12
11
18
43
43
43
31
31
43
43
18
23
4
18
18
43
4
4
4
4
43
43
43
43
43
43
4
4
4
43
43
43
43
43
43
43
43
43
43
31
31
31
43
43
43
43
43
43
43
31
31
14
14
32
14
14
14
14
14
14
14
14
14
14
14
14
14
14
14
14
14
14
14
14
14
14
14
14
14
14
14
14
14
14
14
14
14
14
14
14
14
14
14
14
14
14
14
14
14
14
14
14
14
14
14
14
14
11
14
11
14
11
14
11
11
11
11
11
11
11
11
23
23
11
18
17
18
18
18
18
18
18
18
18
18
18
18
18
18
18
35
35
18
35
35
35
35
35
35
35
35
35
35
17
17
35
35
35
35
17
17
17
17
17
17
17
17
17
17
17
17
17
17
17
17
17
17
17
3
17
3
3
3
3
3
3
3
3
3
34
8
8
1
1
1
1
1
34
34
18
34
34
34
34
34
34
34
34
34
34
34
1
1
1
1
1
1
1
1
1
1
1
20
20
1
1
1
20
1
20
1
20
20
1
1
20
20
20
20
20
20
20
20
20
20
20
20
20
20
20
20
20
20
20
42
42
42
20
42
42
42
42
42
42
42
42
29
29
29
29
29
29
5
5
29
2
29
29
29
5
2
29
29
5
5
5
5
5
5
5
5
5
5
5
5
5
5
5
5
5
5
5
5
2
5
5
5
2
2
2
2
2
2
2
2
2
2
2
2
2
2
2
2
0
2
2
2
0
2
0
0
0
2
7
7
7
0
0
0
7
0
7
7
33
33
33
33
33
33
33
33
33
33
33
33
33
33
33
33
33
33
33
33
33
33
33
33
24
24
24
24
24
24
24
24
24
24
19
19
19
19
19
19
19
19
19
19
19
19
19
19
19
19
19
19
19
19
19
19
19
19
19
19
19
19
19
19
19
19
19
19
19
10
10
19
10
10
10
10
27
27
27
27
27
27
27
27
27
27
27
27
27
27
27
10
10
27
27
24
23
16
23
16
16
16
16
23
23
16
16
23
23
16
16
6
6
6
6
6
6
6
6
6
6
25
25
25
25
25
25
25
25
25
25
25
25
25
25
25
25
25
25
25
25
25
25
25
25
25
25
38
38
38
38
38
38
38
38
38
38
38
38
38
38
38
38
38
38
38
38
38
38
38
38
38
38
38
38
26
26
26
26
26
26
26
36
36
36
36
36
36
36
36
36
36
36
36
36
36
36
36
36
36
36
36
36
36
36
36
36
36
36
36
36
36
36
36
36
36
36
36
36
36
36
36
36
36
36
36
36
36
36
36
37
37
37
37
37
39
39
39
37
37
37
41
40
41
41
41
41
41
41
37
37
41
41
37
41
41
41
41
41
41
41
41
41
40
41
41
41
41
40
40
40
40
40
40
40
40
40
40
40
40
40
40
40
40
40
40
40
40
40
39
39
40
40
39
39
39
30
39
30
30
30
30
30
30
30
30
30
30
30
30
39
39
39
39
39
39
39
39
39
39
39
39
39
39
39
39
39
39
39
39
39
39
39
39
39
39
39
39
39
39
39
39
39
39
39
39
39
39
39
39
39
