4
4
4
4
4
4
4
4
4
4
4
4
4
4
4
4
4
4
4
43
4
43
31
4
31
31
32
31
14
14
14
14
14
14
14
14
14
14
14
14
14
14
14
14
14
14
14
14
14
14
14
14
14
14
14
14
14
14
14
14
14
14
14
14
14
14
14
14
14
14
14
14
14
14
14
14
14
14
14
14
14
14
14
11
11
11
11
11
11
11
11
11
11
11
18
18
18
18
18
18
18
18
18
18
18
18
18
18
18
35
35
35
18
18
18
35
35
35
35
35
35
35
35
35
35
35
35
35
35
35
35
17
17
17
17
17
17
3
17
17
17
17
17
17
17
3
3
3
3
3
3
3
3
3
3
3
3
3
8
8
8
8
8
8
8
11
18
4
8
4
8
18
4
8
4
4
4
4
8
5
2
2
2
29
5
2
2
5
0
5
5
2
1
1
1
1
1
1
20
29
20
29
29
29
1
1
20
1
1
1
1
1
1
1
1
1
1
1
1
1
1
1
1
1
1
1
1
1
1
1
1
1
1
1
1
1
1
1
1
1
1
1
1
20
20
20
20
20
1
20
20
20
20
20
1
20
20
20
42
20
20
20
42
42
42
42
42
42
29
29
29
29
29
29
29
5
5
5
5
5
5
5
29
2
5
5
5
5
5
5
5
2
2
5
5
2
2
2
5
2
2
2
5
2
2
2
2
5
2
2
2
2
2
2
2
2
0
0
2
2
0
0
2
2
0
0
0
2
0
0
0
0
0
0
0
2
0
7
7
2
0
7
7
33
7
33
33
33
33
33
33
33
33
33
33
33
33
33
33
33
24
24
24
24
24
24
24
24
24
24
24
24
24
43
24
24
24
24
19
19
19
19
19
19
19
19
19
19
19
19
19
19
19
19
19
19
19
19
19
19
19
19
19
19
19
19
10
19
19
10
10
10
10
10
10
19
27
27
27
27
27
27
27
27
27
27
27
27
27
27
27
27
27
27
27
27
27
43
43
24
43
16
16
16
16
16
16
16
16
16
16
6
6
6
6
6
6
6
6
6
25
25
25
25
25
25
25
25
25
25
25
25
25
25
25
25
25
25
25
25
38
38
38
38
38
38
38
38
38
38
38
38
38
38
38
38
26
38
38
38
26
38
38
38
26
38
38
38
26
38
38
26
26
26
26
26
26
26
26
26
26
26
26
26
26
26
26
26
26
26
26
26
26
26
26
26
26
9
26
26
26
9
36
36
36
36
36
36
36
36
36
36
36
36
36
36
36
15
15
15
15
15
15
37
37
37
37
37
37
37
37
37
37
37
37
37
37
37
37
37
37
41
41
41
41
41
41
41
41
41
41
41
41
40
41
41
40
40
40
40
40
40
40
40
40
40
40
40
40
40
40
40
40
40
40
40
40
21
21
40
21
21
21
21
21
21
21
21
21
21
21
21
21
21
21
21
21
21
21
30
21
21
21
21
21
21
21
21
21
21
21
21
21
21
21
21
21
21
30
30
30
21
30
30
30
39
30
30
30
30
30
30
30
30
30
30
30
30
30
30
30
30
30
30
30
30
30
30
30
30
39
30
39
30
30
30
30
30
30
30
39
39
39
39
39
39
39
39
39
39
39
39
39
39
39
39
39
39
39
39
39
39
39
23
39
39
39
39
39
39
39
39
39
39
39
39
39
39
39
39
39
39
39
39
39
39
39
23
23
39
23
23
23
23
23
23
23
39
23
23
23
23
23
23
23
23
23
23
23
23
23
23
23
39
23
23
23
23
23
23
23
23
23
23
23
23
