3
3
3
3
3
3
3
3
3
3
4
4
4
4
4
4
4
4
4
4
4
4
4
4
4
4
4
4
4
4
4
4
4
4
4
4
4
4
4
4
4
4
4
4
4
4
4
4
4
4
4
4
4
4
4
4
4
4
4
4
4
4
4
4
4
4
4
4
4
4
4
4
4
43
43
4
4
4
43
43
43
43
43
31
31
31
31
31
32
32
14
32
31
32
14
32
31
31
14
32
32
32
14
32
32
32
14
32
32
32
14
14
14
14
14
14
14
14
14
14
14
14
14
14
14
14
14
14
14
14
14
14
14
14
14
14
14
14
14
14
14
14
14
14
14
11
11
11
11
11
11
11
11
11
18
18
18
18
18
18
18
18
18
18
18
18
18
18
18
35
35
18
18
35
35
35
18
18
18
18
18
35
18
18
18
35
35
35
18
35
18
18
35
17
17
17
17
35
17
17
18
17
17
17
17
17
17
17
17
17
17
17
17
17
17
3
3
3
17
3
3
3
3
3
3
3
3
3
3
1
1
8
11
8
8
17
34
8
34
18
34
34
34
34
34
34
34
1
1
1
1
1
20
1
42
1
1
1
1
1
20
1
1
20
20
1
1
1
20
1
1
1
20
20
20
20
20
20
1
20
20
20
1
20
20
20
20
20
20
20
20
20
20
20
20
20
20
20
20
42
20
20
20
42
20
29
29
29
29
29
20
2
5
5
29
2
5
5
5
5
5
5
5
5
5
5
5
2
5
5
5
2
2
5
5
2
2
2
5
2
2
2
2
2
2
2
2
2
2
2
2
2
2
2
2
0
0
0
2
2
2
0
0
0
0
0
0
0
0
0
0
0
7
7
7
7
7
7
2
0
2
0
7
33
7
33
33
33
33
33
33
33
33
33
33
33
33
33
33
33
33
33
24
33
24
24
24
24
24
24
24
24
24
24
24
24
24
24
24
24
24
24
24
24
19
19
19
19
19
19
19
19
19
19
19
19
19
19
19
19
19
19
27
19
10
19
10
10
43
43
43
43
16
16
16
16
27
27
27
27
10
27
10
10
10
10
27
27
27
27
27
27
27
27
27
27
27
27
27
27
27
27
27
27
27
27
27
27
27
27
27
27
16
16
16
16
16
16
16
16
16
16
16
16
6
6
6
6
6
6
6
6
26
6
26
26
25
25
25
25
25
25
25
25
25
25
25
25
25
25
25
25
25
25
38
38
38
38
38
38
38
38
26
26
26
26
26
26
26
26
26
26
26
26
26
26
26
26
26
26
26
26
26
26
26
26
26
26
26
26
9
26
26
26
9
26
26
26
36
26
26
26
36
26
26
9
36
26
26
9
36
9
36
36
36
36
36
36
36
36
36
36
36
36
36
36
36
36
36
36
36
36
36
36
36
36
15
15
15
36
15
15
37
37
37
37
37
37
37
37
37
37
37
37
41
37
37
41
41
37
37
37
41
41
41
41
41
41
41
41
41
41
41
41
40
40
40
40
40
40
40
40
40
40
40
40
40
40
40
40
40
40
40
40
40
40
40
40
40
40
40
21
21
21
21
21
21
21
21
21
21
21
21
21
21
21
30
30
30
30
30
30
30
30
21
21
30
30
30
30
39
30
30
30
21
30
30
30
30
30
30
30
30
39
39
30
30
39
39
39
39
39
39
39
39
39
30
30
39
39
39
39
39
39
39
39
39
39
30
39
39
39
39
39
39
39
39
39
39
39
39
39
39
39
39
39
39
39
39
39
39
39
39
39
39
39
39
39
39
39
23
23
23
23
39
23
23
23
39
39
39
39
