4
4
4
4
4
4
4
4
4
43
4
4
4
4
31
4
4
14
4
4
4
31
31
31
31
31
31
31
31
31
11
31
31
14
31
31
32
32
14
14
14
14
14
31
14
31
14
31
14
14
14
14
14
14
14
14
14
14
14
11
14
14
14
11
14
11
14
11
14
14
14
14
14
14
14
11
14
11
14
11
14
11
14
11
11
11
14
11
11
11
11
11
11
11
11
11
4
43
43
43
18
18
31
18
31
18
35
35
35
35
35
34
35
35
35
4
35
35
18
31
31
18
18
31
31
18
11
31
31
18
1
32
14
32
11
32
32
11
11
14
11
11
11
14
11
11
14
14
14
11
11
11
11
11
11
11
11
11
11
11
11
11
11
17
11
11
11
11
11
8
8
8
34
8
8
17
18
18
34
34
34
34
34
34
1
1
1
1
1
1
1
1
1
1
1
1
1
1
1
1
1
1
1
1
1
1
1
1
1
1
1
20
1
1
20
20
1
20
20
20
20
20
20
20
20
20
20
20
20
20
42
42
42
42
42
42
42
42
42
42
42
42
29
29
29
29
29
29
5
5
5
5
5
5
5
29
5
5
5
5
5
5
5
5
5
5
5
5
5
5
5
5
5
5
2
5
5
5
2
5
2
5
2
5
2
2
2
2
2
2
2
2
2
2
2
2
2
0
0
0
0
0
0
0
0
0
0
0
0
7
7
7
7
7
7
0
0
7
7
7
7
7
7
7
7
33
33
33
33
33
33
33
33
33
33
33
33
33
33
24
33
33
24
24
24
24
24
24
24
24
24
24
24
24
24
24
24
24
16
16
24
24
24
19
19
19
19
19
10
19
19
19
19
19
19
19
10
27
27
27
19
27
27
10
10
10
10
10
10
10
10
10
10
10
10
10
27
27
27
27
27
27
27
27
27
27
27
27
27
27
27
27
27
27
27
27
16
16
16
16
16
16
16
16
16
6
6
6
6
25
6
6
6
6
6
25
25
25
25
25
25
25
25
25
25
25
25
25
25
25
25
25
25
25
25
25
25
25
25
25
25
25
25
25
25
25
25
25
25
25
38
38
38
38
38
38
38
38
38
38
26
38
38
26
26
26
26
26
26
26
26
26
26
26
26
26
26
26
26
26
26
26
26
26
26
26
26
26
26
26
26
26
26
26
26
26
26
26
26
26
26
26
26
26
26
26
36
26
26
9
9
26
26
9
36
36
36
36
36
36
9
36
36
36
36
36
36
36
36
15
15
15
15
15
15
15
15
15
37
15
37
37
37
37
37
37
37
37
37
37
37
37
37
41
41
41
41
41
41
41
41
41
41
41
41
41
41
41
41
41
41
40
40
40
40
40
40
40
40
40
40
40
40
40
40
40
40
40
40
40
40
40
40
21
30
21
21
30
21
21
30
21
21
21
21
21
21
21
21
21
21
30
30
21
21
21
21
21
21
21
21
21
21
21
21
21
21
21
21
21
21
21
21
30
30
21
21
21
21
21
21
21
21
21
21
21
21
21
30
21
30
30
21
21
30
30
30
30
30
30
30
30
30
30
30
30
30
30
30
30
30
30
30
30
30
30
30
30
30
30
30
30
30
30
39
30
39
39
39
39
39
39
39
39
39
39
39
39
39
39
39
39
39
39
39
39
39
39
39
39
39
39
39
39
39
39
39
39
39
39
39
39
39
39
39
