3
3
3
3
3
3
3
3
3
4
4
3
3
4
4
3
3
3
4
4
3
3
3
3
3
4
3
3
4
4
8
4
8
3
3
3
3
3
3
3
4
4
3
4
3
3
3
3
3
3
3
3
3
3
4
4
4
4
4
3
4
4
3
4
4
4
4
4
4
4
4
4
4
4
4
4
4
4
4
4
4
4
43
43
4
43
43
43
43
4
4
4
43
4
4
4
4
43
32
43
14
43
31
14
31
31
4
11
14
43
11
11
14
14
31
14
43
31
14
43
14
31
31
14
14
31
31
31
11
31
31
31
14
43
4
43
43
4
43
31
14
43
31
31
14
11
14
1
11
1
1
1
23
23
1
1
1
1
1
1
23
20
20
1
23
23
1
1
23
23
1
1
23
20
20
20
20
20
20
20
23
42
42
20
42
20
11
1
20
11
14
11
23
11
11
42
11
11
11
42
42
11
29
29
29
11
11
11
18
18
11
18
18
18
18
18
18
18
35
18
18
18
18
18
35
35
35
18
18
35
35
35
35
35
35
35
35
35
35
35
35
17
17
17
35
17
17
17
35
17
17
17
35
17
17
17
17
17
17
17
17
17
17
17
17
17
3
3
17
17
17
3
20
14
11
11
13
11
17
8
34
34
34
18
43
20
5
34
34
34
34
34
34
34
1
1
1
1
1
1
1
1
1
1
1
1
1
1
1
1
1
1
1
1
1
1
1
1
1
20
20
20
20
20
20
20
20
1
23
23
23
23
23
23
23
23
23
23
23
23
23
23
23
23
23
42
23
23
23
23
42
42
23
29
29
29
29
29
20
5
5
2
2
2
5
5
5
5
5
5
5
5
5
2
5
5
5
2
5
5
5
2
5
2
2
2
2
2
2
2
2
2
2
2
2
2
2
2
2
2
2
0
0
2
2
2
2
2
0
0
0
0
0
0
0
0
0
0
0
0
7
7
7
7
7
7
7
7
7
33
33
33
33
33
33
33
33
33
33
33
33
33
33
33
33
33
24
33
24
24
24
24
24
24
24
33
3
24
24
24
24
24
24
24
24
24
19
19
19
19
19
19
19
19
19
19
19
19
19
19
10
10
10
10
10
19
19
19
10
10
10
19
10
10
10
10
27
27
27
27
27
27
27
27
27
27
27
27
27
27
27
27
27
27
27
16
16
16
16
16
16
16
41
41
41
41
38
25
25
41
6
41
25
41
6
6
6
6
6
6
6
6
6
6
6
6
6
6
6
6
6
6
6
6
6
6
6
6
6
6
6
6
6
6
6
6
6
6
25
25
25
25
25
25
25
25
25
25
25
25
25
25
25
25
25
25
25
25
25
25
25
25
25
38
38
38
38
38
38
38
38
38
38
38
38
38
26
38
38
38
38
26
38
38
26
26
38
38
26
26
38
38
26
26
26
26
26
26
26
26
26
26
26
26
26
26
26
26
26
26
26
36
36
36
36
36
36
36
36
36
36
36
36
36
36
36
36
36
36
36
36
36
15
15
36
36
15
15
36
15
15
30
39
15
15
15
15
37
37
37
37
37
37
37
37
37
37
37
37
37
41
41
41
41
41
41
41
41
41
41
41
41
41
40
40
40
40
40
40
40
40
40
40
40
40
40
40
40
40
40
40
40
40
40
40
40
40
40
21
21
21
21
21
21
30
21
21
21
21
21
21
21
21
21
21
21
21
30
30
21
21
21
30
21
39
30
30
21
30
30
30
21
30
30
21
21
30
30
30
21
30
39
21
39
30
39
39
39
39
30
39
39
30
30
39
39
39
30
39
39
30
30
39
39
30
30
39
39
39
39
39
39
39
39
39
39
39
39
39
39
39
39
39
39
39
39
39
39
39
39
39
39
39
39
39
39
39
39
39
39
39
39
39
39
39
39
39
39
39
