4
4
4
4
4
4
4
4
4
4
4
4
4
4
4
4
4
4
4
4
4
4
4
4
4
4
4
4
4
4
4
4
4
4
43
4
43
31
31
31
31
14
14
3
32
14
11
11
11
14
14
11
14
14
14
14
14
14
29
29
32
31
11
32
32
31
32
31
31
31
31
43
31
31
31
23
31
23
31
31
14
4
31
11
1
1
11
11
20
14
11
11
20
11
14
14
5
31
14
14
11
11
11
14
11
4
14
11
11
14
14
14
1
14
14
14
11
14
11
11
11
11
11
11
11
11
14
14
11
11
11
11
11
11
11
11
11
11
11
11
23
23
23
18
18
18
18
18
18
18
18
18
18
18
18
18
17
18
35
17
17
17
17
17
17
35
18
17
17
17
17
17
17
17
17
17
17
17
17
17
17
17
17
17
17
17
17
17
17
17
17
17
3
3
17
3
3
3
3
3
3
3
3
3
8
8
8
8
8
8
8
8
8
23
8
8
8
18
4
8
8
8
34
34
34
34
34
1
1
1
1
1
1
1
1
1
1
1
1
1
1
1
1
1
1
1
1
1
1
1
1
1
1
1
1
1
1
1
1
20
20
20
20
20
1
20
20
20
20
20
20
20
20
42
20
20
20
20
20
42
42
42
20
20
20
42
20
42
29
29
29
29
29
29
29
29
29
29
29
29
5
29
29
29
29
29
29
29
29
29
29
29
29
29
29
29
29
29
29
29
5
5
29
29
29
29
29
29
29
29
29
29
5
29
29
29
29
29
29
2
2
2
23
2
2
2
2
2
0
2
2
7
7
7
2
0
0
7
0
0
0
7
0
0
0
0
2
0
0
0
2
2
0
7
2
2
0
7
0
0
0
0
2
2
0
0
0
0
0
0
2
0
0
7
0
0
0
0
0
0
0
7
0
0
0
7
0
0
0
7
0
0
0
7
0
0
0
7
0
7
7
7
7
7
7
7
7
7
33
33
33
33
33
33
33
33
33
33
33
33
33
33
24
24
24
24
24
24
24
24
24
24
24
24
24
33
24
24
24
24
16
24
24
24
24
24
19
19
19
19
19
19
19
19
19
19
19
19
19
19
19
19
19
19
19
19
10
19
19
10
19
10
27
10
27
27
27
27
27
27
27
27
27
27
27
27
27
27
27
27
27
27
27
27
27
27
27
19
19
19
10
10
10
19
19
19
27
27
27
27
27
19
19
27
27
19
19
19
16
27
27
27
27
27
27
27
27
27
27
27
27
27
27
27
27
27
27
27
27
27
27
27
27
27
27
27
28
28
43
6
39
39
6
6
6
6
6
26
26
26
26
26
26
26
26
26
25
25
25
25
25
25
25
25
25
25
25
25
25
25
25
25
25
25
25
25
25
25
38
38
38
38
38
38
38
38
38
38
38
38
38
38
38
38
26
26
26
38
26
38
38
38
26
26
26
38
26
26
26
26
26
26
26
26
26
26
26
26
26
26
26
26
26
26
26
36
36
36
36
36
36
36
36
36
36
36
36
36
36
36
36
36
36
36
36
36
36
36
36
36
36
36
36
36
36
15
39
36
36
15
37
37
37
37
36
37
37
37
37
37
37
37
37
37
41
41
41
41
41
41
41
41
41
41
41
41
41
41
41
41
41
41
41
41
41
41
41
41
40
40
40
41
41
40
40
40
40
40
41
40
40
40
41
40
40
40
40
40
40
40
40
40
40
40
40
40
40
40
40
40
40
40
40
40
40
40
40
40
40
21
40
40
30
30
30
30
30
39
39
39
39
39
39
30
30
30
30
30
30
30
30
30
30
30
30
30
30
30
39
39
39
39
39
39
39
39
39
39
39
39
39
39
39
39
39
39
39
39
39
39
39
39
39
39
39
39
39
39
39
39
39
39
39
39
39
39
39
39
39
39
39
