3
3
3
3
3
3
3
3
3
3
3
3
3
3
3
3
3
3
3
3
3
3
3
3
3
3
3
3
3
3
3
3
4
3
3
3
3
3
3
4
4
4
3
3
4
4
4
4
4
4
4
4
4
4
4
4
4
4
4
4
4
4
4
4
4
4
4
4
4
4
4
4
4
4
4
4
4
4
4
4
4
4
4
4
4
4
4
4
4
43
43
4
43
43
43
43
43
43
43
43
43
43
43
43
43
43
43
43
43
43
43
43
4
4
31
31
31
31
31
31
14
31
31
31
14
31
32
14
14
14
14
14
23
14
14
14
14
14
14
14
14
14
14
11
14
14
14
14
14
14
11
11
14
14
14
11
14
11
11
11
14
11
14
11
14
11
11
11
11
11
11
11
14
11
11
11
14
11
11
14
14
11
11
11
11
11
11
18
18
18
18
18
18
18
18
18
18
18
18
18
18
18
18
18
35
18
18
35
35
35
35
35
35
17
35
17
17
17
35
17
17
17
17
35
17
17
17
17
17
17
17
17
17
17
17
17
17
17
17
17
17
17
17
17
17
17
17
17
17
17
23
3
3
3
17
17
3
23
23
8
8
8
8
23
18
18
18
34
34
34
34
34
34
34
34
34
34
24
23
20
20
22
5
1
1
1
1
1
1
1
1
1
1
1
20
42
1
20
20
1
1
20
1
20
1
1
1
20
1
20
20
20
20
20
20
20
20
20
20
20
20
20
20
20
20
20
20
42
20
20
42
42
42
42
42
42
42
42
42
42
42
42
42
29
29
29
29
29
29
2
5
2
0
2
5
5
2
29
29
5
2
5
0
2
2
2
2
2
0
2
5
2
2
2
2
2
0
0
2
2
0
0
2
2
0
0
2
2
0
0
2
2
7
0
2
0
7
0
2
2
7
0
2
2
7
7
0
0
7
7
29
7
7
7
5
0
7
33
24
33
33
33
33
33
33
33
33
33
24
33
33
24
24
24
33
24
24
24
24
24
24
24
24
24
24
24
24
24
19
19
19
19
19
19
19
19
19
19
19
19
19
19
19
19
19
19
19
19
10
19
19
19
10
10
10
10
10
10
27
27
27
27
27
27
27
27
27
27
27
27
27
27
27
27
27
27
24
16
16
16
16
16
16
16
16
16
16
16
16
16
10
19
27
27
27
16
16
16
16
16
16
16
16
6
6
6
6
6
6
6
6
6
6
25
25
25
25
25
25
25
25
25
25
25
25
25
25
25
25
25
25
38
38
38
38
38
38
38
38
38
38
38
26
38
38
38
38
38
26
38
38
38
26
38
38
38
26
38
38
38
26
38
38
26
26
26
26
26
36
36
36
9
36
36
36
36
36
36
36
36
36
36
36
36
36
36
36
36
36
36
36
36
36
36
36
36
36
36
36
36
36
36
36
36
36
36
36
36
36
37
37
36
39
37
15
37
37
37
37
37
37
37
37
37
37
37
37
37
37
37
37
37
37
37
41
41
41
41
41
41
41
41
41
41
41
41
41
41
41
41
41
40
40
40
40
40
40
40
40
40
40
40
40
40
40
40
40
40
40
40
40
40
40
21
21
21
40
21
21
21
21
40
21
21
21
21
21
21
21
21
21
21
21
21
21
21
39
40
21
21
21
21
21
21
21
21
21
21
40
21
21
21
21
21
21
21
39
40
30
30
39
39
39
30
30
30
30
30
30
30
30
30
30
30
30
30
30
30
30
30
30
30
30
39
39
39
39
39
30
39
39
39
39
39
39
39
39
39
39
39
39
39
39
39
39
39
39
39
39
39
39
39
39
23
23
39
39
39
39
23
39
39
39
39
