43
4
43
43
4
4
4
4
4
4
4
4
43
4
4
4
4
43
4
4
4
4
4
4
4
4
4
4
4
4
4
4
4
43
4
4
4
4
4
4
4
4
4
4
4
4
4
4
4
4
4
4
4
4
14
11
11
11
14
31
14
14
14
14
14
11
14
4
11
14
32
1
1
32
32
31
1
1
14
14
1
3
1
14
14
14
14
14
14
14
14
14
14
14
14
14
14
11
14
14
14
11
14
14
14
11
14
14
14
11
14
14
14
11
14
14
11
11
14
14
11
11
14
14
11
11
14
14
11
11
14
11
29
11
11
11
11
11
11
11
11
11
11
11
18
18
18
18
18
18
18
18
18
18
18
18
18
18
18
18
18
18
18
18
18
18
35
35
35
18
35
18
35
35
35
35
35
35
17
35
35
35
17
35
17
17
17
17
17
17
17
17
17
17
17
17
17
17
17
17
17
17
17
3
3
3
3
3
3
8
8
8
22
22
8
16
16
16
16
10
16
6
16
24
16
4
34
34
34
34
34
34
34
34
1
34
34
34
1
34
34
34
1
1
1
1
1
1
6
26
1
20
14
1
1
1
1
1
20
20
20
20
42
20
42
20
42
42
42
42
42
20
20
20
42
20
20
42
42
42
42
42
42
42
42
42
42
42
42
29
29
29
29
29
29
29
29
29
29
5
29
5
5
5
5
5
5
5
5
5
5
5
5
5
5
5
5
5
5
2
5
5
5
2
5
5
5
5
2
5
5
5
5
2
2
2
2
2
2
2
0
2
2
2
0
0
0
0
0
0
0
0
0
0
0
0
7
7
7
7
7
7
29
7
7
7
7
7
0
0
7
33
33
33
33
33
33
33
33
33
33
33
33
33
33
33
33
33
24
24
24
24
24
24
24
24
24
24
24
24
24
24
24
24
24
24
19
19
19
19
19
19
19
19
19
19
19
19
19
19
19
19
19
19
19
19
19
19
19
19
19
19
19
19
19
19
19
27
27
27
27
27
27
27
27
27
27
27
27
27
27
27
27
27
27
27
27
16
16
16
16
16
16
16
16
16
16
16
16
16
16
16
16
16
16
16
6
6
6
6
6
6
6
6
6
6
25
25
25
25
25
25
25
25
25
25
25
25
25
25
25
25
25
25
25
25
38
38
38
38
26
38
38
38
38
38
38
38
38
38
26
26
26
26
38
26
26
26
26
38
26
26
26
26
26
26
26
26
26
26
26
26
26
9
26
26
9
9
26
26
26
9
9
9
9
36
36
26
9
36
36
26
36
9
26
36
36
36
36
36
36
36
9
36
36
36
36
36
36
36
36
36
36
36
36
15
36
36
36
36
37
37
37
37
15
37
37
37
37
37
37
37
37
37
37
37
37
37
41
41
41
41
41
41
41
41
41
41
41
41
41
41
41
41
41
40
40
40
40
40
40
40
40
40
40
40
40
40
40
40
40
40
40
21
21
21
40
21
21
21
21
21
21
21
21
21
21
21
21
21
30
21
21
21
21
21
30
30
21
21
21
30
30
21
21
21
21
21
21
21
30
21
30
21
30
21
21
30
30
30
30
30
30
30
30
30
39
30
30
30
30
30
30
30
30
30
30
30
30
30
30
39
39
39
39
39
39
39
39
39
39
39
39
39
39
39
39
39
39
39
39
39
39
30
39
39
39
39
39
39
39
39
39
39
39
39
39
39
39
39
39
39
39
39
39
39
39
39
39
39
39
39
39
39
39
39
23
23
23
39
39
39
39
39
39
39
39
39
39
39
39
39
39
39
39
39
39
39
39
39
39
39
39
39
39
39
23
39
39
39
23
23
23
23
23
39
39
39
23
39
23
23
23
23
23
39
23
39
23
23
23
39
39
23
23
39
23
23
23
23
23
23
23
23
23
