4
4
4
4
4
24
24
24
24
4
4
4
4
4
4
4
4
4
4
4
4
4
4
4
4
4
4
4
4
4
4
4
4
4
4
4
4
4
4
4
23
4
4
4
31
14
32
14
14
32
32
14
32
32
32
32
14
14
14
14
14
14
14
14
14
14
14
14
14
14
14
14
14
14
14
14
14
14
14
14
14
11
14
14
14
14
14
14
14
14
14
11
14
11
14
14
14
11
11
11
14
14
14
14
14
14
14
14
14
11
11
11
11
11
11
11
11
11
18
18
18
18
17
18
18
18
18
18
18
35
35
35
18
35
35
18
18
35
35
18
35
35
35
35
35
35
35
35
35
35
17
35
17
35
35
35
17
17
17
17
17
17
17
17
3
3
3
3
3
3
17
3
3
3
3
3
3
3
3
3
3
3
3
3
3
23
17
8
22
23
34
23
8
17
17
17
34
34
34
1
34
34
1
1
1
1
1
1
1
1
1
1
1
1
1
1
1
1
1
1
1
1
1
1
1
1
1
1
1
1
1
1
1
1
1
1
20
1
1
1
20
1
20
1
20
20
20
20
20
20
42
20
42
20
20
20
42
20
29
29
29
29
29
29
29
5
29
29
29
5
29
29
29
5
5
5
5
5
5
5
5
5
29
5
5
5
29
5
5
5
29
5
29
5
29
5
5
5
29
5
5
2
5
5
2
5
5
5
5
5
5
5
5
2
5
5
2
2
5
2
2
2
2
2
2
0
2
0
0
0
2
29
7
7
7
7
7
7
7
7
7
33
33
33
33
33
33
33
33
33
33
33
33
33
24
24
24
24
24
24
24
24
24
24
24
24
24
24
24
24
24
16
24
16
23
24
24
24
24
24
24
24
24
24
24
19
19
19
19
19
19
19
19
19
19
19
19
19
19
19
27
27
27
27
27
27
27
27
27
27
27
27
27
10
27
10
10
10
10
10
10
10
10
27
27
27
27
27
27
27
27
27
27
27
27
27
27
27
27
27
27
27
27
27
27
27
27
16
16
16
16
16
16
16
16
16
16
16
6
6
6
6
6
6
6
6
6
25
25
25
25
25
25
6
6
25
25
6
25
25
25
25
25
25
25
25
25
25
25
25
25
25
25
25
25
25
25
25
38
38
38
38
38
38
38
38
38
38
38
38
38
38
38
38
38
26
26
38
38
26
38
38
38
26
26
26
26
26
26
26
26
26
26
26
26
9
26
26
9
9
9
9
9
36
9
9
36
36
36
36
36
36
36
36
36
36
36
36
36
36
36
36
36
36
36
36
36
36
36
36
36
36
36
36
36
36
15
15
15
15
15
15
37
37
37
37
36
36
36
36
36
37
37
25
23
23
37
37
37
37
41
41
41
41
41
41
41
37
41
41
41
41
41
41
41
41
41
41
41
37
41
41
41
41
40
41
41
41
40
40
40
40
40
40
40
40
40
40
40
40
40
41
41
40
40
40
40
40
40
40
40
40
40
40
40
40
40
40
40
40
40
40
40
40
40
21
21
21
21
21
21
21
21
21
21
21
21
21
21
21
21
21
21
21
21
21
21
21
21
21
30
21
30
30
30
39
30
39
39
30
30
30
30
30
30
30
30
30
30
30
39
30
30
30
30
30
39
39
30
39
39
39
39
39
39
39
39
39
39
39
39
39
39
39
39
39
39
39
39
39
39
39
39
39
39
39
23
39
39
39
39
39
23
39
39
39
39
39
