3
3
3
3
3
3
3
3
3
3
3
3
3
3
3
3
3
3
3
4
4
4
3
4
4
4
4
4
4
4
4
4
4
4
4
4
4
4
4
4
4
4
4
4
4
4
4
4
4
4
4
4
4
4
4
4
4
4
4
4
4
4
4
4
4
4
4
4
4
4
4
4
4
4
4
4
4
4
4
4
4
4
4
4
4
4
4
4
4
4
4
4
4
4
4
4
4
4
4
4
4
4
4
4
43
43
4
4
43
43
43
43
43
31
43
31
43
43
43
43
43
43
43
43
43
43
43
43
43
43
43
43
43
43
43
31
43
31
31
31
31
14
23
31
14
11
14
14
14
14
14
14
14
14
14
14
14
14
14
14
14
14
14
14
14
14
14
14
14
14
14
14
14
14
14
14
14
14
14
14
14
14
14
14
11
14
14
14
14
11
11
14
11
11
11
14
11
11
11
11
11
11
11
11
23
23
18
23
18
18
18
18
18
18
18
18
35
18
18
35
35
35
35
35
35
35
18
35
35
35
35
35
35
35
35
35
35
35
35
35
35
35
35
17
17
17
17
17
17
17
17
17
17
17
17
17
17
17
17
17
17
17
17
17
17
17
17
17
17
17
17
17
17
17
23
20
20
23
35
35
35
35
35
35
35
34
34
34
34
34
34
1
1
1
1
1
1
1
1
1
1
1
1
1
1
1
1
1
1
1
20
20
20
20
20
20
20
20
20
20
20
20
20
20
20
20
20
20
20
20
20
20
20
42
20
20
20
20
42
42
42
42
42
42
42
42
42
42
42
42
29
29
29
29
29
29
29
2
5
5
29
2
5
5
5
5
5
5
5
5
5
5
5
2
5
5
5
2
5
5
5
2
5
5
5
2
2
2
2
0
2
2
2
0
0
0
2
0
0
0
0
0
0
0
0
0
0
0
0
0
0
7
7
7
7
7
7
7
7
7
7
7
7
29
7
33
33
33
33
33
33
33
33
33
33
33
33
33
33
33
33
33
33
33
33
33
33
33
33
33
24
33
24
24
24
7
24
29
29
24
24
24
24
19
19
19
19
19
19
19
19
19
19
19
19
19
19
19
19
19
19
19
10
10
10
10
10
19
10
19
10
10
10
10
10
10
10
10
10
27
27
27
27
27
27
27
27
27
27
27
27
27
27
27
27
27
27
16
16
16
16
16
16
16
16
16
16
6
6
6
6
6
6
6
6
6
6
25
25
25
25
25
25
25
25
25
25
25
25
25
25
25
25
25
25
25
25
25
25
25
25
38
38
38
38
38
38
38
38
38
38
38
38
26
38
26
38
26
26
26
38
26
26
26
38
26
26
26
26
26
26
26
26
26
26
26
26
26
26
26
26
26
26
26
26
26
26
26
36
36
36
36
36
36
36
36
36
36
36
26
26
36
36
36
36
36
36
36
36
36
36
36
15
36
36
36
36
36
37
15
15
37
37
37
37
37
37
37
37
37
37
37
37
37
37
37
37
37
37
37
37
41
41
41
41
41
41
41
41
37
37
41
41
41
41
41
41
41
41
41
41
41
41
41
41
41
41
41
40
41
40
40
40
40
40
40
40
21
40
40
40
40
40
40
40
40
40
21
21
40
40
21
21
30
30
21
21
30
39
30
21
21
30
30
21
21
30
21
21
21
30
30
30
30
30
30
30
30
30
30
39
30
30
30
30
30
30
30
39
39
39
30
30
39
30
30
30
39
30
30
39
39
39
39
39
39
39
39
39
39
39
39
39
39
39
39
39
39
39
39
39
39
39
39
39
39
39
39
39
39
39
39
39
23
39
23
23
23
23
23
23
23
