4
4
4
4
4
4
4
4
4
4
4
4
4
4
4
4
4
4
4
4
4
4
4
4
4
4
4
4
4
4
4
4
4
4
4
4
4
4
4
43
4
4
4
43
43
31
4
11
31
31
11
31
32
31
32
31
31
31
11
32
31
31
31
11
14
31
32
32
14
14
11
11
14
32
14
14
14
32
14
14
14
14
14
14
14
14
14
14
14
14
14
14
14
14
14
14
14
11
11
11
11
11
11
11
11
11
18
11
11
11
18
11
23
18
18
18
18
18
18
18
18
18
18
18
18
18
18
18
18
18
18
18
18
23
18
18
18
23
18
18
18
23
18
18
23
23
23
8
3
3
3
3
3
3
3
3
3
3
23
23
3
3
3
3
3
3
3
3
3
3
3
3
3
23
23
23
29
29
5
23
3
23
1
20
23
23
23
1
23
1
1
1
1
1
23
1
1
1
23
23
23
23
23
23
23
1
23
23
23
23
23
23
23
20
23
23
23
23
23
23
42
29
42
42
42
42
42
42
42
42
42
42
42
42
42
42
42
42
42
42
42
42
42
42
29
29
29
29
29
5
2
2
2
2
2
2
2
2
2
2
2
2
2
2
2
2
2
2
2
2
2
2
2
2
2
2
2
2
2
2
2
2
2
0
2
2
0
0
2
2
2
2
0
0
0
0
0
0
0
0
0
0
0
0
2
0
0
0
0
0
0
7
7
7
0
0
0
7
7
33
33
33
33
33
33
33
33
33
33
33
33
33
33
33
33
33
33
33
33
24
24
24
24
24
24
24
23
23
23
18
18
18
18
16
24
24
24
19
19
19
19
19
19
19
19
19
19
19
19
19
19
19
19
19
19
19
19
19
16
16
16
16
19
19
19
19
27
10
10
19
10
10
10
10
10
10
27
27
27
27
27
27
27
27
27
27
27
27
27
27
27
27
27
27
27
27
27
27
27
19
19
19
19
19
19
19
27
19
19
27
27
27
27
27
16
16
16
16
16
16
16
16
16
16
16
16
16
6
6
6
6
6
6
6
6
26
25
25
25
25
25
25
25
25
25
25
25
25
25
25
25
25
25
25
25
25
38
38
38
38
38
38
38
38
38
38
38
38
38
38
38
38
38
38
38
38
38
38
38
38
38
38
38
38
38
38
38
38
38
26
26
26
26
26
26
26
26
26
26
26
26
26
26
26
26
26
26
26
26
26
9
9
26
9
26
26
36
36
36
9
9
9
36
9
36
36
36
9
9
36
36
36
36
36
15
36
36
36
15
15
15
15
15
15
37
37
37
37
37
37
37
37
37
41
37
37
37
37
37
37
41
41
41
37
41
41
41
41
41
41
41
41
41
41
41
41
41
41
41
40
41
41
41
41
40
40
40
40
40
40
40
40
40
40
40
40
40
40
40
40
40
40
40
21
30
21
21
21
21
21
30
21
21
21
21
21
21
21
21
21
21
21
30
21
21
21
21
21
21
21
21
21
21
21
21
21
21
21
21
21
21
21
21
30
21
30
30
21
30
30
30
30
30
30
30
30
30
30
30
30
30
30
30
30
30
30
30
30
30
30
30
30
30
30
30
39
39
39
39
39
39
39
39
39
39
39
39
39
39
39
39
39
39
39
39
39
39
39
39
39
39
39
39
39
39
39
39
39
39
39
39
39
39
39
