3
3
3
3
3
3
3
3
3
3
3
3
3
3
3
3
3
3
3
3
3
3
3
3
3
3
3
3
3
3
3
3
3
3
3
3
3
3
3
3
3
3
3
3
3
3
3
4
3
3
3
3
3
3
3
4
4
3
4
4
4
3
4
4
3
3
3
3
3
22
4
31
31
31
31
31
22
4
4
4
4
2
5
3
3
3
3
3
4
3
31
3
3
3
3
3
4
4
4
4
4
4
4
4
4
4
4
4
4
4
4
4
4
4
4
4
4
4
4
4
4
4
4
4
4
4
4
4
4
4
4
4
4
4
4
4
4
4
4
4
4
4
4
4
4
4
4
4
4
4
4
4
4
4
4
4
4
4
4
4
4
4
4
4
43
43
4
4
4
4
4
4
4
43
4
43
43
43
43
43
4
43
4
4
4
12
12
30
39
12
12
12
12
12
12
12
12
12
12
12
12
23
12
12
12
12
12
12
4
4
12
12
4
23
6
12
6
6
23
31
43
16
16
16
16
16
16
16
16
16
16
16
31
16
16
16
16
16
16
16
16
16
16
16
16
16
4
16
16
16
16
16
28
16
16
28
28
28
28
28
28
28
43
43
31
43
31
31
31
14
14
14
14
14
14
14
14
14
14
14
14
14
14
14
14
14
14
14
14
14
14
14
14
14
14
14
14
14
14
14
14
14
14
14
11
14
14
14
14
14
14
14
11
11
14
14
11
11
14
11
11
14
14
11
11
11
14
11
11
11
14
11
11
11
14
11
11
11
11
11
11
11
11
23
23
23
23
23
18
18
23
18
18
18
18
18
18
35
35
18
18
18
18
18
35
35
35
35
35
35
35
35
35
35
35
35
35
35
17
35
35
35
17
17
17
17
17
17
17
17
17
17
17
17
17
17
17
17
17
17
17
17
17
17
17
17
17
17
17
17
17
17
17
1
1
20
29
11
29
34
34
18
34
18
18
18
34
34
34
34
1
1
1
1
1
1
1
1
1
1
1
1
1
1
1
1
1
1
20
1
1
20
20
20
20
20
20
20
20
20
20
20
20
20
42
20
20
20
42
20
42
20
42
42
42
20
42
42
42
42
42
42
42
42
42
42
42
42
42
29
29
29
29
29
29
29
5
29
5
5
2
5
5
5
5
5
5
5
5
5
5
5
5
5
5
5
5
5
5
5
2
5
5
2
2
2
2
2
2
2
2
2
2
2
2
2
2
0
2
2
2
2
2
2
2
0
0
0
2
0
0
0
0
7
0
0
0
7
7
7
0
7
5
33
33
33
33
33
33
33
33
33
33
33
33
33
33
33
33
33
33
33
33
33
24
33
33
24
24
24
24
24
24
24
24
24
24
24
19
19
19
19
19
19
19
19
19
19
19
19
19
19
19
19
19
19
19
10
19
19
19
27
27
27
16
16
16
16
24
19
19
19
19
19
10
19
19
19
10
19
19
10
27
19
27
27
27
10
27
27
10
10
10
10
10
10
10
10
10
27
27
27
27
27
27
27
27
27
27
27
27
27
27
27
27
27
27
27
27
16
23
16
16
16
16
16
16
16
6
6
6
6
6
6
6
6
6
25
25
25
25
25
25
25
25
25
25
25
25
25
25
25
25
25
25
25
25
25
25
25
25
38
38
38
38
38
38
38
38
38
38
38
38
26
26
26
26
26
26
26
26
26
26
26
26
26
26
26
26
26
26
26
26
36
26
36
36
36
26
26
36
9
26
9
36
36
36
36
36
36
36
36
36
36
36
36
36
36
36
36
36
36
36
36
36
36
36
36
36
36
36
36
36
15
15
36
15
36
37
37
37
37
37
15
37
37
37
37
37
37
37
37
37
37
37
37
37
41
37
41
37
37
41
41
41
41
41
41
41
41
41
41
41
41
41
41
40
40
41
40
40
40
40
40
40
40
40
40
40
40
40
40
40
40
40
40
40
40
40
40
40
40
40
40
40
40
40
40
40
40
39
40
40
40
40
40
40
40
40
40
40
40
39
40
40
30
30
30
30
39
39
30
30
39
30
39
39
39
39
39
39
39
39
39
39
39
39
30
30
39
30
39
39
39
39
39
39
39
39
39
39
39
39
39
39
39
39
39
39
39
39
39
39
39
39
39
39
39
39
39
39
39
39
39
39
23
39
23
23
23
39
39
23
