4
4
4
4
4
4
4
4
4
4
4
4
4
11
4
4
4
11
4
4
4
11
11
4
4
11
11
4
31
32
31
31
31
11
11
1
14
14
14
11
14
14
14
11
14
14
14
11
14
14
14
11
14
14
14
11
14
14
14
11
14
14
14
11
14
11
14
11
14
11
14
23
23
11
11
11
11
11
11
11
11
11
11
11
11
11
18
23
18
18
18
18
18
18
18
18
18
18
18
18
18
18
18
18
18
18
18
18
18
18
18
18
18
18
18
23
18
18
18
23
23
23
23
17
23
23
23
23
23
23
23
17
23
23
23
23
23
23
23
23
23
23
23
23
23
23
23
23
23
23
11
31
31
31
31
5
23
23
23
23
23
23
1
18
1
1
1
1
11
31
31
1
1
1
1
1
1
1
1
1
1
1
1
1
1
1
1
1
1
1
1
1
1
1
1
1
1
1
1
1
1
1
1
1
20
1
1
1
1
1
20
20
1
20
20
20
20
20
20
20
42
20
20
42
20
20
20
20
5
5
20
29
5
5
5
5
5
5
5
5
5
5
34
5
5
5
5
5
5
5
5
5
5
5
5
23
5
5
5
23
5
2
2
2
2
2
2
2
5
2
5
2
2
2
2
2
2
2
2
2
2
2
2
2
2
2
2
2
2
2
2
2
2
23
23
2
2
2
2
23
7
33
7
33
33
33
33
33
33
33
33
33
33
33
33
33
33
33
24
24
24
24
24
24
24
24
24
24
11
11
23
23
24
24
24
24
19
19
19
19
19
19
19
19
19
19
19
19
19
19
19
19
27
27
19
19
19
10
10
10
10
10
10
10
10
10
10
27
27
27
27
27
27
27
27
27
27
27
27
19
10
10
10
19
19
10
10
10
10
10
10
19
27
27
27
27
27
27
27
27
27
27
27
19
19
23
16
16
16
16
16
16
16
16
16
16
16
16
16
16
16
6
6
6
6
6
6
6
6
6
25
25
25
25
25
25
25
25
25
25
25
25
25
25
25
25
25
25
25
25
25
25
25
25
25
25
25
38
38
38
38
38
38
38
38
38
38
38
38
38
38
38
38
26
26
38
38
26
26
38
38
26
26
38
38
26
26
26
26
26
26
26
26
26
26
26
26
26
26
26
9
26
26
9
36
36
36
36
26
36
36
36
36
36
36
36
36
36
36
36
36
36
36
36
36
36
36
36
36
36
36
36
36
36
15
15
15
15
15
15
37
37
37
37
37
37
37
37
37
37
37
37
37
37
37
37
41
41
41
41
41
41
41
41
41
41
41
41
40
41
40
41
40
40
40
40
40
40
40
40
40
40
40
40
40
40
40
40
40
40
40
13
21
30
21
21
21
21
21
21
21
21
21
21
21
21
21
21
21
21
21
21
21
21
21
21
21
21
21
21
21
21
21
21
21
21
21
21
21
21
21
12
30
21
21
30
21
30
30
30
30
30
30
30
30
30
30
30
30
30
30
30
30
30
30
30
30
30
30
30
30
30
30
30
30
30
39
39
39
39
39
30
30
30
39
39
39
39
39
39
39
39
39
39
39
39
39
39
39
39
39
39
39
39
39
39
39
39
39
39
39
39
39
