4
4
4
4
4
4
4
4
4
4
4
4
4
4
4
4
4
4
4
4
4
4
4
4
4
4
4
4
4
4
4
4
4
4
4
43
43
43
43
43
31
14
14
14
14
14
14
14
14
14
14
14
32
32
32
14
14
32
14
14
32
32
14
14
14
14
14
14
14
14
14
14
14
14
14
14
14
14
14
14
14
14
14
14
14
14
14
14
14
14
14
14
14
11
11
11
11
11
18
18
11
18
18
18
18
18
18
18
18
18
18
18
18
18
18
18
18
35
18
18
18
18
18
18
18
18
17
17
18
18
17
17
17
17
17
17
17
17
17
17
17
17
17
17
17
17
17
17
17
17
17
17
17
17
17
17
17
17
17
17
3
17
3
3
3
17
3
3
3
8
8
8
8
8
8
8
8
8
8
8
8
17
34
34
34
34
1
1
1
1
1
1
1
1
1
1
1
1
1
1
1
1
1
1
1
1
1
1
1
1
1
1
1
1
1
1
1
1
1
1
1
1
1
1
1
1
1
1
1
1
20
1
1
1
1
1
20
1
20
20
20
20
42
42
20
20
42
20
29
29
42
20
42
29
29
29
5
5
29
5
29
29
29
29
5
5
5
5
5
5
29
29
5
5
5
5
5
5
5
5
5
5
29
5
5
5
5
5
5
5
5
5
5
2
29
5
2
2
2
2
5
2
5
2
2
2
2
2
2
2
2
2
2
2
2
5
0
2
29
2
2
7
5
7
0
7
0
0
0
33
33
33
33
33
33
33
24
24
33
33
33
33
33
33
33
33
33
24
33
33
24
33
24
24
24
24
24
24
7
7
7
24
24
24
24
24
24
19
19
19
19
19
19
19
19
19
19
19
19
19
19
19
19
19
19
19
19
19
19
19
19
19
27
19
10
10
10
19
19
19
10
10
10
19
19
19
10
10
10
10
10
10
27
27
19
27
27
27
27
27
27
27
27
27
27
27
27
27
27
27
27
27
16
16
16
16
16
16
16
16
16
16
16
16
16
16
16
16
16
6
6
16
16
6
6
6
6
6
6
6
6
6
25
25
25
25
25
25
25
25
25
25
25
25
25
25
25
25
25
25
25
25
25
25
25
25
25
25
38
38
38
38
38
38
38
26
26
26
26
26
38
26
38
26
26
26
26
26
26
26
26
26
26
26
26
26
26
26
26
26
26
26
26
26
26
26
26
26
36
36
9
36
36
36
36
36
36
36
36
36
36
36
36
36
36
36
36
36
36
36
36
36
36
36
36
36
36
36
36
36
15
36
36
36
36
36
15
15
15
15
37
15
37
37
37
37
37
37
37
37
37
37
37
37
37
37
41
37
37
41
37
37
37
37
37
41
41
41
41
41
40
40
40
40
41
41
40
40
40
40
40
40
40
40
40
40
40
40
40
40
40
40
40
40
40
40
40
40
40
40
40
40
40
40
40
40
40
40
40
40
40
40
40
40
21
30
30
30
30
30
39
30
30
30
30
30
30
30
30
30
30
30
30
30
30
30
30
30
30
30
30
30
30
30
30
39
39
39
39
39
39
39
39
39
39
39
39
39
39
39
39
39
39
39
39
39
39
39
39
39
39
39
39
39
39
39
39
39
39
39
39
39
39
39
