3
3
3
3
3
3
3
3
3
3
4
3
3
3
3
3
3
3
3
3
3
3
3
3
3
3
3
3
3
4
4
4
4
4
4
4
4
4
4
4
4
4
4
4
4
4
4
4
4
4
4
4
4
4
4
4
4
4
4
4
4
4
4
4
4
31
11
43
4
5
43
23
4
23
4
4
4
5
5
23
4
31
43
43
4
43
43
43
43
2
43
31
43
23
43
2
43
31
43
14
31
31
31
4
31
31
31
31
31
31
31
31
31
14
14
14
14
14
32
14
14
14
32
32
14
14
14
14
14
14
14
14
14
14
14
14
14
14
14
14
14
14
14
14
14
14
14
14
14
11
14
14
14
14
11
11
11
11
11
14
11
11
11
11
11
11
11
11
11
11
11
11
11
11
11
11
1
18
18
18
18
18
18
18
18
18
18
18
18
18
18
18
18
35
35
35
35
35
35
35
35
35
35
35
35
35
35
35
35
35
35
35
35
35
17
17
17
17
17
17
17
17
17
17
17
17
17
17
17
17
17
17
17
17
17
17
17
17
17
17
17
17
8
8
17
8
8
8
8
25
8
34
23
23
34
34
34
34
34
34
34
1
1
34
1
1
1
1
1
1
1
1
1
1
1
1
1
20
20
20
20
20
20
20
20
20
20
1
1
1
23
23
1
23
23
23
1
20
23
23
1
23
23
20
20
20
20
20
20
20
42
20
20
20
42
20
42
42
42
20
29
29
29
29
29
29
29
29
29
29
29
29
29
29
29
5
5
5
5
5
29
29
5
29
29
29
5
5
5
29
5
5
5
5
5
5
5
5
5
5
5
5
5
5
5
5
5
5
5
2
2
2
2
2
2
2
2
2
2
2
2
0
0
0
0
2
2
2
0
2
7
2
2
7
7
7
33
33
33
33
33
33
33
33
33
33
33
33
33
33
33
33
33
33
33
33
33
33
24
24
33
33
33
33
24
24
24
24
24
24
24
24
24
16
24
24
24
24
24
19
19
19
19
19
19
19
19
19
19
19
19
19
19
19
19
19
19
19
19
19
19
19
19
19
19
19
19
19
19
10
10
19
19
19
19
10
10
10
19
10
10
10
27
27
27
27
27
27
27
27
27
27
27
27
27
23
23
6
16
16
16
16
16
16
16
16
16
16
16
16
16
16
16
16
16
6
16
16
16
6
6
6
6
6
6
6
6
6
6
6
25
25
25
25
25
25
25
25
25
25
25
25
25
25
25
25
25
25
25
38
38
38
38
26
26
26
38
38
38
38
38
38
38
26
38
26
26
26
26
26
26
26
26
26
26
26
26
26
26
26
26
26
26
26
26
26
26
9
36
9
9
36
36
36
9
36
36
36
36
36
36
36
36
36
36
36
36
36
36
36
36
36
36
36
36
36
36
36
36
36
15
36
36
36
15
36
15
15
15
15
30
37
37
37
37
37
37
37
37
37
37
37
37
37
37
37
37
37
41
41
37
41
41
41
41
41
41
41
41
41
41
41
41
41
41
41
41
40
40
40
40
40
40
40
40
40
40
40
40
40
40
40
40
40
40
40
21
21
39
30
30
21
39
39
39
21
21
30
21
21
21
30
39
21
30
21
21
30
30
30
30
30
30
30
30
30
30
39
39
30
30
30
30
39
30
30
39
39
30
30
30
30
30
30
30
30
30
39
39
39
39
39
39
39
39
39
39
39
39
39
39
39
39
39
39
39
39
39
39
39
39
39
39
39
39
39
23
23
39
39
39
39
39
39
39
39
39
