4
4
4
4
4
4
4
4
4
4
4
4
4
4
4
4
4
4
4
4
4
4
4
4
4
4
4
4
4
4
4
4
31
23
11
32
31
14
11
2
4
31
11
4
4
4
43
31
43
14
31
15
43
1
43
43
43
31
43
43
4
43
43
43
4
31
31
4
4
31
4
4
4
4
4
4
4
4
4
4
4
4
4
4
4
43
43
43
4
43
43
31
31
14
31
31
43
31
43
31
4
31
4
14
14
11
11
11
14
11
11
11
14
11
11
11
11
11
11
11
11
11
11
11
14
11
11
11
11
11
11
11
11
11
11
11
11
11
11
11
11
11
11
11
11
11
11
11
4
4
4
4
4
4
18
18
18
18
18
18
18
18
18
18
18
18
18
18
18
18
18
18
18
18
18
35
35
18
18
35
35
18
18
35
35
18
35
35
18
18
18
18
18
18
17
17
17
17
34
34
17
34
17
17
17
34
17
17
17
34
17
17
17
17
17
17
17
17
17
17
17
17
17
17
17
17
17
17
17
20
34
34
34
34
34
34
34
34
34
34
20
20
20
29
20
20
20
20
20
18
18
20
20
20
18
20
18
20
20
20
20
20
20
20
20
29
6
20
20
29
20
20
20
2
5
2
29
29
20
5
5
2
5
29
5
2
29
5
5
5
20
29
20
5
5
2
20
2
2
2
20
2
5
2
20
2
2
2
5
2
29
29
5
2
29
29
29
5
29
29
29
29
29
29
29
29
29
29
29
29
2
7
29
2
29
2
2
29
23
23
7
7
7
33
33
33
33
33
33
7
7
7
7
7
33
33
33
33
33
33
33
33
33
33
33
33
33
33
33
33
33
33
24
33
33
24
24
24
24
24
24
23
23
23
24
24
24
19
19
19
19
19
19
19
19
19
19
19
19
19
19
19
19
19
19
19
19
19
19
19
19
19
10
10
10
10
19
10
10
10
19
19
19
10
27
27
27
27
27
27
27
27
27
27
27
27
27
27
27
16
16
16
16
16
16
16
16
16
16
16
16
16
6
6
16
16
34
16
23
25
25
23
23
8
25
25
25
25
25
25
25
25
25
25
25
25
25
25
25
25
25
25
25
25
38
38
38
38
38
38
38
38
38
38
38
38
38
38
38
38
38
38
38
38
26
26
26
38
38
38
38
38
26
38
38
38
26
26
26
26
26
26
26
26
26
26
26
26
26
23
26
23
26
26
9
1
26
26
23
42
23
23
23
23
26
26
26
26
26
26
26
42
36
26
26
26
36
26
26
42
26
36
36
36
15
36
15
15
15
15
15
15
15
15
15
15
37
3
26
3
15
15
15
3
39
39
39
41
41
41
37
41
41
41
41
41
41
41
41
41
41
41
41
41
41
41
41
37
41
41
41
37
41
41
41
41
40
41
40
40
40
40
40
41
40
40
40
40
40
41
37
41
40
41
40
40
40
40
40
40
40
40
40
40
41
40
40
41
40
40
40
40
40
41
41
41
40
41
41
41
41
41
40
40
40
40
40
40
40
40
40
40
40
40
40
41
41
41
40
40
40
40
40
41
40
40
40
40
40
21
30
30
30
30
30
30
21
21
21
30
30
21
21
21
30
30
30
30
30
30
30
30
30
30
30
21
21
21
30
30
30
30
30
30
30
30
30
30
30
30
30
30
30
30
30
30
30
30
30
30
30
30
30
30
30
30
30
30
30
30
30
30
39
39
39
39
39
39
39
39
39
39
39
39
39
39
39
39
39
39
39
39
39
39
39
39
39
39
39
39
39
39
39
39
39
39
39
39
39
39
39
39
39
39
