4
4
4
4
4
4
4
4
4
4
4
4
4
4
4
43
4
4
4
4
4
4
4
31
4
4
4
31
4
43
43
31
31
31
43
14
31
31
31
14
31
14
14
14
14
14
14
14
14
14
14
14
14
14
14
14
14
14
14
14
14
14
14
14
14
14
14
14
14
14
14
14
14
14
14
14
14
14
14
14
14
14
14
14
14
23
11
11
11
23
23
23
6
23
11
11
18
18
17
18
18
18
18
18
18
18
35
18
35
18
18
35
35
18
35
35
35
35
35
35
35
35
35
35
35
35
35
35
35
35
35
35
35
17
17
17
17
17
17
17
17
17
17
3
3
3
3
3
3
3
3
3
3
3
3
3
3
3
3
3
8
8
6
8
8
8
8
8
8
8
8
23
8
8
8
34
1
1
1
1
1
1
1
1
1
1
1
1
1
1
1
1
1
1
1
1
1
1
1
1
1
20
1
1
1
20
1
20
1
20
20
20
1
1
1
20
20
20
20
20
20
20
20
20
20
20
20
20
20
20
20
20
20
20
20
20
20
20
20
20
29
29
29
29
29
29
5
5
0
5
5
5
5
2
2
5
0
0
0
0
2
5
5
5
0
2
5
5
2
5
5
5
2
5
2
5
0
2
2
2
0
2
2
2
0
2
2
2
0
2
2
2
0
2
2
0
0
2
2
0
0
2
2
0
0
2
2
7
7
0
0
7
0
0
0
7
7
7
7
7
7
7
7
33
33
33
33
33
33
33
33
33
33
33
33
33
33
33
24
24
24
33
33
33
33
24
33
24
24
24
24
24
19
19
19
19
19
19
19
19
19
19
19
19
19
19
19
19
27
27
27
10
10
10
10
10
10
10
10
10
10
10
10
10
10
27
27
27
27
27
27
27
27
27
27
27
27
27
27
27
27
27
27
27
27
27
27
16
16
16
16
16
16
16
16
16
16
16
16
16
16
16
16
16
16
16
16
6
6
6
6
6
6
6
6
6
6
25
25
25
25
25
25
25
25
25
25
25
25
25
25
25
25
25
25
38
38
38
38
38
38
38
38
38
38
38
38
38
38
26
38
38
38
38
26
26
26
38
38
26
38
38
26
26
26
26
26
26
26
26
26
26
26
9
26
26
26
9
36
26
26
9
26
26
26
36
36
36
36
36
36
36
36
36
36
36
36
36
36
36
36
36
36
36
36
36
36
36
36
36
36
36
36
36
36
15
15
15
15
15
37
37
37
37
37
37
8
37
37
37
37
37
37
37
37
37
37
37
37
37
37
37
37
41
41
41
37
41
37
41
41
41
41
41
41
41
41
40
40
40
40
40
40
40
40
41
40
40
40
41
41
40
40
41
40
40
40
40
40
30
30
21
30
21
30
21
21
30
30
30
30
30
30
30
30
30
30
30
30
30
30
30
30
30
30
39
39
30
39
39
39
39
39
39
39
39
39
39
39
39
39
39
39
39
39
39
39
39
39
39
39
39
39
39
39
39
39
39
39
39
23
39
39
39
39
39
39
39
39
39
39
39
39
39
39
39
39
39
39
39
39
39
23
39
23
39
39
39
39
39
39
39
39
39
39
