4
4
4
4
4
4
4
4
4
4
4
4
4
4
4
4
4
4
4
4
4
4
4
4
4
4
4
4
4
4
4
4
4
4
4
4
4
4
4
4
4
1
4
9
1
11
4
1
4
4
4
31
4
1
4
4
4
11
43
6
4
31
43
43
43
4
4
6
4
14
6
6
4
14
4
11
11
11
31
2
31
11
14
23
32
14
14
1
32
32
14
1
32
31
32
32
23
14
14
14
14
11
14
14
14
14
14
23
14
14
14
23
14
14
14
23
11
23
14
23
23
23
14
23
14
14
14
23
14
14
14
23
14
14
14
23
23
14
14
23
11
14
14
23
14
14
14
23
14
14
14
14
14
11
14
11
11
32
14
4
31
31
31
17
11
11
11
18
18
18
18
18
18
18
18
18
18
18
18
18
18
18
18
18
18
18
18
18
18
18
18
18
18
18
35
18
18
35
35
35
35
35
17
17
17
17
17
17
17
17
17
3
17
17
17
17
17
17
17
3
17
17
3
3
3
3
17
3
3
8
8
8
8
8
8
8
8
8
8
8
8
34
34
34
34
34
34
34
34
29
1
1
1
1
1
1
1
1
1
1
1
1
1
1
1
1
1
1
1
1
1
1
1
1
1
1
1
1
1
1
1
1
1
1
20
20
1
1
20
20
20
20
20
20
20
20
20
20
20
20
20
20
20
20
20
20
20
20
20
20
42
42
42
20
42
42
42
42
42
42
29
29
29
29
29
29
5
5
5
5
5
5
5
5
5
5
5
5
5
5
5
5
5
5
5
2
5
5
5
2
5
5
5
2
5
2
5
5
5
5
5
2
2
2
5
2
5
2
2
2
5
2
0
2
5
2
2
2
2
2
0
0
2
2
0
0
2
0
0
0
0
2
2
0
2
7
7
7
33
33
33
33
33
33
33
33
33
33
33
33
33
33
33
33
33
33
33
24
24
24
24
24
24
24
24
24
24
24
24
24
24
24
24
19
19
19
19
19
19
19
19
19
19
19
19
19
10
10
19
10
19
10
10
10
10
10
10
16
16
16
16
24
10
10
27
10
27
10
10
27
27
27
27
27
27
27
27
27
27
27
27
27
27
27
27
27
27
27
27
27
27
27
27
27
27
27
27
28
16
16
16
16
16
16
16
16
16
16
16
16
16
16
16
16
16
16
16
16
6
6
6
23
6
6
6
6
25
25
25
25
25
25
25
25
25
25
25
25
25
25
25
25
25
25
25
25
25
25
25
25
38
38
38
38
38
38
38
38
38
26
26
38
38
26
26
26
38
38
26
26
26
26
26
26
26
38
26
26
26
38
26
26
26
30
36
36
26
9
26
26
9
36
26
36
26
26
36
30
36
36
36
36
0
36
36
36
36
0
36
36
36
36
36
36
36
36
36
36
36
15
15
15
15
36
36
15
36
15
37
30
30
15
15
30
37
26
6
6
6
26
26
26
26
26
26
26
41
41
41
41
41
41
41
41
41
41
41
40
40
40
40
40
41
40
40
40
40
40
40
40
41
40
40
40
40
40
40
40
40
40
40
40
40
40
40
40
40
40
40
40
40
40
40
40
40
21
21
21
21
21
21
21
21
21
21
21
21
21
21
21
21
21
21
21
21
21
21
12
21
30
30
21
21
21
21
21
30
21
21
30
30
21
30
30
30
30
30
30
30
30
30
30
30
30
30
30
30
30
30
30
30
39
39
39
39
30
30
30
30
39
39
39
39
39
39
39
39
39
39
39
39
39
39
39
39
39
39
39
39
39
39
39
39
39
39
39
39
39
39
39
39
39
39
39
39
39
39
39
39
39
39
39
39
39
39
39
39
39
39
39
39
39
39
39
39
39
39
39
39
39
39
39
39
39
39
39
39
39
39
39
39
39
39
39
39
39
23
39
39
39
39
39
39
39
39
39
39
39
39
39
39
39
39
39
39
39
39
39
39
39
39
39
39
39
39
23
39
39
39
23
23
23
39
23
39
39
39
39
39
23
23
23
39
23
23
23
39
39
39
39
39
39
39
23
23
23
23
23
23
39
39
39
39
