4
4
4
4
4
4
4
4
4
4
4
4
4
4
4
4
4
4
4
4
4
4
4
4
4
4
4
4
4
4
4
4
4
4
4
4
4
4
4
3
4
4
4
4
4
4
14
14
4
4
11
4
11
31
31
31
14
31
31
31
14
31
31
14
14
14
14
14
14
14
1
14
14
14
14
3
14
14
14
14
14
14
14
14
14
14
14
14
14
14
14
14
14
14
14
14
14
14
14
14
14
14
14
14
14
14
14
14
14
14
11
11
14
14
11
11
11
11
11
11
1
11
23
11
11
11
23
23
23
23
23
18
18
18
18
18
18
18
35
35
35
35
35
35
35
18
18
35
35
35
35
35
35
35
18
35
18
18
17
17
18
18
35
17
17
23
17
17
17
17
17
17
17
17
3
3
17
17
3
3
3
3
3
3
3
3
3
3
3
3
3
3
8
8
8
8
17
20
8
8
8
4
8
8
34
34
1
1
1
1
1
1
20
20
20
20
20
20
20
1
5
20
29
20
20
20
20
1
20
20
20
20
20
20
20
20
20
20
20
20
20
20
20
20
29
20
20
20
20
20
20
20
20
20
20
20
29
20
42
20
29
20
20
20
29
42
29
20
29
29
29
20
29
42
42
20
42
42
42
20
42
42
42
5
5
2
5
5
29
5
5
5
5
5
5
5
5
5
5
5
5
5
5
5
5
5
5
5
5
2
5
5
5
2
2
5
5
5
5
5
5
2
2
2
5
0
2
2
5
2
2
0
5
2
2
2
5
2
0
0
2
0
0
0
2
0
0
0
2
0
7
7
2
0
0
7
2
0
7
7
33
7
33
33
33
33
33
33
33
33
33
33
33
33
33
33
33
33
33
33
33
33
24
24
24
24
24
24
24
24
24
24
24
24
19
19
19
19
19
19
19
19
19
19
19
19
19
19
19
19
19
19
19
19
10
10
10
10
10
10
10
10
10
10
10
27
27
10
27
27
27
27
27
27
27
27
27
27
27
27
27
27
10
10
10
19
19
19
19
10
19
27
19
19
19
27
27
27
27
27
27
27
19
19
19
16
16
24
43
43
16
39
6
16
37
6
6
6
6
6
6
6
6
6
6
26
14
26
32
25
25
25
25
25
25
25
25
25
25
25
25
25
25
25
25
25
25
25
25
25
25
25
25
38
38
38
38
38
38
38
38
38
38
38
38
26
38
38
38
38
38
38
38
26
38
38
38
26
38
38
38
26
26
26
26
26
26
26
26
26
26
26
26
26
26
26
26
9
26
26
26
26
26
26
36
36
26
36
9
36
9
36
36
36
36
36
36
36
36
36
36
36
36
36
36
36
36
36
36
36
36
36
36
36
15
15
15
15
15
15
15
15
15
15
15
15
15
15
37
37
37
37
37
37
37
37
37
37
37
37
37
37
37
37
37
37
41
41
41
41
41
41
41
41
41
41
41
41
41
41
41
41
41
41
40
40
40
40
40
40
40
40
40
40
40
40
40
40
40
40
40
40
40
40
40
40
40
40
40
40
40
40
40
40
40
40
40
40
40
40
40
40
40
40
40
40
40
40
40
40
40
40
40
40
40
40
40
30
30
30
30
39
39
30
30
21
21
21
21
21
21
21
21
21
21
21
21
21
30
21
30
21
30
30
30
21
30
30
30
30
30
39
30
30
39
39
30
30
39
30
39
30
39
39
39
30
39
39
39
30
39
39
39
39
39
30
39
39
39
39
39
39
39
39
39
39
39
39
39
39
39
39
39
39
39
39
39
39
39
39
39
39
39
39
39
39
39
39
39
39
39
39
39
39
