4
4
4
4
4
4
4
4
4
4
4
4
4
4
4
4
4
4
4
4
4
4
4
4
4
4
4
4
4
1
31
32
31
32
31
31
31
11
32
32
32
32
32
32
3
32
1
31
4
14
32
32
32
14
14
32
3
11
14
1
3
11
11
1
1
14
14
1
3
14
14
14
3
11
14
11
11
11
11
14
14
11
14
14
11
11
14
11
11
11
14
14
11
11
11
11
11
11
11
4
4
11
11
34
34
18
34
34
18
18
18
18
18
35
35
35
35
35
35
35
35
35
35
35
35
35
35
35
35
35
35
35
35
35
35
35
35
35
35
35
35
35
35
17
35
17
17
23
17
23
17
1
23
42
17
3
23
3
17
3
3
3
17
3
3
3
17
3
3
3
8
8
23
29
29
8
23
8
8
4
4
8
3
34
34
34
34
34
1
1
34
1
1
1
1
1
1
1
1
1
1
1
1
1
1
1
1
1
1
1
1
1
1
1
20
20
20
1
1
1
1
1
20
20
20
1
20
42
20
20
20
20
20
20
42
20
42
20
42
20
42
42
42
42
42
42
42
42
42
23
42
42
29
29
29
20
23
20
2
2
2
23
29
2
2
23
5
2
2
0
2
2
2
23
2
2
2
2
2
2
2
2
2
2
0
2
2
0
0
23
2
0
0
23
0
0
0
2
0
0
0
23
0
0
0
23
0
0
0
23
0
0
7
23
0
7
0
23
0
7
7
20
7
7
7
20
2
23
20
7
33
33
33
33
33
33
33
33
33
33
33
24
24
24
24
24
24
24
24
24
24
24
24
24
24
24
23
23
3
16
16
16
16
24
24
24
19
19
19
19
19
19
19
19
19
19
19
19
19
19
19
19
19
19
19
10
10
10
19
19
10
10
10
10
27
27
27
27
27
27
27
27
27
27
27
27
27
27
27
27
27
16
16
16
16
16
16
16
16
16
16
16
6
6
6
6
6
6
6
6
6
25
25
25
25
25
25
25
25
25
25
25
25
25
25
25
25
25
25
25
25
25
25
25
25
38
38
25
38
38
38
38
38
38
38
38
38
38
38
38
26
26
26
26
26
38
26
26
26
26
26
26
26
26
26
26
26
26
26
26
26
26
26
26
26
9
9
26
26
9
9
26
9
36
36
9
9
36
36
36
36
36
36
36
36
36
36
36
36
36
36
36
36
36
36
36
36
36
36
36
15
15
36
15
15
15
15
15
15
37
37
37
37
37
37
6
6
6
37
37
37
37
37
37
37
37
37
41
37
41
37
37
41
41
37
37
41
41
41
41
41
41
37
41
41
41
41
41
41
41
41
40
39
40
35
41
39
41
41
41
40
41
41
41
41
41
38
41
41
41
41
41
41
41
41
41
41
41
41
41
41
41
41
41
40
40
41
40
40
40
41
40
40
41
41
41
40
40
41
41
40
40
40
40
40
40
40
40
40
40
40
39
40
40
40
40
40
40
40
40
40
40
40
40
40
40
40
40
40
40
40
40
40
40
40
40
40
40
40
40
40
40
40
40
40
40
40
40
40
40
21
30
30
30
30
30
30
30
30
30
30
21
21
21
21
21
30
30
30
30
21
21
21
30
21
30
30
30
30
30
30
30
21
30
21
21
30
30
30
30
30
30
30
30
30
30
30
39
39
39
39
39
39
39
30
30
39
30
30
39
30
30
30
30
30
30
30
30
30
30
30
30
39
39
39
39
39
39
39
39
39
39
39
39
39
39
39
39
39
39
39
39
39
39
39
39
39
39
39
39
39
39
23
23
39
23
23
23
23
23
23
23
