4
4
4
4
4
4
4
4
4
11
11
4
11
4
14
14
14
14
4
14
14
31
14
14
31
31
14
14
31
31
14
14
31
31
31
14
31
14
14
14
14
14
14
14
31
14
14
14
14
31
31
14
31
14
14
14
14
14
14
14
14
14
14
14
14
14
14
14
14
14
14
14
14
14
4
31
4
11
31
31
11
4
11
4
11
11
11
11
11
18
18
18
18
18
18
18
18
35
35
18
18
18
35
35
35
35
35
35
35
35
35
35
35
35
35
35
35
35
17
35
35
35
17
17
17
17
17
17
17
17
17
17
17
17
3
3
17
3
3
3
3
3
3
3
3
3
3
3
3
3
3
3
1
8
4
8
8
8
8
8
8
8
8
8
8
4
4
8
8
8
23
16
34
34
34
1
1
1
1
1
1
1
1
1
1
1
1
1
1
1
1
1
1
1
1
1
1
1
1
1
1
1
1
1
1
20
1
1
20
1
1
20
1
1
1
20
20
1
20
20
20
20
20
20
20
20
20
20
20
20
20
20
20
29
29
20
20
42
29
29
5
29
29
29
29
29
5
29
29
5
5
5
5
5
5
5
5
2
5
5
5
5
5
5
2
2
2
2
2
2
2
2
2
2
2
2
2
2
2
2
2
2
2
0
0
2
2
0
0
0
0
0
0
0
0
0
0
0
0
0
7
7
7
7
7
7
2
29
7
7
7
5
2
5
5
29
5
5
5
5
5
5
5
5
5
5
5
5
5
5
2
5
2
2
2
2
2
2
2
2
0
2
2
2
0
0
0
2
0
0
0
2
0
0
2
0
0
0
0
0
0
7
7
0
7
7
7
7
7
7
7
7
7
7
7
33
33
33
33
33
33
24
33
33
33
33
33
33
33
33
33
24
33
24
24
24
24
24
24
24
24
24
24
24
24
24
24
24
24
24
24
24
24
19
19
19
19
19
19
19
19
19
19
19
19
19
19
19
19
19
19
19
19
19
10
19
19
19
10
10
19
19
19
10
10
19
19
19
19
10
27
27
27
27
27
27
27
27
27
27
27
27
27
27
27
27
27
27
27
10
27
27
24
16
16
16
16
16
16
16
16
16
16
16
16
6
16
6
6
6
6
6
6
6
6
6
25
25
25
25
25
25
25
25
25
25
25
25
25
25
25
25
25
25
25
25
25
25
25
25
38
38
38
38
38
38
38
38
38
38
26
38
38
38
26
38
26
26
26
26
26
26
26
26
26
26
26
26
26
26
26
26
26
26
26
26
26
9
9
9
26
26
26
26
17
26
9
9
17
36
9
9
26
9
36
9
36
9
36
9
36
9
36
36
36
36
15
36
36
36
36
36
15
15
15
15
15
15
15
15
15
15
15
37
15
37
37
37
37
37
36
37
37
37
37
37
37
41
41
41
41
41
41
41
41
41
41
41
41
41
41
40
40
41
40
40
40
40
40
40
40
40
40
40
40
40
40
40
40
40
40
40
40
40
40
21
21
39
30
30
21
30
30
30
30
30
30
30
21
30
30
30
30
30
30
21
21
30
30
21
21
21
21
21
21
21
21
30
21
30
30
30
30
30
30
30
30
30
39
21
21
30
30
30
30
30
30
30
21
30
30
30
30
30
30
30
30
30
30
39
39
30
39
39
39
39
39
39
39
30
30
39
30
30
39
39
30
39
39
30
30
30
30
30
39
39
39
39
39
39
39
39
39
39
39
39
39
39
39
39
39
39
39
39
39
39
39
39
39
39
39
39
39
39
23
23
23
23
23
39
23
23
23
23
23
23
23
