4
4
4
4
4
4
4
4
4
4
4
4
4
4
4
4
4
4
4
4
4
4
4
4
4
4
4
4
4
4
4
4
4
1
1
1
3
31
4
4
4
4
23
4
4
4
4
4
23
4
4
4
4
4
4
4
17
4
4
4
4
4
4
4
4
4
2
43
31
31
11
11
11
31
23
11
11
31
14
11
11
14
14
11
11
14
14
11
11
14
14
11
11
14
14
11
11
14
14
11
11
14
14
11
11
14
14
11
11
14
11
11
11
14
11
11
11
14
23
23
23
14
23
23
23
4
23
11
11
43
31
31
31
31
23
1
23
14
14
23
11
14
23
1
1
14
23
3
11
14
23
1
14
14
23
1
14
14
23
1
11
14
23
11
1
14
23
14
14
14
23
11
11
14
23
11
11
14
23
14
14
14
23
11
11
14
23
14
11
14
23
11
11
11
11
3
23
23
23
7
7
7
33
7
24
24
18
18
18
18
18
18
18
18
18
18
18
18
35
35
35
18
35
35
18
35
18
35
35
35
35
35
35
35
35
35
35
35
35
35
17
17
17
17
17
17
17
17
17
17
17
17
17
17
17
17
17
17
3
17
17
3
17
17
17
3
3
3
8
8
41
8
8
8
8
8
8
8
8
8
8
34
34
34
34
34
1
1
1
1
1
1
1
1
1
1
1
1
1
1
1
1
1
1
1
1
1
1
20
1
20
20
1
20
20
20
20
20
20
20
20
20
20
20
20
20
20
20
20
20
20
20
20
20
20
20
20
20
20
20
20
20
20
20
20
20
29
29
29
29
29
29
5
5
5
29
5
5
5
29
5
29
5
5
5
5
5
29
5
5
5
29
5
5
5
29
5
5
5
29
5
5
5
5
5
5
5
5
5
5
2
5
5
5
2
5
2
2
2
5
2
2
0
2
2
2
2
0
0
0
0
2
0
0
7
2
2
7
0
0
2
2
0
33
33
33
33
33
33
33
33
33
33
33
33
33
33
33
33
24
24
24
24
24
24
24
24
24
24
24
24
24
24
24
24
24
19
19
19
19
19
19
19
19
19
19
19
19
19
10
10
10
10
10
10
10
10
10
10
10
10
10
10
10
10
10
10
27
27
27
27
27
27
27
27
27
27
27
27
27
27
27
27
27
27
27
27
27
27
16
16
16
16
16
16
16
16
16
16
16
16
16
16
16
16
6
6
6
16
16
16
16
6
6
6
6
6
6
6
6
6
6
25
25
6
6
25
25
25
25
25
25
25
25
25
25
25
25
25
25
25
25
25
25
25
25
25
25
25
38
38
38
38
38
38
38
38
38
38
38
38
38
38
38
38
38
26
26
26
38
26
26
26
38
26
26
26
38
26
26
26
26
26
26
36
26
36
36
36
36
36
36
36
36
36
36
36
36
36
36
36
36
36
36
36
36
36
36
36
26
36
36
36
36
36
36
36
36
36
36
36
36
36
36
36
36
36
36
15
36
36
15
15
37
37
37
37
36
39
39
39
39
39
39
39
37
37
41
41
41
41
41
41
41
41
41
41
41
41
41
41
41
41
41
41
40
40
40
40
40
40
40
40
40
40
40
40
40
40
40
40
40
40
40
40
40
40
40
21
21
21
40
40
40
40
40
21
40
40
21
40
40
21
21
21
21
21
21
21
30
30
21
30
39
39
39
39
39
39
39
39
39
39
39
39
39
39
39
39
39
39
39
39
39
39
39
39
39
39
39
39
39
39
39
39
39
39
39
39
39
39
39
39
39
39
39
39
39
39
39
39
39
39
39
39
39
39
39
39
39
39
39
39
39
39
39
39
39
39
39
39
39
