4
4
4
4
4
4
4
4
4
4
4
4
4
4
4
4
4
4
4
4
4
4
4
4
4
4
4
4
4
4
4
4
4
4
4
4
4
4
4
4
4
4
4
4
4
4
4
4
4
4
4
4
4
4
4
4
4
4
4
4
4
4
4
4
14
14
11
15
11
11
14
15
11
11
14
3
14
4
4
14
14
14
11
14
14
14
11
11
11
14
11
14
14
11
14
14
11
11
14
11
14
14
14
11
11
14
14
14
14
14
14
14
14
14
14
14
14
14
14
14
14
14
14
14
14
14
14
14
14
14
14
14
14
14
14
14
14
14
14
14
14
14
14
14
14
14
14
14
14
14
14
14
14
11
14
11
11
6
11
11
11
11
11
23
11
11
6
23
6
11
11
11
11
23
11
11
11
11
11
11
11
11
23
23
11
11
11
23
2
23
23
23
2
23
23
2
2
2
23
23
23
23
23
23
23
23
23
23
23
23
23
23
23
23
23
23
23
23
23
23
23
23
23
23
23
23
14
11
14
23
14
14
11
23
14
14
11
11
14
11
11
11
11
11
11
11
14
11
11
23
23
1
11
12
11
18
18
18
18
18
18
18
18
18
18
18
18
18
18
18
18
18
18
35
18
18
35
35
35
35
35
35
35
35
35
35
35
35
35
35
35
35
35
35
35
35
35
17
17
17
17
17
17
17
17
17
17
17
17
17
17
17
17
17
17
17
17
17
17
17
17
17
17
17
17
17
17
35
20
35
34
35
18
17
17
18
20
18
23
39
12
34
34
34
34
34
34
34
34
34
34
34
34
34
1
1
1
23
1
1
1
23
1
1
1
23
1
34
1
34
1
34
34
34
1
1
1
23
1
1
20
23
23
23
20
23
23
23
1
23
23
23
23
23
23
23
23
23
23
17
23
23
23
17
17
23
23
3
17
23
23
23
23
23
7
23
2
2
2
2
2
2
2
2
5
5
2
2
2
2
2
2
5
5
2
0
2
2
2
2
2
2
2
2
2
2
2
2
2
2
2
2
2
2
2
0
0
2
0
0
0
2
0
0
0
0
0
0
0
0
0
7
7
0
0
7
7
2
0
7
7
7
7
0
7
33
33
33
33
33
33
33
33
33
33
33
33
33
33
33
33
33
24
24
24
24
24
24
24
24
24
29
24
34
24
24
24
24
24
24
19
19
19
19
19
19
19
19
19
19
19
19
19
19
19
19
19
19
19
19
10
10
10
10
10
10
10
10
10
10
27
27
27
27
27
27
27
27
27
27
27
27
27
27
27
27
27
27
27
27
27
16
16
23
16
16
16
39
16
16
23
16
16
16
16
16
16
16
16
6
16
6
6
6
6
6
6
6
6
6
6
6
6
25
25
25
6
25
25
25
25
25
25
25
25
25
25
25
25
25
25
25
25
38
38
38
38
26
38
26
26
26
26
26
26
26
26
26
26
26
26
26
26
26
26
26
26
26
26
26
26
26
26
26
26
26
26
26
26
26
26
26
26
36
9
26
26
36
9
26
9
36
36
36
36
36
36
36
36
36
36
36
36
36
36
36
36
36
36
36
36
36
36
36
36
15
36
36
36
15
15
15
15
15
15
36
37
37
37
36
37
26
26
41
37
37
41
41
41
41
41
41
41
41
41
41
41
41
41
41
41
41
41
41
41
41
41
41
41
40
40
40
40
40
40
40
40
40
40
40
40
40
40
40
40
40
40
40
40
40
40
40
40
21
30
30
30
30
30
30
30
30
30
30
30
21
30
30
30
30
30
30
21
21
30
30
30
30
30
30
30
30
30
30
30
30
30
30
30
30
30
30
30
30
30
30
39
39
30
30
39
39
39
30
30
30
30
30
30
30
30
30
30
30
30
30
39
39
39
39
39
39
39
39
39
39
39
39
39
39
39
39
39
39
39
39
39
39
39
39
39
39
39
39
39
39
39
39
39
39
39
39
39
39
39
39
39
39
39
39
39
39
39
39
39
39
39
39
39
39
39
23
23
23
23
23
23
23
23
23
23
23
23
23
23
