4
4
4
4
4
4
4
4
4
4
4
4
4
4
4
4
4
4
4
4
4
4
4
4
4
4
4
4
4
4
4
4
4
4
4
4
4
4
4
4
4
4
4
43
4
4
4
43
4
4
43
31
4
4
4
31
4
4
43
31
4
4
4
31
43
43
4
31
31
31
4
29
31
31
4
31
31
43
4
5
43
5
4
5
29
31
11
23
14
14
14
1
31
14
32
14
14
14
14
14
14
14
14
14
14
14
14
14
14
14
14
14
14
14
14
14
14
14
14
14
14
14
14
11
14
14
14
11
14
14
14
11
14
14
14
11
11
11
11
11
11
14
11
11
11
14
14
11
11
11
29
11
11
11
11
11
11
11
18
18
18
18
18
18
18
18
18
18
18
18
18
35
18
18
18
35
35
35
35
35
35
35
35
35
35
35
35
35
17
35
35
35
35
35
35
17
17
17
17
17
17
17
17
17
17
17
17
17
17
17
17
17
17
17
17
17
17
3
17
17
17
3
3
17
1
17
1
1
8
0
8
1
34
5
5
34
34
34
34
1
1
1
1
1
1
1
1
1
1
1
1
1
1
1
1
1
1
1
20
20
1
1
20
1
20
20
20
20
20
20
20
20
20
20
20
20
20
20
20
20
20
20
20
20
20
20
20
42
20
20
20
20
20
42
20
42
42
42
42
29
29
29
29
29
20
5
2
5
5
5
5
5
5
2
5
5
5
5
5
5
5
2
2
5
5
2
2
5
5
2
2
2
5
2
2
2
2
2
2
5
5
2
2
2
2
2
2
2
2
2
2
2
2
2
0
0
0
0
0
0
0
0
0
0
0
0
7
7
7
7
7
7
7
7
7
33
33
33
33
33
33
33
33
33
33
33
33
33
24
24
24
24
24
24
24
24
24
24
24
24
24
24
24
24
24
24
24
24
33
24
24
24
24
24
24
24
24
24
19
19
19
19
19
19
19
19
19
19
19
19
19
19
19
19
19
19
19
19
19
19
10
10
10
10
10
10
10
10
10
10
10
27
27
27
27
27
27
27
27
27
27
27
27
27
27
24
16
29
16
16
16
16
16
16
16
16
16
16
16
16
25
25
6
6
6
6
6
6
6
6
6
6
25
25
6
25
25
25
25
25
25
25
25
25
25
25
25
25
25
25
25
25
25
25
25
25
25
38
38
38
38
38
38
38
38
38
38
38
38
26
26
26
38
26
26
26
38
26
26
26
38
26
26
26
26
26
26
26
9
9
26
36
36
36
9
9
36
36
9
9
9
36
36
36
36
36
36
36
36
36
36
36
36
36
36
36
36
36
36
36
36
36
36
36
36
36
36
36
36
36
36
36
36
36
15
15
36
36
36
15
37
37
37
37
37
37
37
37
37
37
37
37
37
37
37
37
37
37
37
37
37
37
37
37
37
37
37
37
37
37
37
37
37
37
37
41
41
41
37
41
41
37
37
37
41
37
37
37
37
41
37
41
41
41
40
37
37
37
37
37
41
41
41
41
41
41
41
41
41
41
41
41
40
40
40
41
41
40
40
40
41
40
40
40
40
40
40
40
40
40
40
40
40
40
40
40
40
40
40
40
40
40
40
40
40
40
40
40
40
40
40
40
40
40
40
40
40
40
21
21
21
21
21
21
21
21
39
21
30
21
21
21
21
21
21
21
21
21
21
21
21
21
21
21
21
21
21
39
21
21
30
21
21
21
21
21
21
21
21
21
21
21
21
21
21
30
21
21
39
30
30
30
30
39
39
39
39
39
30
30
30
30
30
30
30
30
30
30
30
30
30
30
30
30
39
39
39
39
39
39
39
39
39
39
39
39
39
39
39
39
39
39
39
39
39
39
39
39
39
39
39
39
39
39
39
39
39
39
39
39
39
39
39
39
39
39
