4
4
4
4
4
4
4
4
4
4
4
4
4
4
4
31
1
31
14
31
31
23
14
14
31
31
14
31
31
31
14
14
32
31
14
14
14
14
14
14
14
31
14
14
14
32
14
14
14
14
14
14
14
14
14
14
14
14
14
14
14
14
14
14
14
14
14
14
14
14
14
14
14
14
23
31
11
23
11
11
31
11
18
11
18
18
18
18
18
18
18
18
18
18
18
18
18
18
18
18
18
35
35
35
35
35
35
35
35
35
35
35
35
35
35
35
35
17
35
35
17
17
17
17
17
17
17
17
17
17
17
17
17
23
17
3
3
3
3
3
3
3
3
3
8
3
3
3
8
3
1
1
8
4
8
1
8
8
4
1
23
11
31
31
11
23
34
34
34
34
1
1
1
1
1
1
1
1
1
1
1
1
1
1
1
1
1
1
1
1
1
1
1
1
1
1
1
1
1
1
1
1
1
1
1
1
1
1
1
1
20
1
20
1
1
20
20
1
20
20
23
20
20
20
20
20
20
29
29
29
29
29
29
5
5
5
29
5
29
29
29
29
5
5
5
5
5
5
5
5
5
5
5
5
5
5
5
5
5
5
5
5
5
5
5
2
2
2
2
2
2
2
2
2
2
2
2
2
2
2
2
2
2
2
2
2
2
2
2
2
2
2
2
2
7
7
0
2
0
7
2
2
2
2
7
33
33
33
33
33
33
33
33
33
33
33
33
33
33
33
33
33
33
24
24
24
24
24
24
24
24
24
20
20
20
23
24
24
24
19
19
19
19
19
19
19
19
19
19
19
19
19
19
19
19
19
19
19
19
19
27
27
27
27
10
10
19
10
10
10
10
10
10
10
10
10
10
10
10
10
27
27
27
27
27
27
27
27
27
27
27
27
27
27
27
27
27
27
27
27
27
27
19
19
19
19
19
19
19
19
19
19
19
19
27
27
27
27
27
19
19
19
19
19
27
23
23
16
23
16
31
23
6
6
6
6
6
6
6
6
6
6
6
6
6
6
6
25
25
25
25
25
25
25
25
25
25
25
25
25
25
25
25
25
25
25
25
25
38
38
38
38
38
38
38
38
38
38
38
38
38
26
26
26
26
26
26
26
26
26
26
26
26
26
26
26
26
26
26
26
26
26
26
26
26
26
9
9
26
9
26
9
26
26
26
9
26
9
36
36
36
36
36
36
36
36
36
36
36
36
36
36
36
36
36
36
36
36
36
36
36
36
36
15
15
36
36
15
15
15
15
15
15
15
15
37
37
37
37
37
37
37
37
37
37
37
37
41
41
37
41
41
41
41
41
41
41
41
41
41
41
41
41
41
41
41
41
41
41
41
41
41
41
40
41
41
41
41
40
40
40
40
40
40
40
40
40
40
40
40
40
40
40
21
21
21
21
21
21
21
21
21
21
21
21
21
21
21
21
21
21
21
21
21
21
21
21
21
21
21
21
21
21
21
21
21
21
21
21
21
21
21
21
30
30
21
21
30
30
30
30
30
30
30
30
30
30
30
30
30
30
30
30
30
30
30
30
30
30
30
30
30
30
30
30
30
39
39
30
39
39
39
39
39
39
39
39
39
39
39
39
39
39
39
39
39
39
39
39
39
39
39
39
39
39
39
39
39
39
39
39
39
39
39
39
