4
4
4
4
4
4
4
43
43
43
43
43
43
43
31
31
31
31
31
31
31
31
31
31
31
31
31
31
31
31
14
31
31
32
14
31
31
14
14
14
32
14
14
14
14
14
14
14
14
14
14
14
14
14
14
14
14
14
14
14
14
14
14
14
14
14
14
14
11
11
11
11
11
11
11
11
11
11
18
18
18
18
18
18
18
18
18
18
18
18
18
18
18
18
18
18
18
35
35
18
18
35
35
35
35
35
35
35
35
35
35
35
35
17
17
35
17
17
17
17
17
17
17
17
17
17
17
17
3
3
3
3
3
3
3
3
3
3
3
3
3
3
3
3
8
8
8
8
8
8
8
8
4
4
8
18
34
34
34
34
34
34
34
34
34
34
34
34
34
1
1
1
1
1
1
1
1
1
1
1
1
1
1
1
1
1
1
1
1
20
20
1
1
1
20
1
1
1
20
1
20
20
20
1
20
20
20
20
20
20
20
20
42
42
42
42
42
42
42
42
42
42
42
42
42
29
29
29
29
29
29
29
29
29
29
29
29
29
5
29
29
29
5
5
5
29
5
2
5
5
2
42
5
5
5
2
5
5
2
2
5
2
2
2
5
5
2
2
5
2
2
2
2
2
2
2
5
2
2
2
7
0
0
0
7
0
0
0
7
7
0
7
24
24
7
2
24
24
5
29
24
24
7
33
7
33
33
33
24
33
33
33
33
33
33
33
33
33
33
33
24
24
24
24
24
24
24
24
24
24
24
24
24
24
24
24
24
19
19
19
19
19
19
19
19
19
19
19
19
19
19
19
19
10
10
10
10
19
19
19
19
19
19
19
19
19
19
10
10
10
10
27
27
27
27
27
27
27
27
27
27
27
27
27
10
27
27
16
16
16
16
16
16
16
16
16
16
16
16
16
16
6
6
6
6
6
6
6
6
6
25
25
25
25
25
25
25
25
25
25
25
25
25
25
25
25
25
25
25
25
25
25
25
25
25
25
25
38
38
38
38
38
38
38
38
38
38
38
38
38
26
26
26
26
26
26
26
26
26
26
26
38
26
26
26
26
26
26
26
26
26
26
26
26
26
26
26
26
26
26
26
26
26
26
26
36
9
36
36
36
9
26
36
36
36
36
36
36
36
36
36
36
36
36
36
36
36
15
36
15
15
36
36
15
15
15
15
15
15
15
15
37
37
37
37
36
36
36
37
37
37
37
39
41
41
41
41
41
41
41
41
41
41
41
41
41
41
41
41
41
41
41
41
40
40
40
40
40
40
40
40
40
40
40
40
40
40
40
40
40
40
40
40
40
40
40
40
21
21
40
21
40
40
40
40
40
40
40
40
40
40
40
40
40
21
21
30
21
30
39
30
21
21
21
21
21
21
21
21
21
21
21
21
21
21
30
30
30
30
30
30
30
39
39
39
39
30
39
39
39
30
39
39
39
30
39
39
39
30
39
30
39
30
30
30
30
39
39
39
39
39
39
39
39
39
39
39
39
39
39
39
39
39
39
39
39
39
39
39
39
39
39
39
39
39
39
39
39
39
39
39
39
39
39
39
