39
39
39
39
39
3
23
3
3
23
3
3
14
11
11
3
3
23
23
3
3
3
3
3
3
3
3
11
3
3
3
3
3
3
4
4
4
4
4
4
4
4
4
4
4
4
4
4
4
4
4
4
4
4
4
4
4
4
4
4
4
4
4
4
4
4
4
4
22
12
12
22
3
3
12
12
12
12
22
12
22
22
3
3
3
16
16
16
16
16
16
16
16
16
16
16
4
16
16
4
16
4
3
4
4
4
16
4
4
4
4
4
4
31
31
11
14
31
43
31
32
14
32
31
11
43
43
43
43
43
43
43
43
43
43
43
43
43
43
31
31
31
4
31
31
43
43
31
43
43
43
11
31
43
43
43
43
43
43
14
31
31
31
14
31
31
14
14
32
14
14
14
14
14
14
14
14
14
14
14
14
14
14
14
14
14
14
14
14
14
14
14
14
14
14
14
14
14
14
14
14
14
11
14
11
14
11
14
11
11
11
11
11
11
11
11
11
11
11
11
11
11
11
11
18
18
18
34
18
18
18
18
18
18
35
35
18
18
35
18
18
35
35
35
35
35
35
35
35
35
35
35
35
35
35
35
35
35
35
35
17
35
35
17
17
17
17
17
17
17
17
17
17
17
17
17
17
17
17
17
17
17
17
17
3
17
17
17
17
17
34
8
34
8
17
20
5
5
5
5
5
5
5
5
29
2
5
5
2
5
5
2
5
2
29
5
5
5
5
2
5
2
2
5
5
5
5
5
5
5
2
5
1
23
1
1
1
1
1
1
1
1
1
1
1
1
1
1
1
1
1
1
1
1
1
1
1
1
1
20
1
20
1
20
20
20
1
20
20
20
20
20
20
20
20
20
20
20
20
20
20
20
20
20
20
20
20
20
20
20
20
20
42
42
42
42
42
42
42
20
29
42
20
20
5
2
2
5
5
5
5
5
29
5
5
5
5
5
2
5
5
2
2
2
2
2
2
2
2
2
2
2
2
2
2
2
2
0
2
2
2
0
0
2
2
0
0
0
2
2
0
0
0
0
0
0
0
0
0
0
0
0
0
0
0
7
7
7
7
7
0
7
33
33
33
33
33
33
33
33
33
33
33
33
33
33
33
33
33
33
33
33
24
24
33
24
24
24
24
24
24
24
24
24
24
33
24
24
24
24
24
24
24
19
19
19
19
19
19
19
19
19
19
19
19
19
19
19
19
19
19
19
19
19
19
19
19
19
19
19
19
19
10
10
10
10
10
10
10
10
27
27
27
27
27
27
27
27
27
27
27
27
27
27
27
27
27
27
27
16
16
16
16
16
16
16
16
16
16
16
16
16
16
16
16
16
6
16
6
6
6
6
6
6
6
6
6
6
25
25
25
25
25
25
25
25
25
25
25
25
25
25
25
25
25
25
25
25
25
25
25
25
25
25
25
25
38
38
38
38
38
38
38
38
38
38
38
38
26
26
26
26
38
26
26
26
26
26
26
26
26
26
26
26
26
26
26
26
26
36
26
9
36
36
9
9
36
36
36
36
36
36
9
36
36
36
36
36
36
36
36
36
36
36
36
36
36
36
36
36
36
36
36
36
36
36
36
36
36
15
36
36
36
36
15
15
15
15
15
15
15
37
36
15
37
37
37
37
37
37
37
37
41
37
37
37
37
41
37
41
41
41
41
41
41
41
41
41
41
41
41
41
41
41
41
41
39
40
40
41
41
41
40
40
40
40
40
40
40
40
40
37
39
41
41
41
39
39
37
41
41
41
40
41
40
40
40
40
40
40
40
40
40
40
40
40
40
40
40
40
40
40
40
40
40
40
40
21
21
21
21
21
21
21
30
21
21
21
30
21
21
30
30
21
21
30
30
30
30
30
30
30
30
30
30
39
30
30
30
30
30
30
30
30
30
30
30
30
30
30
30
39
30
39
39
39
39
39
39
39
39
39
39
39
39
39
39
39
39
39
39
39
39
39
39
39
39
39
39
39
39
39
39
39
39
39
39
39
39
39
39
39
39
39
