4
4
4
4
4
4
4
4
4
4
4
4
4
4
4
4
4
4
4
4
4
4
4
4
4
4
4
31
4
32
31
14
32
14
14
11
14
14
31
4
11
11
31
14
14
14
14
14
14
14
14
14
11
14
14
11
14
11
14
14
11
14
14
14
14
14
14
11
14
14
14
11
11
14
14
11
14
14
14
14
14
14
14
11
14
14
14
14
14
14
14
11
14
14
14
14
14
14
14
14
14
14
14
14
14
14
14
11
11
11
11
11
11
11
11
11
11
11
17
17
8
3
18
18
18
18
18
18
18
35
35
35
35
35
35
35
35
35
35
35
35
35
35
35
35
35
35
35
35
35
35
35
35
35
17
17
17
17
17
17
17
17
17
17
17
3
17
17
17
8
17
3
3
8
3
3
3
8
3
3
3
3
8
8
8
8
8
8
8
8
8
4
11
4
11
11
11
18
18
18
34
8
8
8
8
34
1
1
1
1
1
1
1
1
1
1
1
1
1
1
1
1
1
1
1
1
1
1
1
1
1
1
1
1
1
1
1
1
1
1
1
1
20
1
1
20
20
20
1
20
20
20
20
20
20
20
20
20
20
20
20
20
42
20
42
29
42
29
29
29
29
23
23
29
29
29
29
29
29
29
29
5
5
5
5
5
5
29
5
5
29
29
5
5
29
5
5
5
29
5
5
5
5
5
5
5
5
5
5
5
5
5
5
5
5
5
5
5
5
2
2
5
2
2
2
2
2
2
2
2
2
29
29
7
2
5
29
29
7
33
33
33
33
33
33
33
33
33
33
33
33
33
33
33
33
33
33
24
24
24
24
24
24
24
24
24
24
24
24
19
19
19
19
19
19
19
19
19
19
19
19
19
19
19
19
19
19
19
19
19
19
19
19
19
19
19
19
19
19
19
19
19
10
10
27
27
27
27
27
27
27
27
27
27
27
27
27
27
10
27
10
10
19
19
10
19
19
19
19
19
19
10
19
19
19
27
27
27
27
19
19
27
19
19
19
19
19
19
19
19
19
19
19
19
10
10
19
19
19
27
27
27
27
27
27
27
27
27
27
27
27
24
24
16
16
27
16
16
6
6
16
6
6
6
6
6
6
6
6
6
6
6
6
6
26
26
26
6
26
26
25
25
25
25
25
25
25
25
25
25
25
25
25
25
25
25
25
25
25
25
25
25
25
25
25
25
25
25
25
25
38
38
38
38
38
38
38
38
38
38
38
38
38
38
38
38
38
38
38
38
38
26
38
38
38
26
38
26
26
26
26
36
9
9
9
9
26
36
26
9
26
9
9
9
9
36
9
36
9
36
9
9
9
36
9
36
9
36
36
36
36
36
36
36
36
36
36
36
9
36
36
36
36
36
36
36
15
36
15
15
15
36
36
36
36
36
36
15
15
15
37
37
37
37
37
37
37
37
37
37
37
37
37
37
41
42
37
42
37
37
42
37
37
37
37
37
37
37
41
37
37
41
41
41
41
37
41
41
41
43
37
41
41
41
41
41
41
41
41
41
41
40
40
41
41
41
41
41
41
41
40
41
41
41
40
40
40
40
40
40
40
40
41
41
41
41
41
41
41
41
40
40
40
40
40
40
40
40
40
30
30
30
21
21
30
30
30
30
30
30
30
30
30
30
30
30
30
21
21
30
30
21
30
30
30
30
30
30
30
30
21
21
21
30
21
30
30
21
21
30
21
30
30
30
30
30
30
30
30
30
39
39
39
30
30
30
30
30
30
30
30
30
30
30
30
30
30
30
30
30
30
30
30
30
39
39
39
39
39
39
39
39
39
39
39
39
39
39
39
39
39
39
39
39
39
39
39
39
39
39
39
39
39
39
39
39
39
39
39
39
39
39
39
