3
3
11
11
12
3
3
3
11
4
11
4
4
4
4
4
4
4
4
4
4
3
3
3
4
4
4
4
4
4
4
3
4
4
4
4
4
4
3
4
3
3
4
3
4
3
4
4
4
4
4
4
4
4
4
4
4
4
4
4
4
4
4
4
4
4
4
4
3
4
4
4
4
4
4
4
4
4
4
4
4
4
4
4
4
4
4
4
4
4
4
4
4
4
4
31
31
31
31
31
43
43
31
14
31
14
4
4
31
42
14
14
31
4
1
31
31
43
43
43
43
43
31
43
43
4
31
43
43
43
43
43
31
31
31
31
31
31
31
31
31
31
31
31
31
31
31
31
32
32
31
14
32
31
14
14
14
14
14
14
14
14
14
14
14
14
14
14
14
14
14
14
14
14
14
14
14
14
14
14
11
11
14
14
14
11
11
11
11
11
11
29
11
29
29
29
11
7
5
11
11
18
18
18
18
18
17
18
18
18
18
18
18
18
35
35
18
18
35
35
35
35
35
35
35
35
35
35
18
35
35
17
17
17
17
17
35
17
17
17
17
17
17
17
17
17
17
17
17
17
17
17
17
17
17
17
8
3
8
17
8
8
1
1
5
8
8
17
34
34
20
2
34
34
34
34
34
1
34
34
1
1
1
1
1
1
1
1
23
1
23
1
20
23
1
1
1
23
1
20
20
23
1
20
20
20
20
20
20
20
20
42
20
23
20
23
23
23
20
23
23
23
23
23
42
42
42
42
42
42
23
42
42
23
42
42
42
42
42
42
29
29
29
29
29
29
5
5
5
5
5
29
5
5
5
5
5
5
5
5
5
5
5
5
5
5
5
5
2
5
5
5
2
5
2
5
2
2
2
5
2
2
2
2
2
5
5
5
2
2
2
2
2
2
2
0
0
2
0
0
0
0
0
0
0
0
0
7
0
0
7
7
0
7
33
33
33
33
33
33
33
33
33
33
33
24
33
33
33
33
33
33
24
24
24
24
24
24
24
24
24
24
24
24
33
33
24
24
24
24
24
24
24
19
19
19
19
19
19
19
19
19
19
19
19
19
19
19
19
19
19
19
10
10
10
10
10
10
10
19
19
19
10
10
10
10
10
10
10
10
27
27
27
27
27
27
27
27
27
27
27
27
10
27
27
27
27
19
19
27
19
10
27
27
27
10
10
10
10
27
27
27
27
19
27
27
27
27
27
27
27
27
27
27
27
16
16
16
16
16
16
16
16
16
16
16
16
16
16
16
16
16
16
16
16
6
16
16
6
16
16
16
16
16
6
6
6
6
6
6
6
6
6
25
25
25
25
25
25
25
25
25
25
25
25
25
25
25
25
25
25
25
25
25
25
25
25
25
25
25
25
25
25
25
38
38
38
38
38
38
38
38
38
38
38
38
38
38
38
38
26
26
26
38
26
26
26
26
26
26
26
26
26
26
26
26
26
26
26
26
26
36
26
36
36
36
9
36
9
36
26
36
36
36
26
9
36
36
26
36
36
36
36
36
36
36
9
36
36
36
36
36
36
36
36
36
36
36
36
36
36
36
15
15
15
36
29
37
15
37
37
36
37
37
26
41
41
37
37
37
41
41
41
41
37
37
41
37
37
37
41
37
37
41
41
41
41
41
41
41
41
41
41
41
41
41
41
40
41
41
37
37
40
40
40
40
40
40
41
40
40
40
40
40
40
40
40
40
40
40
40
40
40
40
40
40
40
40
40
40
40
40
40
40
40
40
40
40
40
40
21
30
30
21
30
30
30
30
30
21
21
21
30
30
21
30
30
30
30
21
30
30
30
30
30
30
30
30
30
30
30
30
30
21
21
30
30
30
30
30
30
30
30
30
30
39
30
30
39
39
30
39
30
30
39
39
39
30
39
39
39
39
39
39
39
39
39
30
39
39
39
39
39
39
39
39
39
39
39
39
39
39
39
39
39
39
39
39
39
39
39
39
39
39
39
39
39
39
39
39
39
39
23
23
39
23
23
23
23
23
23
39
