4
31
31
31
31
31
31
31
31
31
31
31
31
31
31
31
31
32
14
31
31
31
32
14
14
14
14
31
31
14
14
32
14
32
14
14
14
14
14
32
32
32
14
14
14
14
14
14
14
14
14
14
14
14
14
14
14
14
14
14
14
14
14
14
14
14
11
14
14
14
14
14
11
11
11
11
11
11
11
18
18
18
18
18
18
23
18
18
18
18
18
18
18
35
18
18
18
35
18
35
35
17
35
18
35
17
17
17
17
17
17
3
17
17
17
17
17
17
17
17
17
17
17
17
17
17
17
17
17
17
3
3
3
3
3
3
3
3
3
3
3
3
3
3
8
8
8
8
8
8
8
8
8
8
8
8
4
8
8
8
8
35
8
18
8
8
1
1
1
34
34
1
1
34
1
1
1
1
1
1
1
1
1
1
1
1
1
1
1
1
1
1
1
1
1
1
1
1
1
1
1
1
1
1
1
1
20
1
20
1
1
1
20
1
1
20
1
1
1
20
1
23
20
20
20
1
20
20
29
29
29
29
29
29
5
29
29
5
5
29
5
5
5
5
5
5
5
5
5
5
5
5
5
5
29
5
5
5
5
5
5
5
5
5
5
5
5
5
2
2
5
5
5
2
2
2
2
2
2
2
2
2
2
2
2
0
2
2
0
0
2
2
0
7
0
0
0
0
0
5
0
7
33
33
7
33
33
33
33
33
33
33
33
33
33
33
33
33
33
33
33
33
33
33
24
24
24
24
24
24
24
24
24
24
24
24
24
24
24
24
24
24
19
19
19
19
19
19
19
19
19
19
19
19
19
19
19
19
19
19
19
19
19
19
19
19
19
19
19
19
19
19
10
19
10
10
10
10
19
10
27
10
27
27
27
27
27
27
27
27
27
27
27
27
27
27
27
27
27
27
27
27
27
24
16
16
16
16
16
16
16
16
16
16
16
16
16
16
16
6
6
6
6
6
6
6
6
6
25
25
6
6
25
25
25
25
25
25
25
25
25
25
25
25
25
25
25
38
38
38
38
38
38
38
38
38
38
38
38
38
38
38
38
26
26
26
38
26
26
26
38
26
26
26
38
26
26
26
26
26
26
26
26
26
9
9
9
9
9
9
26
26
9
26
9
36
36
36
36
36
36
36
36
36
36
36
36
36
36
36
36
36
36
36
36
36
36
36
36
36
36
36
36
36
15
15
15
15
15
15
15
15
37
15
15
36
26
36
37
37
37
37
37
37
37
37
41
41
37
37
37
41
41
41
41
41
41
41
41
41
41
41
41
41
40
41
41
41
41
41
40
40
40
40
40
40
40
40
40
40
40
40
40
40
40
40
40
40
40
40
40
40
40
40
40
40
40
40
40
40
40
40
40
40
40
40
40
40
40
40
40
40
40
40
40
40
40
40
40
40
40
40
40
41
37
40
40
41
43
43
40
41
43
40
40
41
43
43
43
41
41
43
40
40
40
40
40
40
40
40
40
40
40
40
40
40
40
40
40
40
40
40
40
40
40
40
21
21
21
21
30
30
21
21
21
39
30
30
30
30
30
30
30
21
21
21
21
21
21
21
21
21
21
21
21
39
39
30
30
21
30
30
21
21
30
30
30
30
30
30
30
21
30
39
39
39
30
39
39
39
39
39
39
39
39
39
39
39
39
39
39
39
39
30
39
39
39
39
39
39
39
39
39
39
39
39
39
39
39
39
39
39
39
39
39
39
39
39
39
39
39
39
39
39
39
39
39
39
39
39
39
39
39
39
39
39
39
39
39
39
39
39
39
39
