4
3
4
4
4
4
4
3
4
3
3
3
4
4
4
4
4
4
4
4
4
4
4
4
4
4
4
4
4
4
4
4
4
4
4
4
4
4
4
4
4
4
4
4
4
4
4
4
4
4
4
4
4
4
4
4
4
4
4
4
4
4
4
4
4
4
4
4
4
4
4
3
3
3
3
4
3
3
3
3
4
3
4
4
4
4
4
4
4
4
4
4
4
4
4
4
4
4
4
4
4
4
31
4
4
4
4
4
4
4
4
4
4
4
4
4
4
4
4
4
4
4
31
4
4
4
31
31
31
4
4
4
4
4
31
4
4
4
4
4
4
4
4
4
4
4
4
4
4
4
4
4
4
4
4
4
4
31
4
4
31
31
43
43
43
43
31
31
31
31
31
31
31
31
43
43
43
43
43
43
43
31
31
31
31
43
31
31
31
31
14
32
14
32
14
14
14
14
14
14
14
32
14
14
14
14
14
14
14
14
14
14
14
14
14
14
14
14
14
14
14
14
14
14
14
14
14
14
14
14
14
14
14
14
14
14
14
14
14
14
14
14
14
14
14
14
11
11
11
11
11
11
11
11
11
11
11
11
18
17
17
18
18
18
18
18
18
18
18
18
18
18
18
18
18
18
18
18
18
18
18
18
18
35
35
35
18
35
35
18
18
35
35
35
17
17
17
35
17
17
17
17
17
17
17
17
17
17
17
17
17
17
17
17
17
17
17
17
17
17
17
17
3
17
3
20
42
42
29
20
23
29
29
18
18
18
35
23
34
34
1
34
1
1
1
1
1
1
1
1
1
1
1
1
1
1
20
1
1
1
1
1
20
20
20
1
20
20
20
1
20
20
20
20
20
20
20
20
20
20
20
20
20
20
20
42
20
20
20
42
42
42
42
42
42
42
29
29
29
29
29
29
29
29
29
29
29
29
29
29
29
29
29
5
5
5
5
5
5
5
5
5
5
5
5
5
5
2
5
5
5
5
5
2
5
5
5
5
2
2
2
2
2
2
0
0
0
0
0
0
0
0
0
0
0
0
0
0
7
7
7
7
7
7
7
7
7
7
7
29
5
0
33
33
33
33
33
33
33
33
33
33
33
33
33
33
33
33
24
24
33
24
24
24
24
24
24
24
24
24
24
24
24
24
24
24
19
19
19
19
19
19
19
19
19
19
19
19
19
19
19
19
19
19
19
19
19
19
19
19
19
19
19
19
19
19
19
10
27
27
19
27
27
27
27
27
27
27
27
27
27
19
19
27
19
19
19
19
19
19
19
10
10
10
19
19
19
19
27
27
27
27
27
27
27
27
19
19
27
27
27
27
19
27
27
27
27
19
10
27
24
16
16
16
16
16
16
16
35
18
16
16
16
6
6
6
16
6
6
6
6
6
6
6
6
6
25
25
25
25
25
25
25
25
25
25
25
25
25
25
25
25
25
25
25
25
25
25
25
25
25
25
25
38
38
38
38
38
38
38
38
38
26
26
26
26
38
26
26
26
26
26
26
26
26
26
26
26
26
26
26
26
26
26
26
26
26
26
26
26
26
26
26
36
36
26
26
36
36
9
9
36
36
36
36
36
36
36
36
36
36
36
36
36
36
36
36
36
36
36
36
36
15
36
36
36
15
36
36
36
15
37
15
15
15
37
37
37
37
37
37
37
37
37
37
37
37
37
37
37
37
37
37
37
41
37
37
41
41
41
41
41
41
41
41
41
41
41
41
41
41
41
41
41
40
40
40
40
40
40
40
40
40
40
40
40
40
40
40
40
40
40
40
40
40
40
40
40
40
40
40
40
40
21
30
21
30
21
21
21
21
21
21
21
30
21
21
21
21
30
30
21
30
30
21
30
21
21
21
21
30
21
21
21
21
21
21
21
21
21
21
30
21
21
21
21
30
21
39
39
39
39
21
21
21
21
21
21
21
21
21
21
30
30
30
39
30
30
39
30
39
39
39
30
30
39
39
30
30
39
39
39
39
39
39
30
39
39
39
30
39
39
39
30
39
39
39
39
39
39
39
39
39
39
39
39
39
39
39
39
39
39
39
39
39
39
39
39
39
39
23
23
23
23
23
23
23
23
23
39
23
23
23
