12
12
14
14
31
4
31
4
31
31
4
31
31
31
2
14
4
23
4
43
4
4
31
31
31
31
31
31
14
31
31
32
31
31
32
14
31
32
32
23
14
32
14
23
14
14
14
23
14
14
32
14
14
14
14
14
23
23
14
23
23
23
14
23
32
14
14
14
14
14
14
14
14
14
14
11
14
14
11
23
11
14
11
14
11
14
11
11
11
14
11
11
11
11
11
8
11
11
11
11
11
18
18
18
18
18
18
18
18
18
18
18
18
18
35
35
18
18
35
35
35
35
35
35
35
35
35
35
35
35
35
35
35
35
35
35
17
17
17
17
17
17
17
17
17
17
17
17
17
17
17
17
17
17
17
17
17
3
3
3
17
3
3
3
3
3
8
3
3
23
23
11
23
8
23
1
11
18
11
34
34
34
34
34
34
34
34
34
1
1
1
1
1
1
20
1
1
20
20
1
1
1
1
20
1
1
20
20
20
20
20
20
20
1
20
20
20
20
20
20
20
20
20
20
20
20
42
20
42
20
20
20
20
20
20
20
42
20
20
42
42
20
42
42
29
2
29
29
29
2
5
5
5
5
5
5
5
5
5
5
5
5
5
5
5
5
5
5
5
5
5
5
5
5
5
5
5
2
5
5
2
2
5
5
5
5
2
2
2
2
5
2
2
2
2
2
2
2
2
2
0
2
2
0
0
0
2
0
0
0
2
7
7
7
0
7
7
7
33
33
33
33
33
33
33
33
33
33
33
33
33
33
33
33
33
24
24
24
24
24
24
24
24
24
24
24
24
7
24
24
24
24
24
24
19
19
19
19
19
19
19
19
19
19
19
19
19
19
19
10
19
10
10
10
19
19
19
10
10
10
10
10
10
10
10
10
10
10
10
10
27
10
10
27
27
27
27
27
27
27
27
10
19
19
16
16
16
16
16
16
16
16
16
16
16
16
16
16
16
16
16
16
16
16
16
16
6
6
6
6
6
26
6
6
26
25
25
25
25
25
25
25
25
25
25
25
25
25
25
25
25
25
25
25
25
25
25
38
38
38
38
38
38
38
38
38
38
38
38
38
38
38
38
38
26
26
38
26
26
26
38
26
26
26
38
26
26
26
26
26
26
26
26
26
26
26
26
26
26
26
26
26
26
26
26
26
26
26
26
26
26
26
26
26
9
9
9
9
9
26
9
36
36
36
36
36
36
36
36
36
36
36
36
36
36
36
36
36
36
36
36
36
36
36
15
15
15
15
15
15
37
37
37
37
37
37
37
37
37
37
37
37
37
37
37
37
37
37
37
37
37
37
37
37
37
37
37
37
37
37
37
41
41
41
41
41
41
40
40
40
40
40
40
40
40
40
40
40
40
40
40
40
40
40
40
40
40
40
40
40
40
21
21
21
21
21
21
21
21
21
21
21
21
21
21
21
21
21
21
21
21
21
21
30
21
21
21
42
21
30
39
39
30
30
30
30
30
30
30
30
30
30
30
30
30
30
30
30
30
30
30
30
39
39
39
39
39
39
39
39
39
39
39
39
39
39
39
39
39
39
39
39
39
39
39
39
39
39
39
39
39
39
39
39
39
39
39
39
39
39
39
