4
4
4
4
4
4
4
4
4
4
4
4
4
4
4
4
4
4
4
4
4
4
4
4
4
4
4
4
4
4
4
4
4
4
4
4
4
43
43
31
31
31
31
31
31
31
31
31
31
14
31
31
31
14
14
32
32
14
14
32
14
14
14
14
1
11
14
14
14
14
14
14
32
14
14
14
32
14
14
14
32
14
14
14
14
14
14
14
11
11
14
14
14
11
11
11
11
11
11
11
11
11
11
11
4
4
8
34
34
18
34
18
18
18
35
35
35
35
35
35
35
35
35
35
35
35
35
35
35
35
35
35
35
35
35
35
35
35
35
35
35
17
35
17
17
17
17
17
17
17
17
17
17
17
17
17
17
17
17
17
17
3
17
17
17
23
23
17
3
23
23
8
29
23
42
42
8
5
1
4
28
4
8
28
28
34
5
0
2
5
5
5
2
5
5
5
2
5
5
5
5
5
5
5
20
42
20
1
1
42
29
5
5
5
5
5
5
2
5
2
2
5
5
5
5
2
5
2
5
2
5
5
5
2
5
5
2
2
5
5
5
2
5
5
5
2
2
5
2
0
2
2
2
0
0
0
0
0
2
2
0
0
0
0
0
0
7
7
0
7
7
7
2
7
7
0
0
7
7
7
2
7
7
0
2
7
7
7
5
7
7
7
7
7
7
7
7
7
7
7
2
7
7
7
2
7
7
7
2
7
7
7
2
7
7
7
2
7
7
7
0
7
7
7
0
7
7
7
0
7
7
7
0
7
7
7
0
7
7
7
0
7
7
7
0
7
7
7
33
33
33
33
33
33
33
33
33
33
33
33
24
24
24
24
24
24
24
24
24
24
24
24
24
24
24
24
24
24
24
24
19
19
19
19
19
19
19
19
19
19
19
19
19
19
19
19
19
19
19
27
27
27
27
10
10
10
10
10
10
10
10
10
10
10
27
27
27
27
27
27
27
27
27
27
27
27
27
27
27
27
27
27
27
24
28
16
16
16
16
16
16
16
16
16
16
16
6
6
6
6
6
6
6
6
6
25
25
25
25
25
25
25
25
25
25
25
25
25
25
25
25
25
25
25
25
25
25
25
38
38
38
38
38
38
38
38
38
38
38
38
38
38
38
26
38
26
38
26
26
26
26
26
26
26
26
26
26
26
26
26
26
26
26
26
26
26
26
36
36
9
26
9
36
26
36
36
36
36
26
36
36
36
36
36
36
36
36
36
36
36
36
36
36
36
36
36
36
36
36
15
36
36
36
15
15
15
15
15
37
15
37
37
37
37
37
37
37
37
41
41
41
41
41
41
41
41
41
41
41
41
41
41
41
40
40
41
41
21
40
40
40
39
40
40
40
40
40
40
40
40
40
40
40
40
40
40
40
40
40
40
21
21
40
40
40
40
40
40
40
21
21
21
21
21
21
21
21
21
30
39
30
30
30
30
30
30
40
30
30
30
30
30
30
30
30
30
39
30
30
30
39
30
30
30
39
30
39
39
39
39
39
39
39
39
39
30
39
39
39
39
39
39
39
39
39
39
39
39
39
39
39
39
39
39
39
39
23
23
39
39
39
39
23
39
39
39
39
