4
4
4
4
4
4
4
4
4
4
4
4
4
4
4
4
3
1
4
3
11
11
11
11
3
11
11
3
14
14
4
11
4
4
4
4
4
4
4
4
4
4
4
23
23
23
4
23
4
4
4
4
4
4
4
43
4
4
43
43
43
43
43
43
43
43
43
43
43
43
43
43
43
43
43
43
43
43
31
31
31
31
31
31
31
31
31
31
31
31
31
31
32
14
32
32
14
32
32
32
32
14
32
32
32
32
32
14
14
14
14
14
14
14
14
14
14
14
14
14
14
14
14
14
14
14
14
14
14
14
14
14
14
14
14
14
14
14
14
14
14
14
18
11
11
11
11
11
18
11
11
11
11
11
11
18
18
18
18
18
18
18
18
18
18
18
18
18
18
18
35
18
18
35
35
18
18
18
18
18
18
35
35
35
35
17
35
35
35
35
35
35
17
17
17
17
17
17
17
17
17
17
17
17
17
17
17
17
17
17
17
17
17
17
17
17
17
3
3
3
3
3
3
3
3
3
3
3
3
8
8
8
8
8
8
8
8
4
4
8
34
34
34
34
34
34
34
34
34
34
1
1
1
1
1
1
1
1
1
1
1
1
1
1
1
1
1
1
1
1
1
1
1
1
1
1
20
20
1
1
1
1
1
1
20
20
20
20
20
20
20
20
20
20
20
20
20
20
20
42
42
42
42
42
42
42
42
42
42
42
42
42
29
29
29
29
29
29
29
5
23
23
5
5
5
5
5
5
5
5
5
5
23
5
2
2
2
5
5
5
5
2
2
2
2
5
2
2
2
2
2
2
2
2
2
2
2
2
2
2
2
2
0
0
23
2
0
0
23
0
0
0
23
0
0
0
23
0
0
0
0
0
2
23
0
23
29
23
7
33
33
33
24
24
24
33
33
33
33
33
33
33
33
33
24
33
24
24
24
24
24
24
24
24
24
24
24
24
24
24
23
24
24
24
19
19
19
19
19
19
19
19
19
19
19
19
19
19
19
19
10
10
10
10
10
10
10
10
10
19
10
10
10
10
10
10
10
10
27
27
27
27
27
27
27
27
27
27
27
27
27
27
27
27
27
27
33
23
23
16
16
16
16
16
16
39
16
16
16
16
16
16
16
16
16
16
16
16
16
16
16
6
6
6
6
6
6
6
25
25
25
25
25
25
25
25
25
25
25
25
25
25
25
25
25
25
38
38
38
38
38
38
38
38
38
38
38
38
38
38
38
38
38
26
26
26
38
26
38
26
38
26
38
26
38
26
26
26
26
26
26
36
36
36
36
26
9
36
36
36
36
36
36
36
9
36
9
9
36
36
36
36
36
36
36
36
36
36
36
36
36
36
36
36
36
36
36
36
36
36
36
36
36
15
15
36
36
36
15
15
15
15
15
36
37
37
37
6
37
36
37
37
37
37
37
37
37
37
37
37
37
37
37
37
37
37
37
37
37
41
37
41
41
41
41
41
41
41
41
41
41
41
41
41
41
41
41
41
40
41
40
40
40
40
40
40
40
40
40
40
40
40
40
40
40
40
40
40
40
40
40
40
40
40
40
40
21
21
21
21
21
21
21
21
21
30
21
21
21
21
21
21
21
30
30
21
30
30
30
30
30
39
39
39
39
39
39
39
39
30
30
39
30
39
39
39
30
30
30
30
30
30
39
30
30
39
39
39
39
39
39
39
39
39
39
39
39
39
39
39
39
39
39
39
39
39
39
39
39
39
39
39
39
39
39
39
39
39
39
39
39
39
39
39
39
