4
4
4
4
4
4
4
4
4
4
4
4
4
4
4
4
4
4
4
4
4
4
4
4
4
4
4
4
4
4
4
4
4
4
4
4
4
4
4
4
4
4
43
43
43
43
43
43
43
43
43
43
43
43
43
43
43
43
43
43
43
43
43
43
43
43
43
43
43
31
31
31
31
31
31
14
11
14
31
31
32
14
31
32
14
14
32
14
14
14
14
14
14
14
14
14
11
14
14
14
14
14
14
14
14
11
14
14
11
11
11
14
14
11
11
14
14
14
14
14
14
14
11
11
11
11
14
11
11
11
11
11
11
11
11
11
11
11
11
11
11
11
11
11
11
8
8
34
18
11
18
17
34
18
34
35
18
18
18
35
18
35
18
35
35
35
35
35
35
35
35
35
35
35
35
35
35
35
35
35
35
35
35
17
17
17
17
17
17
17
17
17
17
17
17
17
17
17
17
17
17
17
17
17
17
17
17
17
17
17
17
3
3
8
8
34
22
18
29
8
34
34
1
17
18
34
34
34
34
1
1
1
1
1
1
1
1
1
1
1
1
1
1
1
1
1
1
1
1
1
1
1
1
1
1
1
1
1
1
1
1
1
20
20
20
20
20
20
20
20
20
42
20
20
20
20
20
20
42
42
42
20
42
42
42
42
42
42
42
42
42
42
29
42
29
42
20
20
29
29
20
20
20
29
20
18
5
5
29
20
5
5
5
5
5
5
5
5
5
5
2
2
2
2
2
2
2
0
2
2
2
2
0
0
2
0
0
23
0
0
0
0
0
0
0
0
0
0
0
0
0
0
0
0
0
0
0
7
7
0
7
0
7
5
24
33
33
33
33
33
33
24
24
24
24
33
24
24
24
24
24
24
24
24
24
24
24
24
24
24
24
24
24
24
24
24
24
24
29
24
29
24
24
24
24
24
24
19
19
19
19
19
19
19
19
19
19
19
19
19
19
19
19
19
10
10
10
10
19
19
19
19
10
10
10
10
10
10
10
10
27
27
27
27
27
27
27
27
27
27
27
27
27
27
27
27
27
27
27
27
27
16
23
16
19
16
16
16
16
16
16
16
16
16
16
16
16
16
6
6
6
6
6
6
6
25
25
25
25
25
25
25
25
25
25
25
25
25
25
25
25
25
25
25
25
25
38
38
38
38
38
38
38
38
38
38
38
38
38
38
38
38
38
38
38
38
38
38
38
38
26
38
38
38
26
26
26
26
26
26
26
26
26
26
26
26
26
26
26
26
9
26
26
26
26
26
26
26
36
26
36
9
36
26
9
9
36
9
36
36
36
26
36
36
36
26
36
36
36
36
36
36
36
36
36
36
36
36
15
15
15
15
15
36
37
37
37
37
37
37
37
37
37
41
37
37
37
37
37
37
41
41
41
41
41
41
41
41
41
41
41
41
41
41
40
40
40
40
40
40
40
40
40
40
40
40
40
40
40
40
40
40
40
40
40
40
40
40
40
40
40
40
40
40
40
40
40
40
40
40
40
21
21
21
30
30
21
30
30
30
39
39
39
30
30
30
30
30
30
30
30
30
39
30
30
30
39
30
30
30
30
39
30
39
39
39
39
39
39
39
39
39
39
39
39
39
39
39
39
39
39
39
39
39
39
39
39
39
39
39
39
39
39
39
39
39
39
39
39
39
39
39
39
