4
4
4
4
4
4
4
4
4
4
4
4
4
4
4
4
4
4
4
4
4
4
4
4
4
4
4
4
43
4
4
4
4
4
4
4
4
4
4
4
29
4
29
4
5
4
4
4
4
4
4
4
31
4
4
4
4
4
4
4
31
4
4
4
14
4
4
4
1
1
1
1
4
4
4
1
1
1
4
4
43
43
43
43
43
43
4
4
4
43
1
31
31
43
4
43
43
31
31
14
32
31
31
14
14
31
31
32
14
1
32
32
32
1
32
32
32
32
32
14
32
14
14
32
32
14
14
14
32
14
14
14
14
11
11
14
14
14
14
14
14
14
14
14
14
11
14
14
14
11
11
14
14
11
11
11
11
11
11
11
11
11
11
11
11
11
11
11
29
11
1
1
11
11
4
4
4
4
4
11
17
18
18
18
17
35
18
18
35
35
18
35
35
35
35
35
17
17
35
35
35
35
35
35
17
17
17
35
17
17
35
35
17
17
17
17
17
17
17
17
17
17
17
17
17
17
17
17
3
17
3
3
3
17
3
3
3
3
3
3
1
1
1
1
20
20
1
1
8
28
28
31
4
4
3
8
8
8
8
8
8
34
34
34
34
1
34
1
1
1
23
1
1
1
1
1
1
1
1
1
1
1
1
1
1
20
1
1
1
20
20
20
23
20
20
20
20
42
20
20
20
42
20
20
20
42
20
20
20
42
42
20
20
42
42
20
42
42
42
42
42
42
29
29
20
29
29
29
29
29
5
5
5
5
29
29
29
5
5
5
5
5
5
5
5
5
5
5
5
5
5
5
5
2
5
2
2
2
2
2
0
0
2
2
0
0
2
2
0
0
0
0
0
0
0
0
0
0
0
0
0
0
0
0
7
7
0
0
7
7
7
7
7
7
7
7
7
33
33
33
33
33
33
33
33
33
33
33
33
33
33
33
33
33
33
24
24
24
24
24
24
24
24
24
24
24
7
33
24
24
24
24
24
19
19
19
19
19
19
19
19
19
19
19
19
19
19
19
19
19
19
19
19
19
19
19
19
19
19
19
19
19
19
19
19
19
19
19
19
19
19
19
19
19
10
19
27
27
27
27
27
27
27
27
27
27
27
27
27
27
27
19
16
16
16
16
16
16
16
16
16
16
16
16
16
16
16
16
16
16
16
16
16
16
6
16
16
16
16
16
16
16
6
6
16
16
6
6
6
6
6
6
6
6
6
6
6
6
6
6
6
6
6
6
6
23
6
6
6
6
6
35
35
23
23
23
39
23
25
25
25
23
23
23
23
18
25
23
25
25
25
25
25
25
25
25
25
25
25
25
25
25
25
25
25
25
25
25
25
25
25
38
38
38
38
38
38
38
38
38
38
38
38
38
38
38
38
38
38
38
38
38
38
38
38
38
38
38
38
38
38
38
38
26
26
36
36
26
36
36
26
9
36
36
36
36
36
36
36
36
36
36
36
36
36
36
36
36
36
36
36
36
36
36
36
36
36
36
36
36
36
36
36
36
36
36
36
36
36
36
36
15
15
15
37
37
37
37
37
37
37
37
37
36
6
26
37
37
37
37
37
37
41
41
37
40
40
41
40
41
40
41
41
41
41
41
40
40
40
40
40
40
40
40
40
40
40
40
40
40
40
40
40
40
40
40
39
39
39
40
21
40
40
40
40
40
40
21
21
40
13
40
30
21
40
40
40
40
40
40
21
21
40
40
21
21
21
40
40
21
40
40
40
21
40
40
21
30
30
30
30
21
30
30
30
30
30
30
30
30
30
21
30
30
30
30
30
30
30
30
30
30
30
39
39
39
39
39
39
39
39
39
39
39
30
39
39
39
39
39
39
39
39
39
39
39
39
39
39
39
39
39
39
39
39
39
39
39
39
39
39
39
39
39
39
39
39
39
39
39
39
39
39
39
39
39
39
39
39
39
39
39
39
39
39
39
39
39
39
