14
32
31
23
23
23
23
23
4
4
4
4
4
4
4
4
4
4
4
4
4
4
4
23
6
6
23
23
23
23
4
4
4
4
4
4
4
4
4
4
4
4
4
4
4
4
4
4
4
4
4
4
4
4
4
4
4
4
4
4
4
4
31
43
31
31
14
14
31
14
11
11
31
11
14
14
31
32
14
31
31
2
32
32
14
14
14
14
14
14
14
14
14
14
14
14
14
14
14
14
14
14
14
14
14
14
14
14
14
14
14
14
14
14
14
14
14
14
14
14
14
14
14
14
14
14
14
11
14
14
14
14
14
14
14
11
11
11
11
11
11
11
11
18
11
11
18
18
18
18
18
18
18
18
18
18
18
18
18
18
18
18
35
35
35
18
18
18
35
35
35
35
35
35
35
35
35
18
35
35
35
35
35
17
17
17
17
3
17
17
17
17
17
17
17
17
17
3
17
3
3
3
3
3
3
3
3
3
3
3
3
8
8
8
8
8
4
8
8
8
43
8
31
11
8
41
34
34
34
34
34
34
1
1
1
1
1
1
1
1
1
1
1
1
1
1
1
1
1
1
20
1
20
1
20
1
20
20
20
20
20
20
20
20
20
20
20
20
20
20
20
20
20
20
20
20
20
20
20
42
20
42
42
42
42
42
42
29
29
29
29
29
29
29
29
29
5
5
29
29
29
29
29
5
5
5
5
5
5
29
5
5
5
29
5
5
5
5
5
5
5
5
5
2
2
2
2
5
5
2
5
2
2
2
5
2
2
2
5
2
2
2
2
2
0
2
2
2
0
0
0
0
0
0
7
7
7
7
7
2
29
29
29
29
7
33
33
33
33
33
33
33
33
33
33
33
33
33
33
33
33
24
33
24
24
24
24
24
24
24
24
24
24
24
24
24
24
43
24
24
24
24
24
24
24
24
19
19
19
19
19
19
19
19
19
19
19
19
19
19
19
19
19
19
27
19
19
10
19
19
10
10
19
10
19
19
19
10
19
10
10
10
19
10
10
10
19
19
19
10
10
27
27
27
27
27
27
27
27
27
27
27
27
27
27
27
27
10
24
24
43
16
16
16
16
16
16
16
16
16
16
16
16
16
16
16
6
6
6
6
6
6
6
6
6
25
25
25
25
25
6
6
6
6
6
6
26
25
25
25
25
25
25
25
25
25
25
25
25
25
25
25
25
25
25
25
25
38
38
38
38
38
26
38
38
38
38
26
38
38
38
38
38
26
26
26
26
26
26
26
26
26
26
26
26
26
26
26
26
26
26
26
26
26
26
26
26
26
26
26
26
26
26
26
9
36
36
36
36
36
36
36
36
36
36
36
36
36
36
36
36
36
36
36
36
36
36
15
15
36
15
15
15
36
15
15
36
15
39
39
23
37
23
23
39
16
35
39
6
23
39
39
16
16
16
39
23
16
16
23
23
41
41
41
41
41
41
41
41
41
41
41
41
41
41
41
40
40
40
40
40
40
40
40
40
40
40
40
40
40
40
40
40
40
40
40
40
40
40
40
40
40
40
40
40
40
40
40
40
40
40
40
40
21
40
21
21
21
21
21
21
21
30
30
21
30
30
30
30
30
30
30
30
30
30
30
30
30
30
30
30
30
30
30
30
30
30
30
30
30
30
30
30
39
39
39
39
39
39
39
39
39
39
39
39
39
39
39
39
39
39
39
39
39
39
39
39
39
39
39
39
39
39
39
39
39
39
39
39
39
39
