4
4
4
4
4
4
4
4
4
4
3
4
4
4
4
4
4
4
4
4
3
3
3
3
3
3
3
3
3
4
4
4
4
3
4
4
4
4
4
4
4
4
4
4
4
4
4
4
4
4
4
4
4
4
4
4
4
4
4
4
4
4
4
4
4
4
4
4
4
4
4
4
4
4
4
4
4
4
4
4
4
4
4
3
3
4
4
4
4
4
4
4
4
4
4
4
4
4
4
4
4
4
4
4
4
4
4
4
4
4
4
4
4
4
4
4
4
4
4
4
4
4
4
4
43
43
43
43
43
43
43
43
43
43
43
43
43
43
43
43
43
43
31
31
31
43
31
31
43
31
43
31
31
31
31
31
31
32
14
14
14
14
14
14
14
14
14
14
32
14
14
14
14
14
14
14
14
32
14
32
14
14
14
14
14
14
14
14
14
14
14
14
14
14
14
14
14
14
14
14
14
14
14
14
14
14
11
11
11
14
11
11
11
3
11
11
11
11
11
18
11
11
18
18
18
18
18
18
18
18
18
18
18
35
35
18
18
35
35
35
18
35
17
35
18
35
35
35
18
35
35
35
18
17
17
17
35
17
17
17
17
17
17
17
17
17
17
17
17
17
17
17
17
17
17
17
3
17
17
17
17
17
17
3
3
3
17
23
22
17
22
1
22
23
18
23
18
35
35
18
35
35
34
34
1
34
34
34
34
1
1
1
1
1
1
1
1
1
1
1
1
1
1
20
1
20
1
20
1
1
20
1
1
20
20
20
20
20
20
20
20
20
20
20
20
20
20
20
20
20
42
20
42
42
42
42
20
42
42
20
42
42
42
42
29
29
29
29
42
29
5
5
5
5
29
29
5
5
5
5
5
5
5
5
5
5
5
5
5
5
5
5
5
5
5
5
2
2
2
2
0
0
2
2
2
2
2
2
5
0
2
5
2
0
2
0
0
0
2
0
2
0
2
2
0
0
0
0
0
0
2
0
7
7
2
7
0
7
5
29
7
33
33
33
33
33
33
33
33
33
33
33
33
33
33
33
33
33
33
33
24
24
24
24
24
24
24
24
24
24
33
7
24
24
24
24
24
24
19
19
19
19
19
19
19
19
19
19
19
19
10
19
10
10
24
16
16
10
19
19
10
19
10
10
19
10
10
10
10
10
10
10
10
10
10
10
27
27
27
27
27
27
27
27
27
27
27
27
27
27
27
10
27
27
27
16
16
16
16
16
16
16
16
16
16
16
16
6
6
23
6
6
6
6
6
6
25
25
25
25
25
25
25
25
25
25
25
25
25
25
25
25
25
25
25
25
25
25
38
38
38
38
38
38
38
38
38
38
38
38
38
38
38
38
38
38
38
38
38
38
38
38
38
38
38
38
38
38
26
26
26
26
26
26
9
26
26
9
26
26
26
9
26
26
26
36
23
26
26
9
26
26
26
36
26
26
26
36
26
26
26
36
36
26
26
36
36
9
36
36
36
9
36
36
23
36
23
23
23
36
37
37
37
37
37
37
37
37
37
37
37
37
37
37
37
37
37
37
41
37
37
37
41
37
37
37
41
37
37
37
41
41
37
37
41
37
41
41
37
41
37
37
41
37
37
37
41
41
41
41
41
41
37
41
41
37
37
37
41
41
41
40
40
40
40
40
40
40
40
40
40
40
40
40
40
40
40
40
40
40
40
40
40
40
40
40
40
40
40
40
40
40
40
40
40
40
40
40
40
40
40
40
40
40
40
40
40
40
40
40
40
40
40
40
40
40
40
21
30
30
30
21
21
30
30
30
30
30
39
30
30
30
30
30
30
30
30
30
30
30
30
30
30
30
30
30
30
30
30
30
30
30
30
30
30
30
39
30
30
30
39
30
30
39
39
39
39
30
39
39
30
39
39
39
30
39
39
30
30
30
39
39
39
39
39
39
39
39
39
39
39
39
39
39
39
39
39
39
39
39
39
39
39
39
39
39
39
39
39
39
39
39
23
23
23
39
23
23
23
23
23
23
23
39
