3
3
3
3
3
3
3
3
3
3
3
3
3
3
3
3
3
3
3
3
3
3
3
3
3
3
3
3
3
3
3
3
3
4
4
4
4
4
4
4
4
4
4
4
4
3
4
4
4
3
3
4
4
4
4
4
3
3
3
3
4
4
4
4
4
3
4
4
4
4
4
4
4
4
4
4
4
4
4
4
4
4
4
4
4
4
4
4
4
4
4
4
4
4
4
4
4
4
4
4
4
4
4
4
4
4
4
4
4
4
4
4
4
4
4
4
4
4
4
4
4
4
4
4
4
4
4
4
4
4
4
4
4
4
4
4
4
4
4
4
4
4
4
4
4
4
4
4
4
4
4
4
4
43
43
43
43
43
43
43
43
43
43
43
43
43
43
43
43
43
43
43
43
43
31
43
43
43
43
31
31
31
32
14
32
32
14
14
14
14
14
14
14
14
14
14
14
14
14
14
14
14
14
14
14
14
14
14
14
14
14
14
14
14
14
14
14
14
14
14
14
14
14
14
14
14
14
14
14
14
14
14
14
14
14
14
14
14
11
11
11
11
11
18
18
18
18
18
18
18
18
18
18
18
18
18
18
18
18
18
18
18
18
18
18
18
18
18
35
35
18
35
18
35
35
17
17
17
17
17
17
17
17
17
17
17
17
17
17
17
17
17
17
17
17
17
17
17
17
17
17
17
17
17
17
3
3
3
3
3
3
8
8
8
8
1
8
8
8
34
20
18
23
23
18
34
34
34
34
23
34
34
34
34
1
1
1
1
1
1
1
1
1
1
1
1
1
1
1
1
1
1
1
1
1
1
1
1
1
1
1
1
20
20
20
20
20
20
20
20
20
20
20
20
20
20
20
20
20
20
20
20
20
20
20
20
20
20
20
20
20
20
20
42
20
42
42
29
42
29
29
29
29
29
29
29
29
29
29
20
29
29
29
29
29
29
29
29
29
29
29
29
29
29
29
5
29
29
29
5
29
29
29
29
29
29
29
5
29
29
29
2
29
29
29
2
29
29
2
2
2
2
2
2
2
2
2
2
2
2
2
7
7
0
7
7
7
2
0
0
7
33
33
7
33
33
33
33
33
33
33
33
33
33
33
33
33
33
33
33
33
33
33
24
24
24
24
24
24
24
24
24
24
33
33
33
33
24
24
24
24
19
19
19
19
19
19
19
19
19
19
19
19
19
19
27
27
27
19
10
19
19
19
19
19
19
10
19
19
19
19
19
19
10
27
27
27
27
27
27
27
27
27
27
27
27
27
27
27
29
29
16
16
16
16
16
16
16
16
16
16
16
16
16
16
16
16
16
6
6
6
6
6
6
6
6
6
6
6
6
6
6
6
25
25
25
25
25
25
25
25
25
25
25
25
25
25
25
25
25
25
38
38
38
38
38
38
38
38
38
38
38
38
38
38
38
38
38
38
38
38
38
26
26
38
26
26
26
26
38
26
26
26
26
26
26
26
26
26
26
26
26
9
26
9
36
36
36
36
36
36
36
36
36
36
36
36
36
36
36
36
36
36
36
36
36
36
36
36
36
36
36
36
36
36
36
36
36
36
15
15
15
36
15
15
37
37
37
37
37
37
37
37
37
37
37
37
37
37
37
37
37
37
37
37
37
37
37
37
37
37
41
41
41
41
41
41
41
41
41
41
41
41
41
40
40
40
40
40
40
40
40
40
40
40
40
40
40
40
40
40
40
40
40
40
40
40
40
21
21
21
39
21
40
40
40
21
40
40
40
21
40
21
40
21
21
21
40
21
21
21
39
39
21
39
21
21
21
21
21
39
21
21
21
21
21
30
39
39
21
30
39
39
39
39
39
39
39
30
30
39
39
39
39
39
39
30
39
39
30
30
30
39
30
30
39
39
39
39
39
39
39
39
39
39
39
39
39
39
39
39
39
39
39
39
39
39
39
39
39
39
39
39
39
39
23
39
39
23
23
39
39
39
39
39
