3
22
4
22
3
3
3
3
3
3
3
3
3
4
3
3
3
3
3
3
3
31
4
12
4
31
4
4
12
31
3
23
8
4
2
8
8
8
8
8
8
8
8
4
4
4
8
8
3
6
2
0
6
4
3
3
3
3
3
3
3
3
3
0
3
3
3
3
3
3
3
3
3
3
3
3
3
3
4
4
3
3
8
3
3
3
3
3
3
6
3
3
6
8
6
3
6
6
8
3
3
3
8
8
8
6
6
4
4
31
3
3
23
3
23
23
3
4
3
4
4
3
22
4
4
4
22
3
3
3
3
3
4
22
22
22
4
3
4
4
3
3
3
22
22
3
3
3
3
3
3
3
3
3
3
3
3
22
4
4
4
4
22
4
4
22
22
4
22
4
3
3
3
3
4
4
3
3
3
3
3
12
3
3
4
4
4
4
4
4
4
4
3
4
4
4
3
3
3
3
3
4
4
3
3
4
4
4
4
4
4
4
4
4
4
4
4
3
4
4
4
4
4
4
4
4
4
4
4
4
3
3
4
4
4
4
4
4
4
4
4
4
4
4
4
31
4
4
4
28
28
43
43
28
28
28
28
43
28
28
43
43
43
28
43
43
43
43
43
28
43
28
43
43
43
28
43
43
43
43
43
43
43
43
43
43
43
43
43
43
43
43
43
43
43
43
43
43
43
43
43
43
43
43
43
31
43
31
31
31
31
31
14
14
14
14
14
32
14
14
32
32
14
14
14
32
14
14
14
14
14
14
14
14
14
14
14
14
14
14
14
14
14
14
14
14
14
14
14
14
14
14
14
14
14
14
14
11
14
14
14
11
14
14
14
11
14
11
11
11
11
11
11
11
11
11
18
18
18
18
18
18
18
18
18
18
18
18
18
18
18
18
18
18
18
18
18
18
18
18
18
18
35
18
18
18
35
35
35
35
35
35
35
17
17
35
18
35
35
17
35
17
17
17
17
17
17
17
17
17
17
17
17
17
17
17
17
17
3
17
17
17
17
17
3
3
3
3
3
3
8
8
8
8
8
34
8
8
34
34
34
34
34
34
34
34
34
34
34
34
34
34
1
1
1
1
1
20
1
20
1
1
1
1
1
1
1
1
1
1
20
20
1
1
20
20
20
20
20
20
20
20
20
20
20
20
20
20
20
20
20
20
20
20
20
20
20
20
20
20
20
20
42
42
42
42
42
29
20
29
20
20
20
29
5
5
29
2
2
5
29
29
29
5
5
5
5
2
2
5
5
2
2
2
2
2
2
2
2
2
2
2
2
2
2
2
2
2
2
2
2
2
2
2
2
2
2
2
2
0
2
2
0
0
0
2
0
0
0
0
0
0
0
2
0
0
7
0
0
0
7
0
0
0
33
33
33
33
33
33
33
33
33
33
33
33
33
33
33
33
33
33
33
33
24
24
24
24
24
33
24
24
24
24
24
24
24
16
24
24
24
24
19
19
19
19
19
19
19
19
19
19
19
19
19
19
27
27
19
10
27
27
27
10
10
10
10
10
10
10
27
27
27
27
27
27
27
27
27
27
27
27
27
27
27
27
27
27
27
27
27
27
27
16
16
16
16
16
16
16
16
16
16
16
16
6
6
6
6
6
6
6
6
6
6
25
25
25
25
25
25
25
25
25
25
25
25
25
25
25
25
25
25
25
25
25
25
25
25
38
38
38
38
26
38
38
38
38
38
38
38
38
38
38
38
38
38
26
26
26
26
26
26
38
38
38
38
38
26
26
26
26
26
26
26
9
9
26
26
36
36
9
26
36
9
9
9
36
36
36
36
36
36
36
9
36
36
36
36
36
36
36
36
36
36
36
36
36
36
36
36
36
36
36
36
36
36
36
15
15
15
15
15
15
37
37
37
37
37
37
37
37
37
37
37
37
41
41
37
41
41
41
41
41
41
41
41
41
41
41
41
41
41
41
41
41
41
41
41
41
41
41
40
40
40
40
40
40
40
40
40
40
40
40
40
40
40
40
40
40
40
40
40
40
21
21
21
21
21
21
21
21
21
21
21
21
21
21
21
21
21
21
21
21
21
30
30
21
30
30
39
39
39
39
30
30
30
30
39
39
30
30
30
30
30
30
39
30
30
30
30
30
30
39
39
39
39
39
39
39
39
39
39
39
39
39
39
39
39
39
39
39
39
39
39
39
39
39
39
39
39
39
23
23
39
39
23
39
23
23
23
39
23
23
