4
4
4
4
4
4
4
4
4
4
4
4
4
4
4
4
4
4
4
4
4
4
4
4
4
4
4
4
4
4
4
4
4
4
4
4
4
4
4
4
4
4
4
4
4
4
43
43
43
31
14
14
14
14
31
14
14
14
31
32
31
14
31
14
14
14
14
14
14
14
14
14
14
14
14
14
14
14
14
14
14
14
14
14
14
14
14
14
14
14
14
14
14
14
14
14
14
14
14
14
14
14
14
11
14
11
11
11
11
11
11
11
11
11
11
11
11
11
11
18
18
18
18
17
18
18
18
18
18
18
18
18
18
18
18
18
18
18
18
18
18
18
18
17
17
17
18
17
35
17
17
17
17
17
17
17
17
17
17
17
17
17
17
17
17
17
17
17
11
17
17
3
17
17
8
8
8
17
17
8
11
11
43
8
8
8
8
8
8
8
8
43
18
18
4
18
18
18
18
18
34
34
34
34
34
34
34
1
1
1
34
1
1
1
1
1
1
1
1
1
1
1
1
1
1
1
1
1
1
1
1
1
1
1
1
1
1
1
20
1
1
20
20
20
20
20
20
20
20
20
20
42
20
42
42
42
20
42
42
42
20
42
42
29
42
29
29
29
29
29
22
29
29
29
29
29
29
29
29
29
29
5
5
5
5
2
5
5
5
29
5
29
5
2
2
5
5
2
2
2
2
2
2
2
5
2
2
2
2
2
2
2
2
2
2
2
2
2
0
0
2
2
0
0
0
2
0
0
2
2
7
7
0
2
0
29
2
7
24
7
7
33
33
33
33
33
33
33
33
33
33
33
33
33
33
33
33
33
33
33
33
24
24
24
24
24
24
24
24
24
24
24
24
19
19
19
19
19
19
19
19
19
19
19
19
19
19
19
19
19
19
19
19
19
19
19
19
19
19
19
19
19
19
19
19
27
19
27
27
27
27
27
27
27
27
27
27
27
27
27
27
27
27
27
27
27
27
27
27
27
19
27
19
19
19
19
19
19
19
19
19
19
19
19
19
27
27
27
27
16
16
19
16
16
16
16
16
16
16
16
16
16
16
16
16
6
6
6
6
6
6
26
26
26
25
25
25
25
25
25
25
25
25
25
25
25
25
25
25
25
25
25
25
25
25
25
25
38
38
38
38
26
26
38
38
38
38
26
26
26
26
38
26
26
26
26
26
26
26
26
26
26
26
26
26
38
26
26
26
26
26
26
26
26
26
26
26
26
26
9
36
9
36
9
36
36
36
36
36
36
36
36
36
9
36
36
36
36
36
36
36
36
36
36
36
36
36
36
36
36
36
36
36
36
36
15
15
15
15
15
15
37
37
37
37
37
37
37
38
37
37
37
37
37
37
37
37
37
37
41
41
41
41
41
41
41
41
41
41
41
41
41
41
41
41
41
40
40
40
40
40
40
40
40
40
40
40
40
40
40
40
40
40
40
40
21
21
21
21
21
21
21
21
21
21
21
21
21
21
21
21
21
21
21
21
21
21
21
21
21
21
21
21
21
21
21
21
21
21
21
21
21
21
21
21
21
21
21
21
21
30
30
30
30
30
30
30
30
30
30
39
30
30
30
39
30
30
30
30
30
30
30
30
30
30
30
30
39
39
39
39
39
39
39
39
39
39
39
39
39
39
39
39
39
39
39
39
39
39
39
39
39
39
39
39
39
39
39
39
39
39
39
39
39
39
39
