4
4
4
4
4
4
4
4
4
4
4
4
4
4
4
4
4
4
4
4
4
4
4
4
4
43
4
4
4
43
4
4
4
4
43
4
4
4
4
4
4
4
4
4
4
31
31
43
31
43
31
31
32
32
14
32
32
31
31
32
31
32
14
32
32
14
14
14
32
32
14
14
32
14
32
14
14
14
14
14
14
14
14
14
14
14
14
14
14
14
14
14
14
14
14
14
14
14
14
14
14
14
14
11
11
11
11
11
11
11
11
11
11
18
18
18
18
18
18
18
18
18
18
18
18
18
18
18
18
35
18
18
18
35
18
18
35
35
35
35
35
35
35
35
35
35
35
35
35
35
35
17
35
17
35
35
17
17
17
17
17
17
17
17
17
17
17
17
17
17
17
3
17
17
17
17
3
3
3
3
3
3
3
3
3
3
3
3
23
23
8
8
8
8
8
8
8
4
8
18
18
8
11
8
34
34
34
34
34
34
34
1
1
1
1
1
1
1
1
1
1
1
1
1
1
1
1
1
1
1
20
1
1
20
20
1
1
20
20
20
1
20
1
20
20
20
20
20
20
20
20
20
20
20
20
20
20
20
20
20
20
42
42
42
20
42
42
42
29
29
29
29
29
5
5
5
5
5
5
5
5
5
5
5
5
5
5
5
5
5
2
5
5
5
5
5
5
5
5
5
5
5
5
5
5
2
2
2
2
2
2
2
2
2
2
2
0
0
0
0
2
0
0
0
0
0
0
0
0
0
0
0
0
0
0
0
7
7
0
0
7
7
33
33
33
33
33
33
33
33
33
33
33
33
33
33
33
33
24
24
24
33
24
24
24
24
24
24
24
24
24
24
24
24
24
24
24
19
19
19
19
19
19
19
19
19
19
19
19
19
19
19
19
19
19
10
10
10
10
19
10
10
10
10
10
10
10
10
10
27
27
27
27
27
27
27
27
27
27
27
27
27
27
27
27
27
27
27
27
27
16
16
16
16
16
16
16
16
16
16
16
16
16
6
6
6
6
6
6
6
6
6
25
25
6
25
25
25
25
25
25
25
25
25
25
25
25
25
25
25
25
25
25
38
38
38
38
38
38
38
38
38
38
38
38
38
38
26
38
38
38
26
38
38
38
26
26
38
38
26
26
26
26
26
26
26
26
9
26
26
9
26
26
26
36
36
26
26
9
9
36
36
36
36
36
36
36
36
36
36
36
36
36
36
36
36
36
36
36
36
36
36
36
36
36
36
36
36
36
36
36
15
15
15
15
15
15
37
37
37
37
37
37
37
37
37
37
37
37
37
37
37
37
37
37
37
37
37
37
41
41
41
41
41
41
41
41
41
41
41
41
40
41
41
40
40
40
40
40
40
40
40
40
40
40
40
40
40
40
40
40
40
40
40
40
40
21
21
21
21
21
21
21
21
21
21
21
21
21
21
21
21
21
21
30
21
21
21
30
30
30
30
39
39
39
39
30
39
39
30
30
30
39
39
30
39
39
39
30
39
39
30
30
39
39
39
30
39
39
39
39
39
39
39
39
39
39
39
39
39
39
39
39
39
39
39
39
39
39
39
39
39
39
39
39
39
23
39
39
23
23
23
23
23
39
39
