4
4
4
4
4
4
4
4
4
4
4
4
4
4
4
4
4
4
4
4
4
4
4
4
4
4
4
4
4
4
4
4
4
4
4
4
4
4
4
4
4
43
4
4
4
4
4
4
4
4
43
4
4
4
4
23
31
11
11
11
11
11
11
4
4
31
11
31
31
4
31
31
31
31
31
31
31
31
31
31
31
31
32
14
32
14
14
14
14
14
14
14
32
32
32
14
32
14
32
14
14
14
14
14
14
14
14
14
14
14
14
14
14
14
14
14
14
14
14
14
14
14
14
14
14
14
14
14
14
11
11
14
11
11
11
11
11
11
11
11
11
11
11
11
11
18
18
18
18
18
18
18
18
18
18
18
18
18
35
18
18
18
18
35
18
18
18
35
17
35
35
35
35
35
17
17
17
17
17
17
17
17
17
17
17
17
17
17
17
17
17
17
17
17
17
17
17
17
3
3
3
17
3
17
3
3
3
3
3
3
23
23
8
8
11
8
8
18
8
11
11
23
34
8
8
34
8
34
34
34
34
34
1
34
1
1
1
1
1
1
1
1
1
1
1
1
1
1
1
1
1
1
1
1
1
1
1
1
1
1
1
1
1
1
1
1
1
1
1
20
1
1
1
1
20
20
1
20
1
1
20
20
20
20
20
20
20
20
20
20
42
42
42
23
42
29
42
20
29
29
29
29
29
29
29
29
29
29
29
29
29
5
5
5
5
5
5
5
5
5
5
5
5
5
5
5
5
5
5
5
2
5
2
5
2
5
2
2
2
2
2
2
2
2
2
2
2
2
2
2
2
2
2
0
2
2
0
0
2
2
7
7
0
0
0
29
29
29
5
29
29
29
5
7
33
33
33
33
33
33
33
33
33
33
33
33
33
33
33
33
33
33
33
24
24
24
24
24
24
24
24
24
24
24
24
29
29
24
24
24
24
24
19
19
19
19
19
19
19
19
19
19
19
19
19
19
19
19
19
19
19
10
10
10
10
19
19
19
19
10
10
10
10
10
10
10
10
10
10
10
10
27
27
27
27
27
27
27
27
27
27
27
27
27
27
27
27
27
27
27
27
27
16
16
16
16
16
16
16
16
16
16
16
16
16
16
16
16
6
6
6
6
6
6
6
6
6
25
25
6
25
25
25
25
25
25
25
25
25
25
25
25
25
25
25
25
38
38
38
38
38
38
38
38
38
38
38
38
38
38
38
38
38
38
26
26
38
38
26
26
26
26
26
26
26
26
26
26
26
26
26
26
26
26
26
26
26
26
26
26
26
26
26
26
26
9
9
26
9
9
9
9
36
36
36
36
36
9
36
36
36
36
36
36
36
36
36
36
36
36
36
36
36
36
36
15
15
15
15
15
36
36
37
36
36
36
37
37
37
37
37
37
37
37
37
37
37
37
37
37
41
41
37
41
41
41
41
41
41
41
41
41
41
41
40
40
40
40
40
40
40
40
40
40
40
40
40
40
40
40
40
40
40
40
30
39
21
21
40
21
21
21
21
21
21
21
21
21
21
21
21
21
21
21
21
30
21
21
40
21
40
21
21
21
21
21
21
21
21
21
21
21
30
21
21
21
21
30
21
21
21
21
21
21
21
21
21
21
21
21
30
21
21
21
21
21
21
21
39
39
39
30
39
39
39
39
39
39
30
39
39
39
30
39
39
39
39
39
39
39
39
39
39
39
39
39
39
39
39
39
39
39
39
39
39
39
39
39
39
39
39
39
39
39
39
39
39
39
39
39
39
39
39
39
23
23
23
23
23
39
23
23
23
23
23
23
23
