4
4
4
4
4
4
4
4
4
4
4
4
4
4
4
4
4
4
4
4
4
4
4
4
4
4
4
4
4
4
11
14
4
11
4
11
32
11
11
32
32
14
14
32
14
14
14
32
32
11
14
14
14
14
14
14
14
14
14
14
14
14
14
14
14
14
14
14
14
14
14
14
32
14
14
14
14
14
14
14
14
14
14
14
14
14
14
14
14
14
14
14
14
14
11
14
11
14
11
14
11
11
11
11
11
11
11
11
11
11
18
18
18
18
18
18
18
18
18
18
18
18
18
35
35
35
35
35
35
35
35
35
35
35
35
35
35
35
35
35
17
35
35
35
35
35
17
17
17
17
17
17
17
17
17
17
17
17
17
17
17
17
17
17
3
3
3
3
3
3
3
3
3
3
3
3
8
8
8
8
8
34
8
8
8
8
8
4
8
4
4
4
8
8
34
34
34
34
1
1
1
1
1
1
1
1
1
1
1
1
1
1
1
1
1
1
1
1
1
1
1
1
20
20
20
20
20
1
20
20
20
20
20
20
20
20
20
20
20
20
20
20
20
20
42
20
20
20
42
42
42
42
42
20
7
7
29
29
29
29
29
2
29
5
2
5
5
5
2
5
5
5
5
5
5
5
5
5
5
5
5
5
5
5
5
5
2
5
2
5
2
2
2
5
2
5
2
2
0
2
0
2
0
2
0
0
0
2
0
0
0
0
0
0
7
7
7
0
7
7
7
7
7
7
7
0
0
7
7
33
33
33
33
33
33
33
33
33
33
33
33
33
33
33
33
24
24
33
24
24
24
24
24
24
24
24
24
7
24
24
24
24
19
19
19
19
19
19
19
19
19
19
19
19
27
19
19
10
10
10
10
10
10
10
10
19
10
10
10
10
10
10
10
27
27
27
27
27
27
27
27
27
27
27
27
27
27
27
27
27
16
24
16
16
16
16
16
16
16
16
16
16
23
16
6
6
6
6
6
6
6
6
6
6
25
25
6
25
25
25
25
25
25
25
25
25
25
25
25
25
25
25
25
25
25
25
25
25
25
38
38
38
38
38
38
38
38
38
38
38
38
26
38
38
38
26
26
38
38
26
26
26
38
26
26
26
26
26
26
26
26
26
26
26
26
26
9
26
26
26
26
26
26
26
26
26
9
36
36
9
9
9
36
36
36
36
36
36
36
36
36
36
36
36
36
36
36
36
36
36
36
36
36
36
36
36
15
15
15
15
15
15
37
37
37
37
37
37
15
15
36
37
37
6
38
38
38
41
41
41
41
41
41
41
41
41
41
41
41
41
41
41
41
41
41
41
41
41
41
38
41
41
41
38
41
41
41
41
40
40
40
40
40
40
40
40
40
40
40
40
40
40
40
40
40
21
39
30
30
21
30
39
21
30
30
30
30
21
21
21
30
30
21
30
30
30
30
30
39
39
39
39
39
39
39
39
30
39
30
30
30
30
39
39
30
30
39
30
30
30
30
30
30
39
39
39
39
39
39
39
39
39
39
39
39
39
39
39
39
39
39
39
39
39
39
39
39
39
39
39
39
39
39
23
39
23
23
39
23
23
23
23
23
39
39
