4
4
4
4
4
4
4
4
4
4
4
4
4
4
4
4
4
4
4
4
4
4
4
4
4
4
4
4
4
4
4
4
4
4
4
4
4
4
4
4
4
4
4
4
4
4
4
4
4
4
4
4
4
4
4
4
4
4
4
4
31
31
14
32
31
32
14
31
31
32
14
31
31
32
14
32
14
32
14
32
14
14
14
14
14
14
14
11
14
14
14
14
14
14
14
11
11
14
14
14
14
14
14
11
14
14
14
14
11
11
11
11
11
11
11
11
11
11
11
11
11
11
11
11
18
4
11
18
18
18
18
18
18
18
18
18
18
18
18
18
18
18
18
18
18
35
35
35
35
35
35
18
18
35
35
35
35
35
35
35
35
35
35
35
35
35
35
35
17
18
17
17
17
17
17
17
17
17
17
17
17
17
17
17
17
17
17
17
17
17
17
17
17
17
17
17
34
34
8
8
1
17
8
18
18
18
18
8
18
17
18
34
34
34
34
1
1
1
1
1
1
1
1
1
1
1
1
1
1
1
1
1
1
1
1
20
1
20
20
20
20
20
20
20
20
20
20
42
20
20
42
42
42
20
42
20
20
42
42
42
42
42
42
42
42
42
42
42
42
29
29
29
29
29
29
5
5
5
29
5
29
29
29
29
5
5
5
5
5
5
5
5
5
2
2
5
5
5
2
5
5
5
5
5
5
2
2
2
5
2
2
2
2
2
2
2
2
2
2
2
2
2
2
2
0
0
0
0
0
0
0
0
0
0
0
0
7
7
7
7
0
0
7
7
7
7
33
7
7
33
33
33
33
33
33
33
33
33
33
33
33
33
33
33
33
33
33
33
33
33
33
24
33
33
24
24
24
24
24
24
24
24
33
24
24
24
24
24
24
24
24
16
16
24
24
24
19
19
19
19
19
19
19
19
19
19
19
19
19
19
19
19
19
19
19
19
19
19
19
19
10
10
10
10
10
10
10
10
10
10
10
10
10
10
10
27
27
27
27
27
27
27
27
27
27
27
27
27
27
27
27
27
16
43
16
16
16
16
16
16
16
16
16
6
6
6
6
6
6
6
6
6
6
6
6
25
6
6
25
25
25
25
25
25
25
25
25
25
25
25
25
25
38
38
38
38
38
38
38
38
38
38
38
38
38
26
38
38
38
26
26
26
38
26
38
26
38
26
26
26
38
26
26
26
26
26
26
26
26
26
26
26
26
26
9
9
26
26
26
9
36
36
36
36
36
36
36
36
36
36
36
36
36
36
36
36
36
36
36
36
36
36
36
36
36
36
36
36
36
36
15
15
15
15
15
15
37
37
37
36
37
26
38
37
37
37
37
37
41
41
41
41
41
41
41
41
41
41
41
41
41
40
41
41
40
40
40
40
40
40
40
40
40
40
40
40
40
40
40
40
40
40
40
21
21
30
30
21
21
30
30
30
21
21
30
30
30
21
21
30
30
30
30
30
21
21
30
21
39
21
42
30
30
21
30
21
30
21
21
30
30
21
30
30
30
30
30
21
21
21
21
39
39
30
21
21
30
21
30
21
30
30
30
30
30
30
30
30
30
39
30
30
39
39
39
39
39
39
39
39
39
30
39
39
39
30
39
39
39
30
30
39
39
39
39
39
39
39
39
39
39
39
39
39
39
39
39
39
39
39
39
39
39
39
39
39
39
39
39
39
39
23
23
23
39
23
23
23
23
23
23
23
23
23
23
23
