3
3
3
3
3
4
3
3
3
3
3
3
4
4
4
3
3
3
3
3
3
4
3
4
4
4
3
3
4
4
4
4
4
4
4
4
4
4
4
4
4
4
3
4
4
4
4
4
4
4
4
4
4
4
4
4
4
4
4
4
4
4
4
4
4
4
4
4
4
4
4
4
43
4
4
4
4
4
4
43
4
4
4
4
4
31
4
4
2
4
4
4
4
4
4
4
4
18
8
11
4
4
4
4
4
4
4
4
4
4
11
11
11
11
11
11
11
11
11
11
11
11
11
11
11
11
11
11
11
11
14
11
11
11
2
31
31
4
4
4
4
4
4
4
4
4
31
31
2
2
8
14
11
4
14
4
4
4
43
43
43
43
4
43
4
43
4
4
4
4
12
12
12
12
30
12
23
12
23
12
12
12
12
12
23
23
12
23
23
23
16
16
16
16
16
16
16
16
16
16
16
16
16
16
16
16
16
16
23
22
21
1
20
22
22
22
21
3
21
22
22
22
20
22
1
23
23
20
42
8
20
22
22
12
12
22
22
12
8
3
8
4
4
43
16
4
4
4
43
4
31
43
4
43
4
43
43
43
43
43
43
43
31
31
31
31
31
31
31
31
31
31
31
31
11
14
14
14
14
32
32
14
14
32
14
14
14
14
14
14
14
14
14
14
14
14
14
14
14
14
14
14
11
14
14
14
11
14
14
14
11
11
11
14
11
11
11
11
11
11
11
11
11
11
11
11
11
11
11
18
18
18
18
18
18
18
18
18
18
18
18
18
18
35
18
35
35
35
18
35
35
35
35
17
35
17
17
17
17
17
35
35
17
17
17
17
17
17
17
17
17
17
17
17
17
17
17
17
17
17
17
17
17
17
17
17
17
3
3
3
3
3
3
3
3
3
3
3
3
15
8
8
8
8
8
8
8
8
8
18
18
18
8
34
34
34
34
34
34
34
34
34
34
1
20
1
1
1
1
1
20
20
20
20
20
20
20
20
20
20
20
20
20
20
20
20
20
20
20
20
20
20
20
20
20
20
20
20
20
20
42
20
20
20
20
20
20
20
20
20
20
20
42
42
42
42
42
42
29
29
29
29
29
29
5
5
29
29
7
5
5
5
5
5
5
5
5
5
5
5
5
5
5
5
5
5
5
5
2
5
5
5
2
5
2
5
0
2
2
2
2
2
2
5
2
2
2
2
0
0
0
0
0
0
0
0
0
0
0
7
7
7
7
7
7
7
7
7
7
7
7
5
29
5
29
33
33
33
33
33
33
33
33
33
33
33
33
24
24
24
24
24
24
24
24
24
24
24
24
24
24
7
24
24
24
24
24
19
19
19
19
19
19
19
19
19
19
19
19
19
19
19
19
19
19
19
19
19
19
19
19
19
19
19
19
19
19
19
19
10
10
19
19
19
19
19
19
10
10
10
10
10
27
27
27
19
27
27
27
27
27
27
27
27
19
16
16
16
16
16
16
16
16
16
16
16
16
16
16
16
16
6
6
6
6
6
6
6
6
6
6
25
25
25
25
25
25
25
25
25
25
25
25
25
25
25
25
25
25
25
25
25
25
25
25
38
38
19
19
19
19
19
38
38
38
38
38
38
38
38
38
38
26
38
26
38
26
38
26
26
26
26
26
26
26
26
26
26
26
26
26
26
26
26
26
26
26
26
26
26
26
9
36
26
26
26
9
26
26
9
36
36
9
9
36
9
36
36
36
36
36
36
36
36
36
36
36
36
36
36
36
36
36
36
36
36
36
36
36
15
15
15
15
15
36
37
37
37
37
37
37
37
37
37
37
37
37
37
37
37
37
37
37
37
37
37
37
37
37
41
41
41
41
41
41
41
41
41
41
41
41
41
41
41
40
40
40
40
40
40
40
40
40
40
40
40
40
40
40
40
40
40
40
40
21
21
21
21
21
21
21
21
21
21
21
21
21
21
21
21
21
30
30
21
30
30
30
30
30
30
30
30
30
30
30
30
30
30
30
30
30
30
30
30
30
30
30
30
30
30
39
30
39
39
39
39
39
30
39
39
39
39
39
30
39
39
39
30
39
39
39
39
39
39
39
39
39
39
39
39
39
39
39
39
39
39
39
39
39
39
39
39
39
39
39
39
39
39
39
39
39
39
39
39
39
39
39
39
39
39
39
39
39
39
39
39
39
39
39
39
39
39
39
39
39
39
39
39
39
39
39
39
39
39
39
39
39
39
39
39
39
39
39
39
39
39
39
39
39
39
39
39
39
39
39
39
39
39
39
39
39
39
39
39
39
39
39
39
39
39
39
39
23
39
23
23
23
23
23
39
39
23
23
39
39
23
23
39
39
39
23
39
39
23
39
23
23
23
23
39
39
39
23
23
23
23
23
23
23
23
23
39
23
23
23
39
39
23
23
23
23
23
23
23
23
23
23
23
23
23
23
23
23
23
23
23
23
23
