4
4
4
4
4
4
4
4
4
4
4
4
4
4
4
4
4
4
4
4
4
4
4
4
43
4
4
43
43
43
43
43
43
43
31
31
31
32
14
14
14
32
14
11
11
14
14
14
14
14
32
32
14
14
14
14
11
14
14
14
11
14
14
11
14
14
11
14
14
14
14
11
11
14
14
14
11
14
14
11
11
14
11
11
11
11
11
11
11
11
18
8
8
18
18
18
18
18
18
18
18
18
18
18
18
18
18
18
18
18
18
18
18
18
18
18
18
18
18
18
18
18
18
18
18
18
18
18
18
18
17
18
18
18
17
3
8
3
17
17
17
3
3
3
3
3
17
3
17
3
17
3
3
11
4
4
4
11
11
20
4
5
29
5
29
29
29
29
1
29
20
20
20
42
18
20
18
5
29
18
18
18
18
5
1
29
29
29
18
18
18
18
18
18
18
35
35
1
1
1
1
1
1
1
1
1
1
1
1
1
1
1
1
1
1
1
1
1
1
1
1
1
1
1
1
1
23
1
1
1
1
1
23
1
1
1
23
20
20
20
20
20
20
20
20
20
20
20
20
20
42
42
42
42
42
42
42
42
42
42
42
29
29
29
29
29
29
5
5
5
5
29
5
5
5
5
5
5
5
5
5
5
5
5
5
5
5
5
5
5
5
5
5
5
5
5
5
5
5
5
5
5
5
2
2
2
2
2
2
2
2
2
2
2
2
2
2
2
2
2
0
2
0
0
0
0
0
0
0
0
0
2
0
0
7
7
33
33
33
7
33
7
7
7
7
33
33
33
33
33
33
33
33
24
33
33
24
24
24
24
24
24
33
24
24
24
24
24
24
24
24
19
19
19
19
19
19
19
19
19
19
19
19
19
19
19
10
10
10
19
10
10
10
10
10
10
10
10
10
10
10
10
10
10
10
10
10
27
27
27
27
27
27
27
27
27
27
27
27
27
27
27
27
16
16
16
16
16
16
16
16
16
16
16
16
16
16
16
16
16
16
16
16
16
16
6
16
16
16
16
16
16
16
16
16
16
16
6
6
6
16
16
6
6
6
6
6
6
6
6
6
6
25
25
25
25
25
25
25
25
25
25
25
25
25
25
25
25
25
25
25
25
25
25
25
25
25
25
25
25
25
25
25
25
25
25
25
38
26
26
26
26
26
26
26
26
26
26
26
26
26
26
26
26
26
26
26
26
26
26
26
26
26
26
26
26
26
26
9
26
9
26
9
9
26
9
26
9
26
26
26
26
36
9
9
9
36
36
36
36
36
36
36
36
36
36
36
36
36
36
36
36
36
36
36
36
36
36
36
36
36
36
36
36
36
36
15
15
15
36
15
37
37
37
37
37
37
16
37
37
37
37
37
37
37
37
37
37
37
37
37
37
37
37
37
37
37
37
30
30
37
39
39
37
37
37
37
37
37
37
37
37
41
41
41
41
41
41
41
41
41
41
41
41
41
40
41
41
40
40
40
40
40
41
41
40
40
40
40
40
40
40
40
40
40
40
40
40
40
40
40
40
40
40
40
40
40
40
40
40
40
40
40
40
40
40
40
40
21
21
30
30
30
30
30
30
30
30
30
30
30
30
30
30
30
30
30
30
30
30
30
30
30
30
30
30
30
30
30
30
39
39
39
39
39
39
39
39
39
39
39
39
39
39
39
39
39
39
39
39
39
39
39
39
39
39
39
39
39
39
39
39
39
39
39
39
39
39
