4
4
4
4
4
4
4
4
4
4
4
4
4
4
4
4
4
4
4
4
4
4
4
4
4
31
31
4
14
14
14
31
31
14
31
31
31
14
31
31
4
31
14
31
4
14
14
23
14
14
14
14
14
14
14
14
14
14
14
14
14
14
14
20
14
14
14
11
14
14
14
11
14
14
14
11
14
14
14
11
14
14
14
11
14
11
11
11
11
11
11
11
11
11
11
11
2
11
11
11
18
11
18
18
18
18
18
18
35
18
18
18
35
18
18
18
35
18
18
18
18
18
18
18
35
18
18
35
35
18
18
35
35
35
35
35
17
23
23
23
17
23
17
23
17
23
17
17
17
23
23
23
8
23
8
8
8
8
8
8
17
5
5
5
5
5
5
5
1
2
5
2
2
2
2
5
2
2
2
2
2
2
2
2
0
2
0
2
5
29
42
1
1
1
1
1
1
1
1
1
1
1
1
1
1
1
1
1
1
1
1
1
1
1
1
1
1
1
1
1
20
1
1
20
20
1
1
20
20
20
20
20
20
20
20
20
20
20
20
20
20
20
20
20
42
20
20
42
42
42
42
42
42
29
29
29
29
29
29
5
5
2
2
2
2
2
2
2
5
2
5
5
5
2
2
5
5
2
2
2
5
2
2
2
5
2
2
2
5
2
2
2
5
2
2
2
2
2
2
2
2
2
2
2
2
2
2
2
2
2
0
0
2
2
0
0
0
0
0
0
0
0
0
7
0
0
0
0
7
33
33
33
33
33
33
33
33
33
33
33
33
33
33
33
33
33
24
24
24
24
24
33
24
33
33
24
24
24
24
24
24
24
24
24
24
24
24
24
24
24
24
19
24
19
19
19
19
19
19
19
19
19
19
19
19
19
10
19
10
10
10
10
10
10
10
10
10
10
10
10
10
10
10
10
10
10
27
27
27
27
27
27
27
27
27
27
27
27
27
27
27
27
27
27
27
27
16
16
16
16
16
16
16
16
16
16
16
16
16
16
16
16
16
16
16
16
16
16
16
16
16
16
16
16
16
16
16
16
16
16
16
16
6
6
6
6
6
6
6
6
25
25
25
25
25
25
25
25
25
25
25
25
25
25
25
25
25
25
25
25
25
25
25
25
25
25
25
25
38
38
38
38
38
26
26
38
38
38
38
38
38
38
26
38
26
26
26
26
38
26
38
26
38
38
26
26
26
26
26
26
26
26
26
26
26
26
26
26
26
26
26
26
26
36
26
26
26
36
36
36
36
36
9
36
36
36
36
36
36
36
36
36
36
36
36
36
36
36
36
36
36
36
36
36
36
36
36
15
15
15
15
15
36
37
37
37
37
37
41
37
41
40
21
41
39
41
41
41
41
41
41
41
41
41
41
41
41
41
41
41
41
41
41
41
41
41
40
40
41
40
40
40
40
40
40
40
40
40
40
40
40
40
40
40
40
40
40
40
40
40
21
40
40
21
21
40
21
40
21
40
40
40
21
40
21
21
21
21
21
21
21
21
39
30
30
30
30
39
39
30
30
30
30
30
30
30
30
30
39
30
30
30
30
30
30
30
30
30
30
30
39
39
39
39
39
39
39
39
39
39
39
39
39
39
39
39
39
39
39
39
39
39
39
39
39
39
39
39
39
39
39
39
39
39
23
39
39
39
39
39
