4
4
4
4
4
4
4
4
4
4
4
4
4
4
4
4
4
4
4
4
4
4
4
4
4
4
4
4
4
4
4
4
4
4
4
4
4
4
4
4
4
4
4
4
4
4
4
4
43
43
43
43
43
31
31
31
31
31
31
31
31
31
31
31
31
31
31
14
14
14
31
14
31
32
31
14
14
14
32
14
14
14
32
14
14
14
32
14
14
14
32
14
14
14
14
14
14
14
14
14
14
14
14
14
14
14
14
11
14
14
14
14
14
14
14
14
14
14
14
14
14
14
14
11
14
11
14
14
14
14
11
11
11
11
11
11
11
4
11
18
18
18
18
18
18
18
18
18
18
18
18
18
18
18
18
18
18
18
18
18
35
35
35
18
35
35
35
35
35
35
35
35
35
35
35
35
35
35
17
17
17
17
17
17
17
3
17
3
3
3
17
17
3
3
3
17
3
3
3
3
17
3
3
3
3
3
3
8
8
8
8
4
8
8
8
8
8
4
8
4
8
34
34
34
34
1
34
1
1
1
1
1
1
1
1
1
1
1
1
1
1
1
1
1
1
1
1
1
1
1
1
20
1
1
1
1
1
20
20
20
20
20
20
20
20
20
20
20
20
20
20
20
20
20
20
42
20
20
20
20
20
20
29
29
29
29
29
42
5
5
5
5
5
5
5
5
5
5
5
5
5
5
5
5
5
5
5
5
5
5
5
5
5
5
5
5
5
5
5
5
2
5
5
5
2
5
5
5
2
5
5
2
2
2
2
2
2
0
0
0
0
0
0
7
0
0
7
7
0
7
7
7
2
7
7
5
5
5
5
33
33
33
33
33
33
33
33
33
33
33
33
33
33
33
33
33
33
33
24
24
24
24
24
24
24
24
24
24
24
24
24
19
19
19
19
19
19
19
19
19
19
19
19
19
19
19
19
19
10
10
19
19
10
10
10
10
10
10
10
10
10
10
10
19
27
27
27
27
27
27
27
27
27
27
27
27
27
10
10
10
27
27
27
27
27
19
19
27
27
27
27
27
27
27
27
27
27
27
10
10
16
16
16
16
16
16
16
16
16
16
16
16
16
16
6
6
6
6
6
6
6
6
6
6
6
6
6
6
6
6
26
26
26
26
26
26
26
26
26
25
25
25
25
25
25
25
25
25
25
25
25
25
25
25
25
25
25
25
25
25
25
25
25
25
25
25
25
26
38
38
26
26
26
26
38
26
38
38
38
38
38
38
38
26
38
26
38
26
26
26
38
26
26
26
38
38
26
26
26
26
26
26
26
26
26
26
26
26
26
26
26
9
26
9
9
9
36
36
36
36
36
36
36
36
36
36
36
36
36
36
36
36
36
36
36
36
36
36
36
36
36
15
15
36
36
15
15
15
15
15
15
37
15
15
15
15
37
37
37
37
37
37
37
37
37
41
37
37
37
37
37
37
37
37
37
37
37
37
37
37
37
37
37
37
37
37
37
37
37
41
41
37
37
41
41
41
41
41
41
41
41
40
40
40
40
40
40
40
40
40
40
40
40
40
40
40
40
40
40
40
40
40
21
21
21
21
21
21
21
21
21
21
21
21
21
21
21
21
21
21
21
21
40
40
40
40
40
40
40
21
21
30
30
30
21
39
30
21
21
21
21
39
39
39
39
21
21
21
39
30
39
21
21
21
21
21
30
21
21
30
39
39
39
39
39
39
39
39
39
39
39
39
39
39
39
39
39
39
39
39
39
39
39
39
39
39
39
39
39
39
39
39
39
39
39
39
39
39
39
39
39
39
39
39
39
39
39
39
39
39
39
39
39
39
39
39
39
23
23
39
39
23
23
23
23
23
23
39
