3
3
3
3
3
3
3
3
3
3
4
4
4
4
4
4
4
4
4
4
4
4
4
4
3
3
4
4
3
4
4
4
4
4
4
4
4
4
4
4
4
4
4
4
4
4
4
4
4
4
4
4
4
4
4
4
4
4
4
4
4
4
4
43
43
43
4
4
4
43
4
43
43
4
4
43
43
43
43
43
43
43
31
43
43
43
31
43
43
31
31
31
43
43
31
31
31
31
31
31
31
31
31
31
31
31
31
31
14
14
14
11
11
14
14
14
11
14
14
14
11
14
14
14
11
14
14
14
11
14
14
14
14
14
14
14
14
14
14
14
23
14
14
14
14
14
14
14
14
14
14
14
14
14
14
14
14
14
14
14
14
14
14
14
11
14
11
14
11
14
11
11
23
11
11
11
11
11
23
18
18
18
18
18
18
18
18
18
18
18
18
18
35
35
35
18
18
35
35
35
35
35
35
35
35
35
35
35
35
35
35
35
35
35
35
35
35
35
17
35
17
17
17
17
17
17
17
17
17
17
17
17
17
17
17
17
17
17
17
17
17
17
3
17
17
17
17
11
11
11
3
3
3
17
17
18
8
23
23
8
23
34
34
34
34
34
34
34
1
1
20
1
1
1
1
1
1
1
20
20
20
20
1
1
1
1
1
1
1
1
20
1
20
20
20
20
20
20
20
20
20
20
20
20
20
20
20
20
20
20
20
20
20
20
20
20
20
20
20
20
42
42
20
42
42
42
42
20
29
29
29
29
29
29
5
5
5
5
5
5
5
5
5
5
5
5
5
5
5
5
5
5
2
2
2
5
5
2
5
2
2
2
2
2
2
2
2
2
2
2
2
2
2
0
2
2
2
2
2
2
2
2
2
0
2
2
2
0
2
0
0
0
0
0
0
0
0
0
0
0
0
7
33
33
33
33
33
33
33
33
33
33
33
33
33
33
33
33
24
33
24
33
33
24
24
24
24
24
24
24
24
24
24
24
29
29
29
24
24
24
24
24
24
24
19
19
19
19
19
19
19
19
19
19
19
19
19
19
19
19
19
19
19
19
19
19
19
19
19
19
19
19
19
19
19
10
10
10
10
10
10
10
27
27
27
27
27
27
27
27
27
27
27
19
19
19
23
16
16
16
16
16
16
16
16
16
16
16
16
16
16
16
16
23
16
6
16
16
6
6
6
6
26
6
6
6
6
26
26
6
6
25
25
25
25
25
25
25
25
25
25
25
25
25
25
25
25
25
25
25
25
25
25
38
38
26
26
26
26
38
38
26
26
26
26
26
26
26
26
26
26
26
26
26
26
26
26
26
26
26
26
26
26
26
26
26
26
26
26
26
26
26
26
26
36
26
26
26
36
36
9
36
36
36
36
36
36
36
36
36
36
36
36
36
36
36
36
36
36
36
36
36
36
36
36
36
36
36
36
36
15
41
41
41
15
15
36
37
41
37
37
37
41
41
41
41
40
41
41
41
41
41
41
41
41
41
41
41
41
41
41
41
41
41
41
41
40
41
41
41
40
40
40
40
40
40
40
40
40
40
40
40
40
40
30
40
30
21
39
39
39
39
39
30
22
22
22
39
22
22
22
39
30
39
39
39
39
39
39
39
39
22
22
30
40
40
40
39
39
39
39
30
39
40
22
30
22
30
39
40
39
39
22
21
40
40
40
40
40
40
40
21
40
21
22
22
22
39
30
39
21
39
39
39
39
30
30
30
30
39
30
30
30
30
30
30
30
39
39
39
39
39
39
39
39
39
30
30
39
30
30
30
39
39
39
30
39
30
39
39
39
39
39
39
39
39
39
39
39
39
39
39
39
39
39
39
39
39
39
39
23
23
39
39
23
23
23
23
23
23
23
