4
37
4
4
4
4
4
4
4
4
4
4
4
4
4
4
4
4
4
4
4
4
4
4
4
4
4
4
4
4
31
31
31
14
32
32
14
14
14
14
14
14
14
14
14
14
14
14
32
14
14
14
32
14
14
14
14
14
14
14
14
14
14
14
14
14
14
14
14
14
14
14
14
14
14
14
14
14
14
14
14
14
14
14
14
14
14
11
11
11
11
11
11
4
18
11
11
11
11
18
18
18
18
18
18
18
18
18
18
18
18
18
18
18
18
18
18
18
18
18
18
18
18
35
18
18
18
35
18
35
35
35
35
35
35
35
35
35
35
17
17
17
17
17
17
17
18
35
17
17
17
17
17
17
3
17
17
17
8
3
17
17
3
3
8
8
8
8
8
8
8
8
8
8
8
8
8
17
4
4
4
4
17
34
34
18
34
34
34
1
1
1
1
1
1
1
1
1
1
1
1
20
1
1
1
20
20
1
20
20
20
20
20
20
20
20
20
20
20
20
42
20
20
20
20
20
20
20
42
42
42
42
42
42
42
42
42
42
42
42
42
42
42
42
29
29
29
29
29
29
5
5
5
5
5
5
5
5
5
5
5
5
5
5
5
5
5
5
5
5
5
5
5
5
2
2
5
5
2
2
2
2
2
2
2
2
2
2
2
2
2
0
0
0
0
0
0
0
0
0
0
0
0
0
0
0
0
0
0
0
0
7
7
7
7
7
7
5
2
7
7
7
7
7
7
33
33
33
33
33
33
33
33
33
33
33
33
33
33
24
33
24
24
24
24
33
24
24
24
24
24
7
24
24
29
24
24
24
24
19
19
19
19
19
19
19
19
19
19
19
19
19
19
19
19
19
19
19
19
19
19
10
19
10
19
10
10
10
10
10
10
10
10
10
10
10
27
27
27
27
27
27
27
27
27
27
27
27
27
27
27
19
10
16
27
16
27
19
10
19
10
10
10
10
19
10
27
27
27
27
27
27
27
27
10
16
16
16
16
16
16
28
16
16
16
16
16
16
6
6
6
23
23
23
23
23
26
26
26
26
25
25
25
25
25
25
25
25
25
25
25
25
25
25
25
25
25
25
25
38
38
38
38
38
26
38
38
38
38
38
38
26
38
26
38
26
26
26
26
26
26
26
26
26
26
26
26
26
26
26
26
26
26
26
26
26
23
26
26
26
23
36
26
36
36
36
26
36
36
26
26
26
26
26
26
36
23
26
26
36
36
26
26
36
36
26
26
36
36
26
26
26
36
26
26
36
37
37
3
15
23
3
34
35
18
39
39
23
23
23
17
17
17
3
3
3
3
3
30
8
30
8
8
8
39
39
39
37
37
39
25
25
41
37
41
41
41
41
41
41
41
40
40
41
40
40
40
40
40
40
40
40
40
40
40
40
40
40
40
40
40
40
40
40
40
39
40
40
40
40
40
40
40
39
40
40
39
39
40
40
40
40
40
40
40
39
39
39
39
39
39
40
21
39
40
30
21
30
30
30
39
39
39
39
39
39
39
39
39
39
39
39
39
39
30
39
30
39
39
39
39
39
39
39
39
39
39
39
39
39
39
39
39
39
39
39
30
39
39
39
39
39
39
39
39
39
39
39
39
39
39
39
39
39
39
39
39
39
39
39
39
39
39
39
39
39
39
39
39
39
30
39
30
30
30
39
39
39
30
39
39
39
39
39
39
39
39
39
39
39
39
39
39
39
39
39
39
39
39
39
39
39
39
39
39
39
39
39
39
23
23
23
39
39
