4
4
4
4
4
4
4
4
4
4
4
4
4
4
4
4
4
4
4
4
4
4
4
4
4
4
4
4
43
4
43
4
4
43
4
4
4
4
4
4
4
4
43
43
43
4
31
4
4
4
4
31
31
31
31
31
31
31
31
31
14
14
14
14
14
14
31
31
14
31
32
32
31
31
14
14
32
32
14
32
14
14
14
14
14
14
14
14
14
14
14
14
14
14
14
14
14
14
14
14
14
14
14
14
14
14
14
14
14
14
11
11
11
11
11
11
11
11
18
18
18
18
11
4
31
31
31
4
1
14
1
23
1
18
18
18
18
35
35
18
1
35
35
18
1
1
35
35
1
35
35
18
35
17
35
35
17
17
23
17
23
17
23
8
23
1
23
8
23
3
3
8
23
3
3
3
23
3
3
3
23
3
3
3
23
3
3
3
23
3
3
3
3
29
29
29
29
29
29
18
29
20
20
18
34
34
1
1
34
34
34
34
1
1
1
1
1
1
1
1
1
1
1
1
1
1
1
1
1
1
1
1
1
1
1
1
1
1
1
1
1
1
20
20
20
20
20
20
20
20
20
20
20
20
20
42
42
42
42
42
20
11
42
42
42
42
42
5
29
29
29
20
29
5
29
5
5
29
0
5
5
5
5
29
5
5
5
5
5
5
5
5
2
2
2
5
2
2
2
2
2
2
2
2
2
0
0
2
0
0
0
2
0
0
0
2
0
0
0
0
0
0
0
0
0
0
0
0
7
7
7
0
7
7
7
7
7
7
7
0
7
7
7
33
33
24
33
33
33
33
33
33
33
33
33
33
33
33
33
24
24
24
24
24
24
24
24
24
24
24
33
24
24
43
24
24
16
16
24
16
16
16
16
24
24
24
19
19
19
19
19
19
19
19
19
19
19
19
19
19
10
10
10
10
10
10
10
10
10
10
10
10
10
10
10
10
10
10
10
27
27
27
27
27
27
27
27
27
27
27
27
27
27
27
27
16
16
16
16
16
16
16
16
16
16
16
16
6
6
6
6
6
6
6
6
6
25
25
25
25
25
25
25
25
25
25
25
25
25
25
25
25
25
25
25
25
38
38
38
38
38
38
38
38
38
38
38
38
26
26
38
26
38
26
26
26
26
26
26
26
38
26
26
26
26
26
26
26
26
26
26
26
26
26
9
9
9
26
26
26
26
26
26
26
26
26
26
26
26
26
26
26
26
26
26
26
26
26
9
26
26
26
9
26
26
26
26
26
26
26
9
9
26
36
36
36
9
9
9
36
36
36
36
36
36
36
36
36
36
36
36
36
36
36
36
36
36
36
36
36
36
36
36
36
36
36
36
36
36
36
36
36
36
15
15
15
37
37
30
37
37
37
26
6
37
37
37
37
37
37
37
37
41
41
41
41
41
41
41
41
41
41
41
41
41
41
41
41
41
41
41
40
40
40
40
40
40
40
40
40
40
40
40
40
40
40
40
40
40
40
40
21
21
21
21
21
21
21
21
21
21
21
21
21
21
21
21
30
30
21
30
30
21
30
21
21
39
30
39
21
21
39
21
21
39
21
21
21
21
21
21
30
30
30
30
39
39
30
39
39
39
39
39
39
39
30
30
39
30
39
39
39
39
39
39
39
39
39
30
39
39
30
39
39
39
39
39
39
39
39
39
39
39
39
39
39
39
39
39
39
39
39
39
39
39
39
39
39
39
39
39
39
39
23
39
39
23
23
23
23
23
23
39
