3
3
4
4
4
4
4
4
4
4
4
4
4
4
4
4
4
4
4
4
4
4
4
4
4
4
4
4
4
4
4
4
4
43
43
31
31
31
31
31
31
43
31
31
31
31
31
32
31
31
31
32
32
32
32
32
32
32
32
32
32
32
14
14
14
14
14
14
14
14
14
14
14
14
14
14
14
14
14
14
14
14
14
14
14
14
14
14
14
14
14
14
14
14
14
14
14
14
14
18
18
18
18
23
18
11
11
18
18
18
18
18
18
18
18
18
18
18
18
18
18
18
18
18
18
18
18
35
35
35
35
35
35
18
18
35
17
35
35
17
17
17
17
17
17
17
17
17
17
17
17
17
17
17
17
17
17
17
17
17
17
17
17
3
17
3
3
3
3
3
3
3
3
3
3
17
17
17
8
17
17
17
17
8
8
8
34
34
8
8
34
34
34
34
1
1
1
1
1
1
1
1
1
1
1
1
1
1
1
1
1
1
1
1
20
20
1
20
20
20
20
20
20
20
20
20
20
20
20
20
42
20
20
42
42
20
42
42
42
42
42
42
42
42
42
42
42
42
29
29
29
29
29
29
2
5
5
5
2
2
2
2
2
5
2
2
5
5
5
5
29
5
5
5
5
5
5
5
5
5
5
5
5
5
2
2
2
2
2
2
0
2
2
2
0
2
2
2
0
0
2
2
0
0
0
0
0
0
0
0
7
7
0
0
7
7
7
7
7
7
7
5
2
2
7
7
24
24
24
24
33
33
33
33
33
33
24
33
24
33
24
24
24
24
24
24
24
24
24
24
24
24
24
24
24
24
24
24
19
19
19
19
19
19
19
19
19
19
19
19
19
19
19
19
10
10
10
10
19
10
10
10
10
10
10
10
10
10
10
10
10
10
10
10
10
27
27
27
27
27
27
27
27
27
27
27
27
10
10
10
16
16
16
16
16
16
16
16
16
16
16
16
16
16
16
16
16
16
16
16
6
6
6
6
6
6
6
6
6
6
6
6
6
6
26
6
6
25
25
25
25
25
25
25
25
25
25
25
25
25
25
25
25
25
25
25
25
25
25
25
25
38
38
38
38
38
38
38
38
38
38
38
26
26
26
26
26
26
26
26
26
26
26
26
26
26
26
26
26
26
26
26
26
26
26
26
26
26
26
26
9
9
26
26
26
9
26
26
36
36
9
9
36
36
36
36
36
36
36
36
36
36
36
36
36
36
36
36
36
36
36
36
36
15
36
36
36
15
36
23
15
15
37
15
15
15
37
37
23
26
33
32
36
33
37
37
40
40
41
40
37
40
40
40
40
40
40
40
39
40
40
40
40
40
40
40
40
40
40
40
40
40
40
40
40
40
40
40
40
39
21
30
30
30
39
21
30
21
21
21
21
21
21
21
21
21
21
21
21
30
30
39
21
30
30
39
39
30
30
30
39
21
21
21
30
21
30
30
30
21
30
30
39
39
21
39
39
39
30
39
30
21
21
21
21
21
30
30
30
30
30
30
39
39
39
39
30
39
39
39
39
39
39
39
30
30
30
39
39
39
39
39
39
39
39
39
39
39
39
39
39
39
39
39
39
39
39
39
39
39
39
39
39
39
39
39
39
39
39
39
39
39
39
39
39
39
23
23
39
23
23
23
23
23
23
23
23
23
23
23
23
