3
3
3
3
3
3
3
22
3
3
3
3
3
3
4
22
4
3
3
4
3
4
3
3
3
3
3
3
3
3
3
3
3
3
3
3
3
3
3
3
3
3
3
3
3
3
3
3
3
3
3
3
3
4
4
3
3
4
4
4
3
3
3
4
3
3
3
22
4
4
3
3
4
3
4
3
3
4
4
4
4
3
4
4
4
4
3
3
3
3
3
4
3
3
3
4
4
4
4
4
4
4
4
4
3
3
4
3
3
4
3
4
3
4
3
3
3
3
3
3
4
4
4
3
4
3
3
3
3
3
3
3
4
3
4
4
4
4
3
3
3
4
3
3
3
3
4
3
3
4
3
3
4
4
4
4
4
4
4
4
4
4
4
4
4
4
4
4
4
4
4
4
4
4
43
4
4
4
43
43
43
4
4
4
4
4
43
43
43
43
43
43
43
43
43
43
43
43
43
43
43
43
43
43
31
43
31
43
43
43
43
31
43
43
43
43
43
43
43
31
43
43
43
14
29
43
4
31
11
23
43
31
43
31
43
14
31
14
31
14
31
14
31
14
31
32
32
32
14
14
31
32
32
14
31
32
31
32
32
32
32
32
14
14
32
14
14
14
14
14
14
14
14
14
14
14
14
14
14
14
14
14
14
14
14
14
14
14
14
14
14
14
14
14
14
14
14
14
14
14
7
9
11
11
2
2
11
11
18
18
18
18
18
17
17
18
17
18
18
18
29
17
18
18
18
18
18
18
18
18
18
18
18
18
18
18
18
18
18
18
18
18
18
18
18
18
18
18
18
18
35
18
18
18
18
18
18
18
18
18
18
18
18
18
17
17
18
18
17
17
18
18
17
17
18
17
17
17
11
11
18
15
11
11
18
18
17
18
17
1
34
17
34
8
34
18
34
34
34
34
24
29
34
20
34
29
29
20
29
29
29
20
20
29
29
20
29
29
29
20
5
5
29
20
5
29
5
20
5
5
5
20
5
2
5
20
29
2
5
29
5
5
29
29
29
2
5
20
2
2
29
20
2
2
2
20
2
2
20
20
20
20
20
20
20
20
23
20
20
20
20
20
20
20
20
20
20
20
20
20
20
20
20
20
20
20
20
20
20
20
20
20
20
20
20
20
20
20
20
23
23
23
1
20
29
29
29
29
29
5
5
2
5
5
5
2
5
5
2
2
5
5
2
2
5
2
2
2
5
5
2
2
2
2
2
2
2
2
2
2
2
2
2
2
2
2
2
2
2
2
2
2
2
2
0
0
2
0
0
0
0
0
0
0
0
0
0
0
2
0
7
7
7
7
33
33
33
33
33
33
33
33
33
33
33
33
33
33
33
33
33
33
33
33
33
33
33
33
24
24
24
24
24
24
24
33
24
24
24
24
24
24
24
24
24
24
19
19
19
19
19
19
19
19
19
19
19
19
19
19
19
19
19
19
10
10
10
10
10
10
10
10
10
10
10
10
10
27
27
27
27
27
27
27
27
27
27
27
27
27
27
27
27
27
10
10
16
16
16
16
16
16
16
16
16
16
16
16
16
16
16
16
16
16
16
16
16
16
6
6
6
6
6
6
6
6
25
25
25
25
25
25
25
25
25
25
25
25
25
25
25
25
25
25
25
25
25
25
25
25
25
25
25
25
25
38
38
38
38
38
38
38
38
38
38
38
38
38
38
38
38
38
38
38
38
38
26
38
38
38
26
26
26
26
26
26
38
38
26
26
26
26
26
26
26
36
36
36
26
36
26
26
9
36
36
36
36
36
36
36
36
36
36
36
36
36
36
36
36
36
36
36
36
36
36
36
36
36
36
36
36
36
36
15
15
15
37
37
37
37
37
37
37
37
37
37
37
37
37
37
37
41
41
41
41
41
41
41
41
41
41
41
41
41
41
41
41
41
41
40
41
40
40
40
40
40
40
40
40
40
40
40
40
40
40
40
40
40
40
40
21
21
21
40
21
30
30
21
21
21
21
21
21
21
21
21
21
21
21
21
21
21
21
21
30
30
21
21
30
21
21
21
21
21
21
21
30
21
21
21
30
30
30
30
39
30
30
30
39
39
39
39
39
39
30
30
30
30
39
30
39
30
30
30
30
30
30
30
30
39
39
39
39
39
39
39
39
39
39
39
39
39
39
39
39
39
39
39
39
39
39
39
39
39
39
39
39
39
39
39
39
39
39
39
39
39
39
39
39
39
39
39
