4
4
4
4
4
4
4
4
4
4
4
4
4
4
4
4
4
4
4
4
4
4
4
4
4
4
4
4
4
4
4
4
4
4
43
43
43
4
4
43
43
43
43
43
43
43
43
43
43
31
31
31
31
14
14
32
14
14
14
14
14
14
14
14
14
14
14
14
14
14
14
14
14
14
14
14
14
14
14
14
14
14
14
14
14
14
14
14
14
14
14
14
14
14
14
14
14
14
11
11
11
11
11
11
11
11
11
8
11
11
35
18
18
18
18
1
18
18
1
18
18
18
18
18
18
18
18
35
18
18
18
35
18
18
18
35
18
18
18
18
18
18
35
17
18
18
35
17
35
35
17
17
35
17
17
17
17
17
17
17
17
17
17
17
17
17
17
17
17
17
17
3
17
3
17
3
3
3
3
2
20
16
17
17
29
24
24
18
35
34
1
1
34
1
1
1
1
1
1
1
1
1
1
1
20
1
1
20
1
1
1
1
1
1
1
1
1
1
1
1
1
1
1
1
1
1
1
1
1
1
1
1
1
1
1
1
1
1
1
1
1
1
1
1
1
1
1
1
20
20
20
20
20
20
20
20
20
20
42
20
29
29
29
29
29
29
5
29
29
5
5
29
5
2
29
29
5
29
5
5
5
5
5
29
5
2
2
5
2
2
2
5
5
5
2
5
5
5
2
5
2
2
2
5
2
2
2
5
2
2
2
2
2
2
2
2
2
2
2
2
2
2
2
2
2
2
2
2
2
0
0
0
2
0
0
7
33
7
33
33
33
7
7
33
33
33
33
33
33
33
33
33
33
33
33
24
33
33
24
24
24
24
24
24
24
24
24
24
24
24
24
24
24
19
19
19
19
19
19
19
19
19
19
19
19
19
19
19
19
19
19
19
19
19
19
19
19
19
19
19
10
10
19
19
10
10
19
10
10
10
10
27
27
27
27
27
27
27
27
27
27
27
27
27
27
24
24
24
16
16
16
16
16
16
16
16
16
16
6
6
6
6
6
6
6
6
6
25
6
6
6
6
25
25
25
25
25
25
25
25
25
25
25
25
25
38
38
38
38
38
38
38
38
38
38
38
38
38
38
38
38
38
38
26
26
38
38
26
26
26
26
26
26
26
26
26
26
26
26
26
26
26
26
26
26
26
9
9
9
36
36
9
9
9
36
9
9
36
36
9
36
36
36
36
36
36
36
36
36
36
36
36
36
36
36
36
36
36
36
36
36
36
36
36
39
39
15
15
30
15
15
30
15
30
37
37
6
37
37
37
37
41
37
41
41
41
40
41
40
41
41
41
41
41
41
41
41
41
41
41
40
40
41
40
40
40
40
40
40
40
40
40
40
40
40
40
40
40
40
40
40
40
40
40
40
40
40
40
40
40
40
40
40
40
41
41
37
37
41
41
41
41
41
41
41
41
41
41
41
41
40
40
39
41
40
40
41
40
39
40
40
39
40
40
40
40
40
40
40
40
40
40
40
40
40
40
40
40
40
40
40
40
40
40
40
40
40
40
40
40
40
21
21
21
21
21
30
21
21
21
21
21
21
21
21
21
30
21
39
30
39
39
39
39
39
39
39
39
30
30
39
39
39
30
39
39
39
39
39
30
30
39
39
30
30
39
39
39
39
39
39
39
39
39
39
39
39
39
39
39
39
39
39
39
39
39
39
39
39
39
39
39
39
39
23
23
39
39
39
39
39
39
39
39
