4
4
4
4
4
4
4
4
4
4
4
4
4
4
4
4
4
4
4
4
11
11
11
4
4
31
31
31
31
31
31
31
43
4
31
43
31
31
31
31
43
43
31
23
31
31
31
31
31
31
14
14
31
31
14
14
31
31
14
14
31
14
31
14
31
14
14
14
31
14
31
14
31
14
14
14
14
14
31
14
31
14
14
14
31
31
31
14
31
31
4
31
4
4
4
14
4
4
11
11
11
11
18
11
11
11
18
18
18
18
11
1
18
18
18
18
18
18
17
17
18
18
17
17
18
18
17
17
17
35
17
17
18
17
17
35
17
17
17
17
17
17
17
17
17
3
3
17
17
17
3
17
17
17
3
17
3
3
3
3
3
3
3
3
8
8
3
8
42
8
18
18
18
18
18
18
18
18
18
35
18
18
18
18
18
18
18
18
18
18
18
18
18
18
18
35
5
18
18
35
18
18
18
35
35
35
20
20
20
35
20
20
42
20
1
20
20
20
1
20
2
20
1
20
2
0
20
20
2
15
20
20
2
2
7
2
7
20
20
20
20
20
11
29
23
29
23
2
29
20
20
20
5
5
23
5
5
5
2
29
2
2
5
29
5
5
2
29
5
5
5
5
5
5
5
5
5
5
5
5
5
5
5
5
5
2
5
2
2
2
5
2
2
2
2
2
2
0
2
0
21
0
12
0
21
0
21
0
21
0
2
0
21
0
12
21
21
0
21
30
30
30
30
7
21
0
7
7
7
2
2
7
7
7
2
0
29
5
30
2
7
2
2
2
7
23
2
2
2
23
2
2
2
23
2
2
2
2
0
0
2
0
0
0
0
0
0
0
0
0
0
0
0
0
0
0
0
0
0
0
30
23
0
0
30
23
0
0
23
23
0
0
2
33
33
33
33
33
33
33
33
33
33
33
33
33
33
24
24
24
24
24
24
24
24
24
24
24
7
7
7
33
33
33
24
24
24
24
24
19
24
19
19
19
19
19
19
19
19
19
19
19
19
19
19
19
19
19
19
19
19
19
19
19
19
19
19
19
19
19
19
19
19
19
19
19
19
19
19
19
19
19
19
19
19
19
19
19
19
19
19
19
19
19
19
19
19
19
19
19
19
19
27
27
27
27
19
19
19
19
19
27
27
27
19
19
27
19
27
27
27
27
27
27
27
27
19
19
19
19
19
19
19
19
19
19
19
19
27
27
27
19
19
19
19
19
19
27
27
27
27
19
19
19
19
19
19
19
19
19
19
19
19
19
19
19
19
19
19
27
27
19
27
27
19
27
27
27
27
27
27
30
30
25
0
23
39
3
3
3
3
3
16
3
3
16
16
6
6
25
25
26
26
26
26
25
26
26
25
25
25
25
25
25
25
25
25
25
25
25
25
25
25
25
25
25
25
25
25
25
25
25
38
38
38
26
26
26
26
26
26
26
26
26
38
26
26
26
26
38
26
26
26
38
26
26
26
26
26
26
26
26
26
26
26
26
26
26
36
36
26
36
36
9
9
9
36
36
9
36
36
36
36
36
36
36
36
36
36
36
36
36
36
36
36
36
36
36
36
36
36
36
36
36
36
36
36
36
36
37
15
15
15
15
15
37
37
37
37
37
37
37
37
37
37
37
37
37
37
37
37
37
37
37
37
37
41
37
37
37
37
37
37
41
41
41
41
41
41
41
41
41
41
41
41
41
41
40
40
41
41
40
40
40
40
40
40
40
40
40
40
40
40
40
40
40
40
40
40
40
40
21
30
21
30
30
39
30
30
30
30
30
30
30
30
30
30
30
30
30
30
30
30
30
30
30
30
30
30
30
30
39
30
39
39
39
39
39
39
39
39
39
39
39
39
39
39
39
39
39
39
39
39
39
39
39
39
39
39
39
39
39
39
39
39
39
39
39
39
39
