4
4
3
4
3
3
3
4
4
4
4
3
3
3
3
3
3
3
4
4
4
4
4
4
4
4
4
3
3
4
3
4
4
4
4
4
4
4
4
4
4
4
4
4
4
4
4
4
4
4
4
4
4
4
4
4
4
4
4
4
4
4
4
4
4
4
4
4
4
43
4
4
4
4
4
4
43
43
31
31
43
31
4
31
32
14
31
31
31
14
14
14
14
14
14
14
14
14
14
14
14
14
14
14
14
14
14
14
14
14
14
14
14
14
14
14
14
14
14
14
14
11
14
11
14
14
14
14
14
14
14
14
11
11
14
14
14
11
14
11
14
11
14
14
11
11
11
11
11
11
11
11
11
11
11
11
11
8
34
34
34
34
34
34
34
18
18
35
35
35
18
35
35
18
18
35
35
35
35
35
35
35
18
35
35
35
18
35
35
17
35
17
17
17
17
17
17
17
17
17
17
17
17
17
17
17
17
17
17
17
17
17
17
17
17
17
17
17
17
17
17
17
29
20
20
17
17
34
29
29
42
29
29
23
29
20
29
29
29
29
29
29
29
29
5
5
2
5
5
5
5
5
5
2
2
2
2
2
2
2
2
2
0
2
2
2
2
2
2
2
2
2
2
2
2
2
0
0
0
29
42
1
1
1
1
1
1
1
1
1
1
1
1
1
1
1
1
1
1
1
1
1
1
1
1
1
1
1
1
20
1
1
1
20
20
20
20
20
20
20
20
20
20
20
20
20
20
20
20
20
20
20
23
23
20
42
42
23
42
42
42
42
42
42
29
29
29
29
29
29
5
29
5
29
5
5
5
29
29
29
29
5
5
5
5
5
2
5
5
5
2
5
5
5
2
5
2
2
2
5
2
2
2
2
2
2
2
2
0
0
2
2
0
2
2
2
0
2
2
0
0
0
0
0
0
0
0
0
0
0
0
7
7
0
7
7
7
7
7
7
7
7
33
33
33
33
33
33
33
33
33
33
33
33
33
33
33
33
33
33
24
33
24
33
24
24
24
24
24
24
24
24
33
33
24
24
24
24
24
24
19
19
19
19
19
19
19
19
19
19
19
19
19
19
19
19
19
10
27
19
19
19
19
10
10
10
10
10
10
10
10
10
27
27
27
27
27
27
27
27
27
27
27
27
27
27
27
27
27
27
27
27
27
16
24
24
16
16
16
16
16
16
16
16
16
16
16
16
16
16
16
16
16
16
6
6
6
6
6
6
6
6
6
25
25
25
25
25
25
25
25
25
25
25
25
25
25
25
25
25
25
25
25
25
38
38
38
38
38
38
38
38
38
38
38
38
38
38
38
38
38
38
38
26
38
26
38
38
38
26
26
26
38
26
26
26
26
9
26
26
26
9
26
26
26
9
26
26
26
9
26
26
9
36
26
26
9
36
26
26
26
9
26
26
9
36
9
36
36
36
9
36
36
36
36
36
36
37
36
36
36
41
36
36
36
36
36
36
36
41
36
36
36
41
37
37
37
41
37
37
37
37
37
37
37
37
37
37
37
37
37
37
41
41
41
41
41
41
41
41
41
41
41
41
41
41
41
40
40
41
41
40
40
40
40
40
40
40
40
40
40
40
40
40
40
40
40
40
40
40
40
21
39
21
21
30
21
21
21
21
21
21
21
21
21
21
21
21
21
30
30
21
21
21
21
21
21
21
21
21
21
21
21
21
30
21
21
21
21
21
21
30
21
21
21
21
21
21
39
21
21
21
21
21
21
21
21
21
21
21
21
30
30
21
30
30
30
39
30
39
39
39
39
39
39
39
39
30
39
39
39
39
39
39
39
39
39
39
39
39
39
39
39
39
39
39
39
39
39
39
39
39
39
39
39
39
39
39
39
39
39
39
39
39
39
39
39
39
39
39
39
39
39
23
39
39
23
23
23
39
39
39
39
