4
4
4
4
4
4
4
4
4
4
4
4
4
4
4
4
4
4
4
43
4
31
14
32
31
31
31
31
31
32
32
32
32
32
14
32
14
14
14
14
14
14
14
14
14
14
14
14
14
14
14
14
14
14
14
14
14
14
14
14
14
14
14
14
14
14
14
14
14
11
11
11
11
11
11
14
14
11
11
11
11
11
11
11
11
11
11
18
18
18
18
18
18
18
18
18
18
18
35
18
35
18
35
18
18
18
35
18
18
18
35
18
35
35
35
23
35
18
35
18
35
35
35
23
35
35
17
17
17
17
17
17
17
17
17
17
17
17
17
17
17
17
17
23
17
3
3
3
3
3
3
3
4
8
8
8
4
20
1
1
1
20
1
1
1
29
20
20
4
29
29
29
29
29
29
29
5
1
1
5
1
1
1
1
1
20
11
1
29
20
5
29
5
29
5
29
5
5
5
29
29
5
5
5
5
5
5
5
5
5
5
5
5
5
5
29
5
5
5
5
5
5
5
5
5
5
5
5
5
5
5
5
5
5
5
5
2
2
2
2
2
2
0
2
0
7
7
0
7
7
7
0
0
2
2
2
2
0
0
29
2
2
7
29
29
29
29
2
5
5
5
5
2
5
0
29
29
29
5
29
29
29
5
29
5
29
0
29
29
29
0
29
0
0
7
2
0
0
7
2
0
2
7
2
0
0
7
2
0
7
7
0
7
7
7
20
7
7
7
20
7
7
33
33
33
33
33
33
33
33
24
33
33
33
33
33
33
33
33
33
24
24
24
24
24
24
24
24
24
24
24
24
24
24
24
24
24
24
16
16
16
16
24
24
24
24
19
19
19
19
19
19
19
19
19
19
19
19
19
19
19
19
19
19
19
19
19
10
10
10
10
10
10
10
10
10
10
10
27
27
27
27
27
27
27
27
27
27
27
27
27
27
28
18
16
16
16
16
16
16
16
16
16
16
6
6
6
6
6
6
6
6
6
25
25
25
25
25
25
25
25
25
25
25
25
25
25
25
25
25
25
25
25
25
38
38
38
38
38
38
38
38
38
38
38
38
38
38
38
38
38
38
38
38
38
38
38
38
38
38
38
26
38
26
38
26
26
26
26
26
26
26
9
26
26
26
9
26
26
26
9
26
26
26
36
26
26
9
36
36
36
36
36
36
36
36
36
36
36
36
36
36
26
36
36
36
36
36
36
36
36
36
36
36
36
36
36
36
36
36
36
36
15
15
15
39
15
15
30
37
37
37
37
37
37
37
37
37
37
37
37
37
37
41
41
41
41
41
41
41
41
41
41
41
37
41
41
41
41
41
41
41
41
41
41
41
41
41
41
40
40
40
40
40
40
40
40
40
40
40
40
40
40
40
40
40
40
40
40
40
21
21
21
21
21
21
21
21
30
21
21
21
30
21
21
21
21
30
21
39
30
30
30
30
30
30
21
21
39
21
21
21
30
30
21
30
30
30
30
30
39
39
39
39
39
39
39
39
39
30
39
39
30
30
39
39
39
30
39
30
30
30
30
30
39
39
39
39
39
39
39
39
39
39
39
39
39
39
39
39
39
39
39
39
39
39
39
39
39
39
39
39
39
39
39
39
23
23
23
23
23
23
23
23
23
23
39
