3
3
4
3
4
4
4
4
4
4
4
4
4
4
4
4
4
4
4
4
4
4
3
3
4
4
4
4
4
4
4
4
4
4
3
4
3
3
3
3
4
4
4
4
4
4
4
4
4
4
4
4
4
4
4
4
3
3
22
3
22
22
3
22
3
22
4
4
4
3
4
22
22
22
22
22
22
22
22
4
22
4
4
4
3
3
3
22
22
22
22
22
22
22
12
4
4
4
4
22
4
4
4
4
4
4
4
4
4
4
4
4
4
4
4
4
4
4
4
4
4
4
4
4
4
4
4
4
4
4
4
4
4
4
4
4
4
4
4
4
4
43
4
43
43
4
4
31
43
43
43
43
43
43
43
43
43
43
43
43
43
31
11
31
31
31
23
23
23
23
31
32
14
4
31
23
23
14
14
31
14
14
14
14
14
23
23
14
23
23
23
14
23
23
23
23
14
14
14
14
14
14
14
14
14
14
14
14
14
14
14
14
14
14
14
14
11
14
14
14
11
14
14
11
11
11
14
14
11
11
11
11
11
11
11
11
11
11
11
11
11
11
11
11
11
11
11
12
18
11
18
18
18
18
18
18
18
18
18
18
18
18
18
18
18
18
18
18
18
35
17
17
17
35
17
35
18
17
17
17
17
17
17
6
17
17
17
8
17
17
17
17
17
17
17
17
17
17
17
17
17
17
3
17
3
3
3
17
3
3
3
3
3
3
8
8
8
8
8
8
25
25
12
22
22
22
8
8
3
34
34
34
20
23
23
23
1
18
34
1
1
1
20
1
1
1
1
1
34
1
1
1
1
1
1
1
1
1
1
1
1
1
1
1
1
1
1
1
20
1
20
1
20
20
20
20
20
20
20
20
20
20
20
20
20
20
20
20
20
20
20
20
20
42
20
20
20
42
42
42
20
42
42
42
23
20
42
23
29
5
29
5
29
23
5
5
5
5
5
5
5
5
5
5
5
5
5
5
5
5
5
5
2
23
5
5
5
23
5
2
5
23
5
2
2
23
5
2
2
2
5
2
2
23
5
2
2
2
0
0
0
2
0
7
0
2
0
7
0
0
7
7
7
7
7
7
7
7
7
7
7
33
33
33
33
33
33
33
33
33
33
33
33
33
33
33
33
33
33
33
33
24
24
24
24
24
24
24
24
24
34
24
24
24
19
19
19
19
19
19
19
19
19
19
19
19
19
19
19
19
19
19
19
19
19
19
19
19
19
19
19
27
27
27
27
27
27
27
27
27
27
27
27
27
27
27
27
27
27
27
27
27
27
27
27
27
27
27
27
27
27
27
27
19
10
19
19
10
10
10
27
27
27
27
16
16
16
16
16
16
16
27
16
16
16
16
16
27
27
27
27
27
27
27
27
27
27
27
27
27
27
27
27
27
27
27
27
30
28
30
22
28
6
23
30
6
6
6
6
6
6
26
26
26
26
26
6
26
26
26
25
25
25
25
25
25
25
25
25
25
25
25
25
25
25
25
25
25
25
25
25
25
38
38
38
38
38
38
38
38
38
38
38
38
26
26
26
26
26
26
26
26
26
26
26
26
26
26
26
26
26
26
26
26
26
26
26
26
26
26
26
26
26
26
26
26
26
36
36
36
36
36
36
36
36
36
36
36
36
36
36
36
36
36
36
36
36
36
36
36
36
36
36
36
36
36
36
36
36
36
36
36
36
36
36
37
37
37
15
37
41
37
37
37
37
37
36
38
38
37
37
37
41
41
41
41
41
41
41
41
41
41
41
41
41
41
41
41
41
41
41
41
41
41
41
40
40
40
40
40
40
40
40
40
40
40
40
40
40
40
40
40
40
40
40
40
40
40
40
40
40
40
40
40
40
40
40
40
40
40
40
40
40
40
40
40
40
40
40
40
40
40
40
30
30
30
30
30
30
30
30
30
30
30
30
30
30
30
30
30
30
30
30
30
30
30
30
30
30
30
39
39
39
39
39
39
39
39
39
39
39
39
39
39
39
39
39
39
39
39
39
39
39
39
39
39
39
39
39
39
39
39
39
39
39
39
39
39
39
39
