3
22
3
22
22
22
3
3
4
4
4
4
4
4
4
3
3
3
4
3
3
3
3
4
3
3
3
3
3
3
3
3
3
4
3
3
3
3
4
4
3
4
4
3
3
3
3
3
3
3
3
3
4
3
3
4
4
3
3
3
3
3
3
3
3
3
3
3
3
3
3
4
22
3
3
3
3
8
8
8
4
3
3
3
4
4
4
4
3
4
4
4
4
4
4
8
4
4
8
8
8
4
8
8
8
6
8
8
4
1
4
4
23
4
4
4
23
4
4
4
4
4
8
8
23
8
8
8
8
8
4
8
3
4
3
4
4
4
4
4
4
4
4
4
4
4
4
4
4
4
4
4
4
4
4
4
4
4
4
4
4
4
4
4
4
4
4
4
4
4
4
4
4
4
4
4
4
43
43
43
31
31
4
4
4
4
4
43
4
4
31
4
31
4
31
6
4
31
43
31
31
31
31
31
31
28
4
43
4
4
4
4
4
28
28
28
43
43
28
43
43
43
28
43
43
43
43
43
43
43
43
43
43
43
28
28
43
28
43
28
28
43
28
43
43
43
43
28
43
43
43
43
43
43
43
43
43
31
43
31
31
31
31
31
31
14
31
14
14
14
31
31
31
31
31
14
31
31
2
14
14
14
14
14
14
14
14
23
14
14
14
14
14
14
14
14
14
14
14
14
14
14
14
14
14
14
14
14
14
14
14
14
14
14
14
14
14
14
14
14
14
14
14
14
14
14
11
14
14
14
14
14
14
14
14
14
14
14
11
14
14
14
11
11
11
11
11
11
11
18
33
33
33
33
18
18
18
18
18
18
18
18
18
18
18
18
35
35
35
18
35
35
35
35
35
35
35
35
35
35
35
35
35
17
17
17
35
35
17
35
17
17
35
17
17
17
17
17
17
17
17
17
17
17
17
17
17
17
17
17
17
3
3
3
3
3
3
3
3
30
8
8
11
8
8
23
23
23
23
23
23
35
34
34
34
34
34
34
1
1
1
1
1
1
1
1
1
1
20
20
20
1
20
1
20
20
1
20
20
20
23
20
23
20
23
20
20
20
23
20
20
20
20
20
42
42
42
42
42
20
42
42
42
20
42
42
42
11
42
42
42
42
42
42
42
42
29
29
29
29
29
29
2
29
29
29
2
23
5
29
2
5
5
29
5
5
5
5
2
5
5
5
29
5
5
5
2
2
2
2
2
2
2
2
2
2
2
2
0
0
0
2
2
0
0
0
0
0
0
0
0
0
0
0
0
0
0
0
0
0
0
0
0
7
7
7
7
7
7
29
2
29
29
33
33
33
33
33
33
33
33
33
33
33
33
33
24
33
24
24
24
24
24
24
24
24
24
24
24
24
24
24
19
19
19
19
19
19
19
19
19
19
19
19
19
19
19
10
10
10
10
19
19
19
19
19
10
10
10
10
10
10
10
10
10
10
10
27
10
10
27
27
27
27
27
27
27
27
27
27
27
27
27
27
27
27
27
27
27
33
16
16
16
16
16
16
16
16
16
16
16
16
6
16
6
6
6
6
6
6
6
6
6
25
25
25
25
25
25
25
25
25
25
25
25
25
25
25
25
25
25
38
38
38
38
38
26
38
38
38
38
38
38
38
26
38
38
38
26
26
26
38
26
26
26
38
26
26
26
26
26
26
26
26
26
26
26
26
9
36
9
36
26
26
26
9
36
36
36
36
36
36
36
36
36
36
36
36
36
36
36
36
36
36
36
36
36
36
36
36
36
36
36
36
36
15
36
36
36
36
36
15
15
15
33
41
36
37
41
37
37
37
37
37
37
37
37
41
41
41
41
41
39
37
37
41
41
41
41
41
41
41
41
41
41
41
41
41
41
41
41
41
41
41
41
41
41
40
40
40
40
40
40
40
40
40
40
40
40
40
40
40
40
40
40
40
21
40
21
21
30
30
30
30
30
30
30
30
30
30
30
30
30
30
30
30
30
30
30
30
30
30
30
30
30
30
39
30
30
39
39
30
39
39
39
39
30
39
39
39
39
39
39
39
39
39
39
39
39
39
39
39
39
39
39
39
39
39
39
39
39
39
39
39
39
39
39
39
