4
4
4
4
4
4
4
43
43
43
43
43
43
43
43
43
4
43
43
43
31
43
43
43
31
31
43
43
32
31
31
32
31
32
32
32
14
14
14
14
14
14
14
14
14
14
14
14
14
14
14
14
14
14
14
14
14
14
14
14
14
14
14
14
14
11
14
14
14
11
14
14
14
11
11
11
11
11
11
11
11
11
3
8
3
8
3
8
8
8
18
18
35
35
35
17
17
17
17
17
17
17
17
16
16
17
17
17
17
16
16
16
16
17
18
16
35
35
35
35
34
34
34
34
34
1
1
1
1
1
1
34
1
1
1
1
1
1
1
1
1
1
1
1
1
1
1
1
1
1
1
1
1
1
1
1
1
1
1
1
1
1
1
1
1
1
1
20
20
20
20
20
20
20
20
20
20
20
42
42
29
29
29
29
29
11
29
29
29
29
29
29
5
29
5
5
5
5
5
5
5
5
5
5
5
5
5
5
5
5
5
5
5
5
5
5
5
5
5
5
2
5
5
5
2
5
2
5
2
2
2
2
2
2
2
0
0
2
0
0
0
0
0
0
0
0
0
7
7
0
0
7
7
2
5
5
5
29
5
2
0
29
29
29
5
29
29
23
5
5
29
5
2
5
5
5
2
2
2
2
0
5
2
2
0
2
2
5
0
2
2
0
0
2
2
0
0
0
0
0
0
2
0
0
0
0
0
0
7
7
0
0
7
7
7
7
7
7
7
7
7
7
7
7
7
33
33
33
33
33
33
33
33
33
33
33
33
33
33
33
33
24
24
24
24
24
24
24
24
24
24
24
24
24
24
24
24
24
24
24
24
24
24
24
24
16
24
24
24
24
19
19
19
19
19
19
19
19
19
19
19
19
19
19
19
19
19
19
19
19
19
19
19
19
19
19
19
10
10
10
10
10
10
10
27
27
27
27
27
27
27
27
27
27
27
27
27
27
10
10
10
10
10
10
10
10
19
19
19
27
27
27
27
27
19
19
19
10
10
16
16
16
16
16
16
16
16
16
16
16
6
6
6
6
6
6
6
6
6
25
25
25
25
25
25
25
25
25
25
25
25
25
25
25
25
25
25
25
25
25
25
25
25
25
25
25
38
38
38
38
38
38
38
38
38
38
38
38
38
26
38
38
26
38
26
26
26
38
26
26
26
26
26
26
26
26
26
26
26
26
26
26
26
26
26
9
9
26
9
26
26
26
9
9
36
9
36
36
36
36
36
36
36
36
36
36
9
36
36
36
36
36
36
36
36
15
15
36
36
15
15
36
36
15
15
15
15
15
15
37
37
37
37
36
26
37
37
37
37
37
37
37
37
37
37
37
37
37
37
37
37
37
41
41
41
41
41
41
41
41
41
41
41
41
41
41
41
41
41
41
40
40
40
40
40
40
40
40
40
40
40
40
40
40
40
40
40
40
21
30
30
21
39
39
21
21
21
30
21
21
30
30
21
30
30
30
30
30
21
30
30
21
30
30
30
30
21
21
21
21
21
30
21
30
30
30
30
30
30
30
30
30
39
30
30
39
39
39
39
39
39
39
30
39
39
39
39
39
39
39
39
39
30
39
30
39
39
39
39
39
39
39
39
39
39
39
39
39
39
39
39
39
39
39
39
39
39
39
39
39
39
39
39
39
39
39
39
23
39
39
23
23
39
23
39
23
39
39
39
