4
4
4
4
4
4
4
4
4
4
4
4
4
4
43
4
43
31
31
31
43
31
31
31
43
31
31
31
31
14
32
32
32
14
32
32
32
14
14
14
14
14
14
14
14
14
14
14
14
14
14
14
14
14
14
14
14
14
14
14
14
14
14
14
14
14
14
14
11
14
14
14
14
14
14
11
11
14
14
11
11
11
11
11
11
11
11
11
11
18
18
18
18
18
18
18
18
18
18
18
18
18
18
18
18
18
18
18
18
18
18
18
18
18
18
18
18
17
35
18
17
17
17
17
17
17
17
17
17
17
17
17
17
17
17
17
17
17
17
17
17
17
3
3
3
3
3
3
3
3
3
3
3
3
8
8
8
8
8
8
8
4
4
4
8
8
8
18
18
18
18
18
18
18
34
18
1
34
1
1
1
1
1
1
1
1
1
1
1
1
1
1
1
1
1
1
1
1
1
1
1
1
1
1
1
20
20
20
20
20
20
20
20
20
20
20
20
42
20
20
42
20
20
42
42
42
42
20
42
42
42
29
29
42
29
29
29
29
29
29
29
5
29
29
5
29
29
5
29
5
29
29
5
29
5
29
5
5
5
5
5
5
5
5
5
5
5
5
5
5
5
5
5
2
2
5
2
2
2
5
2
2
2
5
2
2
2
5
2
2
2
23
2
2
2
2
7
7
7
7
2
7
7
7
7
7
7
2
0
0
0
2
2
7
0
7
7
0
7
0
7
7
0
2
7
0
0
0
0
0
0
0
0
0
0
0
0
0
0
0
0
0
0
7
0
7
7
7
0
0
0
7
7
7
7
7
7
7
7
7
7
7
7
7
7
7
7
7
7
7
7
7
33
33
33
33
33
33
33
33
33
33
33
33
33
33
33
24
24
24
24
24
24
24
24
24
24
24
24
24
24
24
24
24
24
24
24
24
24
24
24
24
24
19
19
19
19
19
19
19
19
19
19
19
19
19
19
19
19
19
19
19
19
19
19
10
10
10
10
10
10
10
27
27
27
27
27
27
27
27
27
27
27
27
27
27
28
28
28
43
43
27
19
19
27
16
16
16
16
16
16
16
16
16
16
16
16
16
16
16
16
16
16
16
6
6
6
6
6
6
6
6
6
25
25
25
25
25
25
25
25
25
25
25
25
25
25
25
25
25
25
25
38
38
38
38
38
38
38
38
38
38
38
38
38
38
38
38
26
26
38
38
26
26
26
26
26
26
26
26
26
26
26
26
26
26
26
26
26
9
26
9
9
9
9
26
9
26
9
36
36
36
36
36
36
36
36
36
36
36
36
36
36
36
36
36
36
36
36
36
36
36
36
36
15
15
36
15
36
15
37
15
15
15
15
37
37
37
37
37
37
41
37
41
40
40
40
40
40
40
40
40
40
40
40
40
40
40
40
40
40
40
40
40
40
40
40
40
40
40
40
40
40
40
40
40
40
21
21
21
21
40
40
40
21
21
21
30
30
30
21
21
40
40
40
21
21
21
21
30
30
30
30
30
30
21
30
30
30
30
30
30
21
21
30
30
21
21
30
30
39
39
39
30
30
21
30
21
21
21
30
30
30
21
30
30
21
21
21
21
30
21
39
39
30
30
30
30
21
21
30
30
30
21
30
30
30
30
30
30
39
30
30
39
39
39
39
39
30
39
39
39
39
39
39
39
39
39
39
39
39
39
39
39
39
39
39
39
39
39
39
39
39
39
39
39
39
39
39
39
39
39
39
39
39
39
39
39
39
39
39
39
39
23
39
39
39
39
39
39
39
39
39
23
23
23
39
23
39
23
23
23
23
23
23
23
39
