4
4
4
4
4
4
4
4
4
4
4
4
4
4
4
4
4
4
4
4
4
4
4
4
4
4
4
4
4
4
4
4
14
43
43
4
31
31
4
4
4
4
4
4
31
4
2
1
29
5
5
11
4
11
11
11
11
31
2
2
11
29
5
5
14
14
14
14
11
31
11
31
31
4
11
11
32
31
14
14
14
32
32
32
11
14
14
23
23
14
14
23
14
14
14
14
14
14
14
14
14
14
14
14
14
14
14
14
14
14
14
14
14
14
14
14
14
14
14
14
14
11
11
14
11
14
11
14
14
14
14
11
11
14
14
11
14
29
29
11
29
11
29
11
18
18
11
11
18
11
18
11
11
18
17
18
18
18
18
18
35
35
35
35
35
35
35
35
35
35
35
35
35
17
17
35
35
17
17
17
17
17
17
17
17
17
17
17
17
17
17
17
17
17
17
17
17
17
17
17
17
17
17
3
3
3
3
3
3
8
8
23
8
8
8
17
8
17
23
2
18
8
34
34
1
5
24
24
34
24
5
29
20
5
5
5
5
5
5
5
2
5
5
5
29
5
5
29
5
5
5
5
5
5
5
5
5
5
5
5
5
5
5
2
5
5
5
5
5
2
5
5
5
2
5
2
2
2
5
2
2
2
5
2
2
2
0
2
2
2
20
2
0
0
0
2
0
2
5
5
2
2
8
2
0
0
29
5
5
5
5
29
7
7
29
2
2
5
2
2
7
7
29
5
7
2
20
5
0
0
20
5
2
0
29
2
0
2
2
2
7
0
2
5
0
0
7
2
2
2
20
2
7
7
7
2
0
0
20
2
7
7
2
7
7
7
7
0
7
7
7
24
33
33
24
33
33
33
33
33
33
33
33
24
24
24
24
33
24
24
24
24
24
24
24
24
24
24
24
24
24
24
24
24
24
7
24
7
7
24
24
24
24
24
19
19
19
19
19
10
19
19
19
19
10
19
19
19
10
10
19
10
10
10
10
10
10
10
10
10
10
19
19
10
10
10
10
27
27
27
27
27
27
27
27
27
27
27
27
27
27
27
27
27
27
27
27
27
27
27
27
27
27
24
24
24
16
16
16
16
16
16
16
16
16
23
16
35
16
16
16
6
6
16
16
16
16
6
6
16
16
16
16
16
6
6
6
6
6
6
6
6
6
6
6
6
6
6
6
6
6
25
25
25
25
25
25
25
25
25
25
25
25
25
25
25
25
25
25
25
25
25
25
25
25
25
25
25
25
25
25
25
6
26
38
26
26
26
26
26
26
26
6
26
6
26
26
26
26
26
26
26
26
26
26
26
26
26
26
26
26
26
26
26
26
26
26
26
26
26
26
26
26
26
26
26
26
26
26
26
9
26
26
26
9
26
26
26
26
26
26
26
9
41
26
26
36
36
36
26
36
36
36
36
36
37
36
36
36
37
15
15
36
37
41
37
15
41
40
26
36
41
41
39
37
41
37
37
37
37
37
41
41
41
41
41
37
37
41
41
37
41
41
41
41
41
41
41
41
41
40
41
40
41
41
41
41
41
41
41
41
41
41
41
41
41
41
41
41
40
41
40
40
40
40
40
40
40
40
40
40
40
40
40
40
40
40
40
40
40
40
40
40
40
40
30
30
21
21
21
30
30
30
30
30
21
21
21
21
21
21
30
21
30
21
30
30
30
21
30
30
21
30
21
21
21
21
30
21
21
21
30
30
21
30
30
30
30
30
39
30
39
39
39
39
39
39
39
39
30
39
30
39
39
39
39
39
39
39
39
39
30
30
39
39
39
39
39
39
39
39
39
39
39
39
39
39
39
39
39
39
39
39
39
39
39
39
39
39
39
39
39
39
39
39
39
39
39
39
23
23
23
23
39
39
39
