4
4
4
4
4
4
4
4
4
4
4
4
4
4
4
4
4
4
4
43
43
31
43
4
4
4
4
4
31
4
4
4
43
43
4
31
31
31
43
31
31
43
43
43
14
31
31
31
14
31
31
31
31
31
14
31
14
14
14
14
14
31
32
32
14
14
14
32
32
31
14
14
14
14
32
32
14
14
14
14
14
14
14
14
14
32
14
14
14
14
14
14
14
14
14
14
14
14
14
14
14
14
14
11
11
14
11
31
18
18
18
18
18
11
11
18
18
18
18
18
18
18
18
18
18
18
18
18
18
18
18
18
18
18
18
35
18
18
18
35
18
18
18
18
18
35
35
35
18
35
18
17
17
17
17
17
17
17
17
17
17
17
3
17
8
8
8
8
3
3
3
8
8
8
3
8
4
4
1
20
32
1
8
1
1
31
20
2
18
23
2
5
5
2
5
1
1
1
1
1
1
1
1
1
1
1
1
1
1
1
1
1
1
1
1
1
1
1
1
1
1
1
1
1
1
1
1
1
1
1
1
1
20
1
1
1
20
1
20
1
20
1
1
42
20
20
42
23
20
42
23
23
20
42
42
23
29
23
29
23
5
2
23
23
2
2
23
23
23
2
2
2
2
2
2
2
5
2
2
2
2
2
2
2
2
2
2
2
2
2
2
2
2
2
2
2
5
2
2
2
2
2
2
2
2
2
2
2
2
2
2
2
2
0
2
2
2
2
2
2
2
2
23
23
23
23
23
23
23
23
23
23
7
7
7
7
7
7
33
33
33
33
33
33
33
33
33
33
33
24
24
24
24
24
24
24
24
24
24
24
24
24
24
23
23
23
23
24
24
24
24
24
19
19
19
19
19
19
19
19
19
19
19
19
19
19
19
19
19
19
19
19
10
10
10
10
10
10
10
10
10
10
10
10
10
10
10
10
10
10
10
10
27
27
27
10
27
27
27
27
27
27
27
27
27
27
27
27
27
27
16
16
27
19
19
19
19
19
19
19
16
16
16
16
16
16
16
16
16
16
16
16
16
16
6
6
6
6
6
6
6
6
6
25
25
25
25
25
25
25
25
25
25
25
25
25
25
25
25
25
25
38
38
38
38
38
38
38
38
38
38
38
38
38
38
38
38
38
38
38
26
26
26
38
26
26
26
26
26
26
38
26
26
26
26
26
26
26
26
26
26
36
26
26
26
26
36
26
26
26
26
36
26
36
26
36
26
36
36
9
26
36
36
36
36
36
36
36
36
36
36
36
36
36
36
26
36
26
9
26
26
26
26
26
30
30
36
26
26
26
26
26
26
26
26
26
26
36
36
26
26
26
36
26
26
36
26
26
26
26
26
26
26
36
36
36
26
26
36
36
26
36
36
26
26
36
36
36
26
36
36
26
26
36
36
26
36
36
36
36
26
26
26
36
26
36
36
36
36
26
36
36
36
36
36
36
36
36
36
36
36
36
36
36
36
36
37
15
37
37
37
11
37
37
37
37
37
3
37
37
37
37
37
17
37
37
37
41
37
37
41
41
37
40
40
37
37
37
37
37
37
37
37
37
37
37
37
41
40
40
40
40
40
40
40
40
40
40
40
40
40
40
40
41
40
40
40
40
40
40
40
40
40
40
40
21
40
40
40
40
40
21
40
40
40
40
40
40
40
21
21
21
21
30
21
21
21
21
21
21
21
40
21
21
21
21
21
21
21
21
21
21
21
30
30
30
30
30
30
30
30
30
30
30
30
30
30
30
30
30
30
30
30
30
30
30
30
30
30
30
30
30
30
39
39
39
39
39
39
39
39
39
39
39
39
39
39
39
39
39
39
39
39
39
39
39
39
39
39
39
39
39
39
39
39
39
39
39
39
39
39
39
