4
4
4
4
4
4
4
4
4
4
4
4
4
4
4
4
4
4
4
4
31
43
6
23
4
14
4
4
4
1
4
1
4
8
4
4
4
22
4
31
4
12
4
23
4
11
43
4
23
14
4
4
4
14
4
31
4
4
4
4
4
11
4
4
4
14
4
23
14
11
4
4
4
23
4
4
4
23
12
42
4
4
4
4
4
4
4
4
4
4
4
4
4
4
4
43
31
43
31
31
31
31
31
14
31
14
14
14
14
14
14
14
14
14
14
32
14
14
14
14
14
14
14
11
14
14
14
14
14
14
14
11
14
14
14
11
14
14
14
11
14
14
14
11
11
14
14
11
11
14
11
11
11
14
23
11
23
11
23
11
11
11
8
11
11
11
18
18
18
18
18
18
18
18
18
18
35
18
35
35
35
35
18
35
35
18
18
35
35
35
35
35
35
35
35
35
35
35
35
35
35
35
35
35
17
17
17
17
17
17
17
17
3
17
17
17
3
3
3
17
3
3
3
17
3
3
3
3
3
3
6
8
8
8
8
8
23
8
23
23
8
4
23
8
8
34
34
34
34
1
1
1
1
1
1
1
1
1
1
1
1
1
1
1
1
1
1
1
1
20
20
20
20
20
20
20
20
20
20
20
20
20
20
20
20
20
20
20
20
20
20
20
20
20
20
20
20
20
20
20
20
20
42
20
20
29
29
29
29
29
29
29
29
5
29
29
29
5
5
29
29
5
5
5
5
5
5
5
5
5
5
5
5
5
5
5
5
5
5
5
5
2
2
2
2
2
2
2
2
2
2
2
2
0
0
0
0
0
0
2
0
0
0
0
0
0
0
0
0
0
0
0
0
0
0
7
0
0
7
7
7
7
7
5
0
0
0
33
33
33
33
33
33
33
33
33
33
33
33
33
33
33
33
33
24
24
24
24
24
24
24
24
24
24
24
24
24
24
24
24
24
19
19
19
19
19
19
19
19
19
19
19
19
19
19
19
19
19
19
10
19
10
19
19
19
19
19
19
19
19
10
19
10
10
10
10
10
10
10
10
10
27
27
27
27
27
27
27
27
27
27
27
27
27
27
27
27
16
16
16
16
16
16
16
16
16
16
16
16
16
16
16
16
6
6
6
6
6
6
6
6
6
25
6
6
6
6
25
25
25
25
25
25
25
25
25
25
25
25
25
25
25
25
25
38
38
38
38
38
38
38
38
38
38
38
38
38
26
38
38
38
26
26
26
26
26
26
26
26
26
26
26
26
26
26
26
26
26
26
26
26
26
26
26
26
26
26
26
26
26
26
26
36
36
36
36
36
36
36
36
36
36
36
36
36
36
36
36
36
36
36
36
36
36
36
36
36
36
36
36
36
36
15
15
15
36
15
15
37
37
37
37
37
37
41
37
37
37
37
37
37
41
41
37
37
41
41
41
41
41
41
41
41
41
41
41
41
41
41
41
41
41
40
40
40
40
40
40
40
40
40
40
40
40
40
40
40
40
40
40
40
40
40
40
21
21
30
30
30
30
39
39
39
39
39
39
39
30
30
30
39
30
30
30
39
30
30
30
30
30
30
39
30
39
39
39
39
39
39
39
39
39
39
39
39
39
39
39
39
39
39
39
39
39
39
39
39
39
39
39
39
39
39
39
39
39
39
39
39
39
39
39
39
39
