4
4
4
4
4
4
23
14
31
31
31
31
4
4
4
4
12
23
23
4
12
23
23
23
23
23
23
23
23
23
23
23
23
23
23
23
23
23
23
14
23
23
23
14
39
14
23
14
23
23
23
14
23
14
23
14
23
23
23
14
23
11
11
14
23
11
14
14
23
23
14
14
4
4
11
11
4
11
43
4
11
11
11
18
18
18
18
18
18
18
18
18
18
18
18
18
18
18
18
18
18
18
18
18
18
18
18
18
18
18
18
18
18
35
35
35
35
18
35
35
35
17
17
17
17
17
17
17
17
17
17
17
17
17
17
17
17
17
17
17
17
17
17
17
17
17
17
17
17
17
17
3
17
3
3
17
17
31
43
8
8
4
8
1
8
4
4
18
4
11
8
8
8
8
34
34
34
34
34
34
1
1
1
1
1
1
1
1
1
1
1
1
1
1
20
20
1
1
1
1
1
20
20
20
20
20
20
20
20
42
42
42
20
42
42
42
42
42
42
42
42
42
42
42
42
42
42
42
42
42
42
42
42
42
42
42
42
42
42
29
29
29
29
29
20
2
2
5
2
2
2
5
2
2
2
5
5
29
29
2
2
2
2
5
2
2
2
5
2
2
2
2
2
2
2
2
2
2
2
2
2
2
2
2
2
2
2
2
2
2
2
2
2
0
2
2
2
0
2
2
2
0
2
2
2
2
2
2
0
0
2
0
0
0
0
7
7
7
7
33
33
33
33
33
33
33
33
33
33
33
33
24
33
24
24
24
24
24
24
24
24
7
7
24
24
24
24
16
16
16
16
16
16
16
24
24
24
19
19
19
19
19
19
19
19
19
19
19
19
19
24
19
10
19
19
19
19
19
19
19
19
19
19
10
19
19
19
19
19
19
19
19
19
19
19
19
27
27
10
10
19
10
10
10
10
10
10
10
10
10
10
10
10
27
27
27
27
27
27
27
27
27
27
27
27
27
27
27
27
27
27
27
27
27
27
16
16
16
16
16
16
16
16
6
16
6
6
6
6
6
16
16
16
16
16
16
16
16
16
16
16
16
16
6
6
6
6
6
6
6
6
6
6
25
25
6
6
25
25
25
25
25
25
25
25
25
25
25
25
25
25
25
25
25
25
25
25
25
25
25
25
38
38
38
38
38
38
38
26
38
38
38
38
38
38
38
26
38
26
38
26
26
26
26
26
26
26
26
26
26
26
26
26
26
26
26
26
26
9
26
9
26
36
36
36
36
36
9
36
36
36
36
36
36
36
36
36
36
36
36
36
36
36
36
36
36
36
36
36
36
36
36
36
15
15
36
15
15
15
15
15
15
15
15
15
15
15
37
37
37
37
37
37
37
37
37
37
37
37
37
37
37
41
37
37
41
41
41
41
41
41
41
41
41
41
41
41
41
41
41
41
40
40
40
40
40
40
40
40
40
40
40
40
40
40
40
40
40
40
40
40
40
40
40
40
40
40
40
40
40
39
40
21
40
21
40
21
40
40
21
21
40
21
21
21
30
30
30
30
30
30
30
30
30
30
30
30
30
30
30
30
30
30
30
30
30
30
30
30
30
30
30
30
30
30
39
39
39
39
39
39
39
39
39
39
39
39
39
39
39
39
39
39
39
39
39
39
39
39
39
39
39
39
39
39
39
39
23
23
23
23
39
23
39
