3
3
3
3
3
3
3
4
4
4
4
4
4
4
4
4
4
4
4
4
4
4
4
4
4
4
4
4
4
4
4
4
4
4
4
4
4
4
4
4
4
4
4
4
4
4
4
4
4
4
4
4
4
4
4
4
4
4
4
4
4
4
4
4
4
4
4
4
4
4
4
4
4
4
4
4
4
4
4
4
4
4
4
4
43
43
43
43
43
43
43
31
43
43
43
43
43
31
4
4
31
4
31
43
31
4
4
4
31
31
4
4
43
31
31
31
43
43
31
31
31
43
31
31
31
31
14
14
14
14
14
14
14
14
14
14
14
1
14
14
14
14
14
14
14
1
14
14
14
14
14
14
14
11
14
14
14
11
14
14
11
11
14
14
14
11
14
14
11
11
11
11
11
11
11
11
11
11
11
11
11
11
11
11
11
11
11
11
11
18
18
18
18
18
18
18
18
11
18
18
18
18
35
35
35
35
35
35
35
35
35
35
35
35
35
17
17
35
17
35
17
17
17
35
17
17
17
17
17
17
17
17
17
17
17
17
17
17
17
17
17
17
17
17
17
17
17
17
17
17
17
17
17
17
17
17
17
17
8
3
3
3
5
20
23
29
5
29
20
5
5
5
5
5
5
5
5
5
5
5
5
29
29
29
1
1
1
1
1
1
1
34
1
23
1
1
1
1
1
1
1
1
23
1
1
23
1
23
1
1
1
23
20
20
23
20
20
1
23
20
20
20
20
20
20
20
20
20
20
20
20
20
20
20
20
20
20
42
23
42
42
42
23
42
42
11
23
23
42
20
29
29
29
29
29
29
5
5
5
29
5
5
29
29
5
5
5
5
5
5
5
5
5
5
5
5
5
5
5
5
5
5
2
5
5
2
2
2
2
2
2
2
2
2
2
2
2
2
0
2
2
2
2
2
2
2
2
2
2
2
0
0
2
2
0
2
0
0
7
0
0
7
7
7
7
33
33
7
7
33
33
33
33
33
33
33
33
33
33
33
33
33
33
33
33
33
33
33
33
24
24
24
24
24
7
24
24
24
24
24
24
24
24
19
19
19
19
19
19
19
19
19
19
19
19
19
19
19
19
19
19
19
19
10
10
10
10
10
10
10
10
10
10
10
10
10
10
10
10
10
10
27
27
27
27
27
27
27
27
27
27
27
27
27
27
27
10
10
23
16
16
16
16
16
16
16
19
19
19
10
10
10
10
19
19
19
19
27
27
27
27
27
19
19
19
19
19
16
16
16
16
16
16
16
16
16
16
16
16
16
16
23
16
16
16
16
6
16
6
6
6
17
16
16
6
6
25
6
25
6
6
6
6
26
26
26
26
26
26
26
26
26
25
25
25
25
25
25
25
25
25
25
25
25
25
25
25
25
25
25
25
25
25
25
25
25
25
25
25
25
25
25
25
25
25
25
25
25
25
26
26
38
38
38
26
26
26
26
26
26
26
26
26
26
26
26
26
26
26
26
26
26
26
26
26
26
26
26
26
26
26
26
26
26
26
26
26
26
26
26
36
26
9
36
36
26
9
36
36
36
36
36
36
36
36
36
36
36
36
36
36
36
36
36
36
36
36
36
36
36
36
36
36
36
36
36
36
36
15
15
15
15
15
15
37
37
37
37
37
37
37
37
37
37
37
37
41
41
41
41
41
41
41
41
41
41
41
41
41
41
41
41
41
41
41
40
40
40
40
40
41
40
40
40
40
40
40
40
40
40
40
40
40
40
40
40
40
21
30
21
40
40
40
40
40
21
40
40
40
40
40
40
40
21
21
21
40
21
21
39
21
21
30
39
39
21
21
21
40
21
21
21
21
21
21
21
21
21
21
30
30
21
30
30
30
39
30
30
30
39
30
30
30
30
30
30
30
30
30
30
30
30
30
30
30
39
30
30
39
39
39
39
39
39
39
39
39
39
39
39
39
39
39
39
39
39
39
39
39
39
39
39
39
39
39
39
39
39
39
39
39
39
39
39
39
39
39
39
