4
4
4
4
4
4
4
4
4
4
4
4
4
4
4
4
4
4
4
4
4
4
43
43
43
43
4
31
43
43
43
4
4
18
4
4
43
4
4
4
4
31
43
4
43
31
43
31
4
4
43
43
4
2
5
2
0
0
24
2
2
0
7
2
5
7
4
2
2
4
4
4
4
4
4
2
4
4
4
2
4
4
4
2
4
4
4
0
43
7
4
7
5
43
7
7
43
4
7
0
7
7
7
5
7
7
43
4
5
1
43
43
43
43
43
43
43
43
43
31
31
31
31
23
32
23
32
23
14
14
11
14
14
23
14
23
14
23
14
23
14
14
14
14
11
11
11
14
11
14
11
14
11
11
14
14
11
11
11
14
11
11
11
11
11
11
14
11
11
11
11
14
11
11
11
11
11
11
11
11
11
11
11
11
18
18
34
18
18
18
18
34
18
18
18
18
18
18
18
18
18
18
18
18
18
18
18
18
35
35
35
35
35
35
35
35
35
35
35
35
35
35
35
35
35
35
35
35
17
35
17
17
17
17
17
17
17
17
17
17
17
17
17
17
17
17
17
17
17
17
17
17
17
17
17
29
29
29
17
22
29
23
23
23
29
29
29
29
17
17
17
20
34
18
29
34
20
23
1
1
1
1
1
1
1
1
1
1
1
1
1
1
1
1
1
1
20
1
20
1
1
20
1
20
20
1
20
20
1
20
20
20
20
23
20
20
23
23
20
23
23
23
20
20
23
20
20
20
20
20
20
20
20
20
42
42
20
42
42
42
29
29
29
29
29
29
29
29
5
5
5
5
5
29
29
29
29
5
5
5
5
5
5
5
2
5
5
2
2
5
2
2
2
2
2
2
2
2
2
2
2
2
2
2
2
2
2
2
0
2
2
2
0
2
0
0
0
0
0
0
0
0
0
0
0
0
0
7
7
7
7
7
7
7
7
33
33
33
33
33
33
33
33
33
33
33
33
33
33
33
33
33
33
33
33
33
33
24
33
33
33
33
33
33
33
24
24
24
24
24
24
24
29
28
28
16
16
16
24
24
24
24
19
19
19
19
19
19
19
19
19
19
19
19
19
19
19
19
19
19
19
19
19
10
19
19
19
19
19
19
19
10
10
10
10
10
10
10
27
27
27
27
27
27
27
27
27
27
27
27
27
27
27
27
27
27
27
27
27
27
19
27
10
19
16
16
16
16
16
16
16
16
16
16
16
16
16
6
6
6
6
6
6
6
6
6
6
25
25
25
25
25
25
25
25
25
25
25
25
25
25
25
25
25
25
25
25
25
25
38
38
38
38
38
38
38
38
38
38
26
38
26
38
26
26
26
26
26
26
26
26
26
26
26
26
26
26
26
26
26
26
26
9
26
26
9
9
26
9
9
36
9
9
36
36
9
36
36
36
36
36
36
36
36
36
36
36
36
36
36
36
36
36
36
36
36
36
36
36
36
36
36
36
36
36
36
36
15
15
15
15
15
37
37
37
37
37
37
36
37
37
37
37
37
37
37
37
37
37
37
37
37
37
37
37
37
41
41
41
41
41
41
37
41
41
41
40
40
40
40
40
40
40
40
40
40
40
40
40
40
40
40
40
40
40
40
40
40
40
40
40
40
40
40
40
40
40
40
30
30
30
30
30
30
30
30
30
30
30
30
30
30
30
30
30
30
30
30
30
30
39
39
39
39
39
39
39
30
39
39
39
39
39
39
39
39
39
39
39
39
39
39
39
39
39
39
39
39
39
39
39
39
39
39
39
39
39
39
39
