4
4
3
4
4
4
4
4
4
4
4
4
4
4
4
4
4
4
4
4
4
4
4
4
4
4
4
4
4
4
4
4
4
4
4
4
4
4
4
4
4
4
4
4
4
4
4
4
4
4
4
4
4
4
4
4
4
4
4
4
4
4
4
4
4
4
4
4
4
4
4
4
4
4
4
23
23
31
6
31
31
31
6
31
4
31
14
11
31
31
31
31
43
14
31
31
4
31
4
8
4
31
31
4
4
11
31
4
18
31
31
31
43
4
4
31
4
31
43
43
43
31
43
43
43
14
31
43
43
31
43
31
14
31
31
31
31
14
31
14
14
32
31
31
32
14
14
14
1
1
11
1
1
14
14
14
14
14
14
14
11
14
14
14
14
14
14
14
11
14
14
23
14
14
14
14
11
11
14
23
11
11
14
14
11
14
14
23
14
14
14
14
11
14
14
14
11
11
11
11
11
11
11
31
11
18
18
18
18
35
18
18
18
18
18
18
18
18
18
35
18
18
35
17
35
35
35
35
35
35
35
35
35
35
35
35
35
35
35
17
17
35
35
17
17
35
17
17
17
17
23
17
17
17
17
17
17
17
17
17
17
17
17
17
17
17
17
17
3
17
17
17
8
17
34
1
11
11
17
34
18
34
34
34
35
34
34
34
34
34
23
34
34
1
1
1
1
1
1
1
1
1
1
1
1
1
1
1
1
1
1
20
1
1
1
20
20
1
1
20
20
20
20
20
20
20
20
20
20
20
20
20
20
20
20
20
20
20
20
20
20
42
20
42
20
42
42
42
20
42
42
29
29
29
29
29
29
2
5
5
29
5
5
5
29
5
5
5
5
5
5
5
5
2
2
5
5
2
5
5
5
2
5
5
5
2
5
2
5
2
2
2
2
2
2
2
2
2
2
2
2
2
2
2
2
2
0
0
2
0
0
0
2
0
0
0
2
0
7
7
7
7
7
7
33
7
33
33
33
33
33
33
33
33
33
33
33
33
33
33
33
33
33
33
33
33
33
33
24
24
24
24
24
24
24
24
24
24
24
24
24
24
24
24
24
19
19
19
19
19
19
19
19
19
19
19
19
19
19
19
19
19
19
19
19
10
10
19
19
10
10
10
10
10
10
10
10
10
10
10
27
27
27
27
27
27
27
27
27
27
27
27
27
27
24
16
16
16
16
16
16
16
16
16
16
16
16
16
16
16
16
16
16
16
16
6
6
6
6
6
6
6
6
26
25
25
25
25
25
25
25
25
25
25
25
25
25
25
25
25
25
25
25
25
25
38
38
38
38
38
38
38
38
38
38
38
38
38
38
38
26
38
26
26
26
38
26
26
26
38
26
26
26
26
26
26
26
26
26
26
26
26
26
26
26
26
26
26
26
26
26
26
26
36
36
36
36
9
36
9
36
36
36
36
36
36
36
36
36
36
36
36
36
36
36
36
36
36
36
36
36
36
36
15
15
36
15
42
36
15
36
37
37
37
37
37
37
37
37
37
37
37
37
37
37
37
37
37
37
37
37
37
41
41
37
41
41
41
41
41
41
41
41
41
41
41
41
41
41
41
41
41
40
40
40
41
40
40
40
40
40
40
40
40
40
40
40
40
40
40
40
40
40
40
21
21
21
21
21
21
21
21
21
21
21
21
21
21
21
21
21
21
21
21
21
21
21
21
21
21
21
21
21
30
21
21
21
21
21
21
21
21
21
30
30
21
30
30
39
39
39
39
39
39
39
39
39
39
39
39
39
39
39
39
39
39
39
39
39
30
39
39
39
39
39
39
39
39
39
39
39
39
39
39
39
39
39
39
39
39
39
39
39
39
39
39
39
39
39
39
39
39
39
39
39
23
39
39
39
39
39
39
39
39
39
