4
4
4
4
4
4
4
4
4
4
4
4
4
4
4
4
4
4
4
31
31
43
31
31
31
31
31
14
31
31
31
14
14
31
31
14
31
31
31
14
14
31
31
14
14
14
14
14
14
14
14
14
14
14
14
14
14
31
31
14
31
31
31
14
14
14
14
14
14
14
14
14
14
14
14
14
14
11
11
8
11
11
11
11
11
17
17
18
18
18
18
18
11
18
18
18
18
18
18
18
18
35
35
18
35
35
35
35
35
35
35
35
35
35
17
35
35
35
17
35
35
35
17
17
17
17
17
17
17
17
17
17
17
17
17
17
17
17
17
17
17
17
3
3
3
3
3
3
3
3
3
3
3
3
8
8
8
8
8
8
8
8
8
8
8
8
8
8
8
8
34
34
34
1
1
1
1
1
1
1
1
1
1
1
1
1
1
1
1
1
1
1
1
1
1
1
1
1
1
1
1
1
1
1
1
1
20
1
1
1
1
1
20
20
20
20
20
20
20
20
20
20
20
20
20
20
20
20
20
20
20
20
20
20
20
20
20
42
42
42
20
42
42
42
42
29
20
20
29
5
5
5
5
5
5
5
5
5
5
5
5
5
5
5
5
5
5
5
5
5
5
5
5
5
5
5
5
5
5
2
5
5
5
2
2
2
5
2
2
2
5
2
2
2
2
2
2
2
2
0
0
0
0
2
0
0
0
0
0
0
7
0
7
7
7
2
5
2
33
33
33
33
33
33
33
33
33
33
33
33
33
33
33
33
33
24
24
24
24
24
24
24
24
24
24
24
24
24
24
24
24
24
24
24
24
24
24
19
19
19
19
19
19
19
19
19
19
19
19
19
19
19
10
10
19
10
10
10
10
10
10
10
10
10
10
10
10
10
10
10
27
27
27
27
27
27
27
27
27
27
27
27
27
27
27
27
27
27
27
27
27
16
16
16
16
16
16
16
16
16
16
16
16
16
16
16
16
16
6
16
6
6
6
6
6
6
6
6
6
6
6
25
25
25
25
25
25
25
25
25
25
25
25
25
25
25
25
25
25
25
25
25
25
25
38
38
38
38
38
38
38
38
38
38
38
26
38
38
38
38
38
26
38
38
38
26
38
38
26
26
38
38
26
26
26
26
26
26
26
26
26
26
26
26
26
26
26
26
9
26
26
9
36
36
36
9
36
36
36
26
9
36
9
36
36
36
36
36
36
36
36
36
36
36
36
36
36
36
36
36
15
15
15
15
15
30
15
37
37
37
37
37
39
39
39
37
37
40
37
37
41
41
41
41
41
41
41
41
41
41
41
41
41
41
41
41
41
40
40
40
40
39
40
40
40
40
40
40
30
39
40
40
30
39
40
30
39
39
30
30
39
39
30
40
39
30
21
40
40
39
40
30
30
39
21
40
40
21
39
39
30
39
30
39
30
30
21
30
21
30
30
30
30
30
30
30
30
30
30
30
30
30
30
30
30
30
30
30
30
30
30
39
39
39
39
39
39
39
39
39
30
39
30
39
39
39
39
39
39
39
39
39
39
39
39
39
39
39
39
39
39
39
39
39
39
39
39
39
39
39
39
39
39
39
39
39
39
39
39
39
39
39
39
39
39
23
23
23
23
23
23
23
23
23
23
23
39
