4
4
4
4
4
4
4
4
4
4
4
4
4
4
4
4
4
4
4
4
4
4
4
4
4
4
4
11
11
4
4
4
4
4
4
4
4
11
4
18
4
17
4
4
4
17
4
4
4
11
4
4
4
4
4
4
4
4
4
4
4
4
4
4
43
43
4
4
43
43
4
4
4
43
4
4
31
43
4
43
4
31
4
43
4
43
4
4
4
43
4
4
43
43
4
4
4
43
4
4
4
43
43
43
4
43
4
43
4
43
4
43
4
18
5
23
23
2
2
2
11
2
2
2
2
5
0
2
23
2
2
23
24
7
5
7
24
2
24
7
24
17
4
4
4
18
4
23
23
23
31
23
1
14
14
14
14
14
14
14
14
14
14
1
14
14
14
14
14
14
14
1
14
14
14
14
14
14
14
14
14
14
14
14
14
14
14
14
14
14
14
11
14
14
14
14
14
14
14
11
14
14
14
14
14
14
14
11
14
11
11
11
11
11
11
11
11
11
34
34
34
34
34
34
34
18
8
11
8
35
35
35
35
35
35
35
35
35
35
35
35
35
35
35
35
18
35
35
35
35
35
17
17
35
35
17
17
17
17
17
17
17
8
8
17
17
3
8
17
17
17
17
17
3
17
17
17
3
17
8
8
3
8
8
17
23
34
5
0
23
23
7
7
7
7
7
7
7
7
23
2
2
2
2
2
2
0
0
2
2
7
7
2
5
2
42
23
20
20
1
1
1
1
1
1
1
1
1
1
1
1
1
1
1
1
1
1
1
1
1
20
1
20
20
20
20
20
20
20
20
20
20
20
20
20
20
20
20
20
20
20
20
20
20
20
20
20
42
42
42
42
42
20
20
42
42
42
42
42
29
29
29
29
29
2
2
5
5
5
2
5
5
5
2
2
2
5
5
2
5
2
2
5
5
2
2
5
5
2
2
5
5
2
2
2
2
2
2
2
2
2
2
2
2
2
2
2
2
2
2
2
2
2
2
2
2
2
2
2
2
2
0
2
2
2
0
7
0
0
7
7
7
0
7
7
7
7
33
33
33
33
33
33
33
33
33
33
33
33
24
33
33
33
33
24
24
24
24
24
24
24
24
24
24
24
16
16
16
16
24
24
24
19
19
19
19
19
19
19
19
19
10
10
10
10
10
19
27
27
27
10
10
10
10
10
10
10
10
10
10
10
27
27
27
27
27
27
27
27
27
27
27
27
27
27
27
27
27
27
27
27
27
16
16
16
16
16
16
16
16
16
16
6
6
6
6
6
6
6
26
26
26
25
25
25
25
25
25
25
25
25
25
25
25
25
25
25
25
25
25
25
38
38
38
38
38
38
38
38
38
38
38
38
38
38
38
38
26
26
26
26
26
26
38
26
26
26
38
26
26
26
26
26
26
26
26
26
26
26
26
26
26
26
26
26
26
26
26
26
26
26
26
26
26
26
26
36
26
26
36
41
41
15
36
37
36
36
41
41
41
41
41
41
41
41
41
41
41
37
37
37
36
37
37
37
37
37
41
37
36
26
6
6
26
26
26
26
38
25
26
26
26
26
26
26
26
26
26
26
26
26
26
26
26
26
26
26
41
26
26
26
26
26
26
26
26
26
26
26
41
26
26
26
26
41
26
26
41
26
26
26
41
26
26
26
41
26
26
26
26
41
41
36
40
26
41
36
41
26
41
37
41
41
41
41
40
41
41
37
41
41
41
41
41
41
41
37
41
41
41
26
41
37
37
37
41
41
37
37
37
37
37
41
41
41
41
41
41
40
40
40
40
40
40
40
40
40
40
40
40
40
40
40
40
40
40
40
40
40
40
21
40
30
30
30
30
30
30
30
30
30
30
30
30
30
30
30
30
30
30
30
30
30
30
30
30
30
30
30
30
30
39
39
39
39
30
30
30
30
30
39
39
39
39
39
39
39
39
39
39
39
39
30
39
39
39
39
39
39
39
39
39
39
39
39
39
39
39
39
39
39
39
39
39
39
39
39
39
39
39
39
39
39
39
39
39
39
39
39
39
39
39
39
39
39
