3
3
4
4
3
3
3
3
3
3
3
3
3
3
3
3
3
3
3
3
3
3
3
3
3
4
4
4
4
4
4
4
4
4
4
4
4
4
4
4
4
4
4
4
4
4
4
4
4
4
4
4
4
4
4
4
4
4
4
4
4
4
4
4
3
3
4
4
4
4
3
3
3
3
3
4
4
4
4
4
3
4
4
3
4
4
4
4
4
4
4
4
8
3
8
4
4
4
4
4
4
4
4
4
4
4
4
4
4
4
4
4
4
4
4
4
4
4
4
4
4
4
4
4
4
4
4
43
43
43
4
43
43
43
43
31
31
4
43
43
4
4
4
4
4
4
4
4
4
4
12
12
12
12
12
30
30
39
23
23
23
39
23
12
23
39
23
23
12
23
12
30
14
14
14
14
14
14
14
23
23
20
23
1
23
1
1
23
23
23
23
6
14
23
6
6
14
14
1
14
14
14
14
6
14
14
14
6
14
14
14
14
14
14
11
11
11
11
11
11
11
11
14
11
11
11
14
14
14
11
14
14
11
11
14
14
14
11
14
14
11
11
11
14
11
11
11
11
11
11
11
11
11
11
11
11
8
8
3
3
8
8
3
17
18
18
18
18
18
18
18
18
18
18
18
35
35
18
35
35
35
35
35
35
35
18
35
35
35
35
35
35
35
18
35
35
17
35
17
35
17
17
17
17
17
17
17
17
17
17
17
17
17
17
17
17
17
17
17
17
3
17
17
17
3
17
34
22
29
29
29
29
24
24
24
29
23
20
24
23
10
23
18
18
20
20
20
23
20
20
20
23
20
20
20
23
20
20
23
20
20
20
20
20
20
20
20
20
20
20
20
20
20
20
20
20
20
20
20
20
20
20
20
20
20
20
20
20
20
20
20
20
20
20
20
20
2
20
20
20
42
1
20
1
2
20
20
1
2
20
20
20
2
7
7
0
2
0
2
29
29
29
5
29
29
29
29
29
29
29
29
29
5
5
29
5
29
29
29
5
5
5
5
5
5
5
5
5
5
5
5
5
5
2
5
5
2
5
5
5
2
2
2
2
2
2
2
2
2
0
0
0
0
0
0
0
0
0
7
7
0
7
7
7
7
7
7
7
7
7
24
7
24
33
33
33
33
33
33
33
33
33
33
33
33
33
33
33
24
33
33
24
24
24
24
24
24
24
24
24
24
24
24
24
24
24
24
24
24
19
19
19
19
19
19
19
19
19
19
19
19
19
19
19
19
19
19
19
19
19
19
19
19
19
19
10
19
19
19
19
10
10
10
10
27
27
27
27
27
27
27
27
27
27
27
27
27
27
27
27
27
16
16
16
16
16
16
16
16
16
16
16
16
27
27
27
27
19
27
16
16
16
16
16
16
16
16
6
6
6
26
6
6
25
26
6
26
25
25
25
25
25
25
25
25
25
25
25
25
25
25
25
25
25
25
25
25
38
38
38
38
38
38
38
38
38
38
38
26
26
38
38
38
38
38
26
26
38
38
26
26
26
26
26
26
38
26
26
26
26
26
26
26
36
26
26
26
26
26
26
26
26
26
26
26
26
26
26
36
20
20
36
36
26
36
26
36
36
36
36
36
42
26
36
36
36
36
36
36
36
36
36
36
36
36
36
36
36
36
15
17
15
15
17
17
37
37
37
37
37
37
37
15
15
26
37
36
36
37
37
37
37
37
37
37
37
37
37
37
41
41
41
37
37
41
41
41
41
37
37
41
37
37
37
41
37
37
37
41
41
41
41
41
41
41
41
41
41
41
41
41
41
41
41
41
40
41
41
37
40
40
40
40
40
40
40
40
40
40
40
40
40
40
40
40
40
40
40
40
40
40
40
41
40
40
40
40
40
40
40
40
40
40
40
40
40
40
40
40
40
40
40
40
40
40
40
40
40
40
40
40
40
40
40
40
40
40
40
40
40
40
40
40
40
40
40
40
40
40
40
40
40
40
21
40
30
30
30
30
30
30
30
30
30
30
30
30
30
30
30
30
30
30
30
30
30
30
30
30
30
30
30
30
39
39
39
39
39
39
39
39
39
39
39
39
39
39
39
39
39
39
39
39
39
39
39
39
39
39
39
39
39
39
39
23
39
39
39
39
39
39
39
39
39
