4
4
4
4
4
4
4
4
4
4
4
43
43
31
31
31
31
31
31
31
31
31
31
31
31
14
31
31
31
14
31
32
32
14
14
14
14
14
32
14
14
14
14
14
14
14
14
14
14
14
14
14
14
14
14
14
14
14
14
14
14
14
14
14
14
14
14
14
14
14
11
11
11
11
11
11
18
18
11
18
18
18
18
18
18
18
18
18
18
18
18
35
35
35
18
18
18
18
18
35
35
35
35
35
35
35
35
35
35
35
35
35
35
35
35
17
35
35
35
17
17
17
17
17
17
17
17
17
17
17
17
17
17
17
17
17
17
17
17
17
3
3
3
3
3
3
8
8
8
8
8
8
8
8
8
8
8
34
34
29
34
34
31
3
1
34
23
1
23
1
1
1
1
1
1
1
1
1
1
1
1
1
1
1
1
1
1
1
1
1
1
1
1
1
1
1
1
1
1
1
20
1
20
1
1
1
1
1
20
1
1
20
20
20
20
20
42
20
20
20
42
20
20
42
42
29
29
29
29
29
29
5
5
5
29
5
5
5
5
5
5
2
5
5
5
5
5
5
5
2
5
2
5
2
5
5
5
2
5
5
5
2
2
2
2
2
2
2
2
2
2
2
0
2
2
29
5
5
5
5
5
5
29
5
5
5
42
5
5
5
5
5
5
5
5
5
5
5
5
5
5
5
5
5
5
5
2
5
5
5
2
5
5
2
2
5
5
2
2
5
5
2
2
5
2
2
2
2
0
0
2
0
0
0
0
0
7
7
7
0
7
7
2
7
7
24
24
7
33
33
24
33
33
24
33
33
33
33
33
33
33
33
24
24
24
24
24
24
24
24
24
24
24
24
24
24
24
7
24
24
24
24
24
24
24
24
19
19
19
19
19
19
19
19
19
19
19
19
19
19
19
19
19
19
19
19
19
19
19
19
19
19
19
19
19
19
10
27
27
27
27
27
27
27
27
27
27
27
27
27
27
27
27
27
27
19
19
19
19
10
27
19
27
27
16
27
27
27
27
27
27
27
27
27
27
27
27
27
27
27
16
16
16
16
16
16
16
16
16
16
16
16
16
16
16
6
6
6
6
6
6
6
6
6
6
6
25
25
25
25
25
25
25
25
25
25
25
25
25
25
25
25
25
38
38
38
38
38
26
38
38
26
38
38
38
6
23
38
38
38
38
38
38
38
38
38
38
38
38
38
38
26
26
26
26
26
26
26
26
26
9
9
26
26
9
26
26
26
9
9
26
26
9
9
9
9
36
9
9
36
36
9
9
36
36
36
36
36
36
36
36
36
36
36
36
36
36
36
36
36
36
36
36
36
36
36
36
36
36
36
36
36
15
15
15
15
30
15
37
37
37
37
37
37
37
37
37
37
37
37
37
37
37
37
37
37
37
37
37
37
37
37
37
37
37
41
41
39
40
39
41
40
41
41
41
40
41
40
40
40
40
41
40
40
40
40
40
40
40
40
38
21
40
40
40
40
40
40
40
40
21
21
21
21
21
21
21
21
21
21
21
21
21
21
30
21
21
21
21
21
12
30
12
30
21
12
30
30
30
30
30
30
30
30
30
30
30
39
30
30
30
30
30
30
30
30
30
30
30
30
30
30
30
30
30
30
30
30
39
39
39
39
39
39
39
39
39
39
39
39
39
39
39
39
39
39
39
39
39
39
39
39
39
39
39
39
39
39
39
39
39
39
39
23
39
39
39
39
39
