4
4
4
4
4
4
4
4
4
4
4
4
4
4
4
4
31
31
14
4
4
32
14
31
32
32
32
32
32
32
14
32
32
32
14
14
14
14
14
14
14
14
14
14
14
14
14
14
14
14
14
14
14
14
14
14
14
14
14
11
14
14
14
11
14
14
14
11
14
14
14
11
11
11
14
11
11
11
11
11
11
11
11
11
11
18
18
18
18
18
18
18
18
18
18
18
18
35
18
35
35
35
35
35
35
35
35
35
35
35
35
35
35
35
35
17
35
35
35
35
35
17
35
35
17
17
17
17
17
17
17
17
17
17
17
17
17
3
17
17
17
17
17
17
17
17
3
3
3
3
3
3
8
8
8
8
8
8
8
8
8
8
4
8
4
8
18
4
18
17
17
34
34
34
34
34
34
34
34
1
1
1
34
1
1
1
1
1
1
1
1
1
1
1
1
1
1
1
1
1
1
1
1
1
1
1
1
1
20
20
1
20
20
20
20
20
20
20
20
20
20
20
20
20
20
20
20
42
42
42
42
42
29
29
29
29
23
29
29
29
29
29
5
5
5
5
5
5
5
5
5
5
5
5
5
5
5
5
5
5
5
5
5
2
2
2
5
5
2
2
2
2
2
2
2
2
2
2
2
2
2
2
2
2
2
2
2
0
0
0
0
0
0
7
0
7
7
7
7
7
7
7
7
7
0
29
29
29
29
24
29
29
29
29
5
7
29
24
5
29
0
29
5
5
0
7
2
5
5
7
5
7
5
7
0
7
7
7
0
0
7
7
7
7
7
7
7
7
7
7
7
7
7
7
7
7
7
7
7
7
7
7
7
7
7
7
7
7
7
33
33
7
29
33
33
33
33
33
33
33
33
33
33
33
33
33
33
33
24
24
24
24
24
24
24
24
24
24
24
24
24
24
24
24
24
24
24
24
24
24
24
24
19
19
19
19
19
19
19
19
19
19
19
19
19
19
19
19
19
19
19
27
27
10
27
27
27
10
10
10
10
10
10
10
27
27
27
27
27
27
27
27
27
27
27
27
27
27
27
27
27
27
27
24
16
16
16
16
16
16
16
16
16
16
16
16
16
16
6
6
6
6
6
6
6
6
6
6
6
6
6
6
6
6
25
25
25
25
25
25
25
25
25
25
25
25
25
38
38
38
38
38
38
38
38
38
38
38
38
38
38
38
38
38
38
38
38
26
38
38
38
26
38
26
38
26
26
26
26
26
26
26
26
26
26
26
26
9
26
26
9
9
26
26
9
36
9
9
9
9
9
36
36
36
36
36
9
36
9
36
36
36
36
36
36
36
36
36
36
36
36
36
36
36
37
37
15
37
15
15
37
37
37
37
37
37
37
37
37
37
37
37
37
37
37
37
41
41
41
41
41
41
41
41
41
41
41
41
41
40
40
40
40
40
40
40
40
40
40
40
40
40
40
40
40
40
40
40
40
21
21
21
21
21
21
30
30
30
21
21
30
21
21
30
30
30
30
30
30
21
30
21
21
21
21
39
39
39
39
39
39
39
30
30
30
39
30
39
30
30
39
39
30
30
30
30
30
30
30
39
39
39
39
39
30
39
39
39
39
39
39
39
39
39
39
39
39
39
39
39
39
39
39
39
39
39
39
39
39
39
39
39
39
39
39
39
39
39
39
39
39
39
39
39
39
39
39
39
23
23
23
23
23
23
23
23
23
23
23
23
