3
3
3
3
3
3
3
3
3
3
3
3
3
3
3
3
3
3
4
4
4
3
3
3
4
4
4
4
4
4
4
4
4
4
4
4
4
4
4
4
4
4
4
3
3
4
3
3
3
3
3
3
3
3
4
3
3
4
4
4
4
4
4
4
4
4
4
3
4
4
4
4
4
4
4
4
4
4
4
4
4
4
4
4
4
4
4
4
4
4
4
4
4
4
4
4
4
4
4
4
4
4
4
4
4
4
4
4
8
4
1
4
43
43
43
4
43
43
43
43
4
43
43
4
43
43
43
43
43
43
43
43
43
4
43
43
43
43
31
43
43
31
31
31
31
31
31
31
31
14
11
14
14
14
14
14
14
14
14
14
14
14
14
14
14
14
14
14
14
14
14
14
14
14
14
14
14
14
14
14
14
14
14
14
14
11
14
14
14
11
14
14
14
11
14
14
14
11
11
14
14
11
14
14
14
11
11
14
11
11
11
14
23
11
11
11
11
11
11
23
14
18
11
18
18
18
23
18
18
18
18
18
23
18
18
18
18
18
18
18
18
18
18
18
18
18
18
18
18
18
18
18
18
18
18
23
23
23
23
23
11
11
11
11
11
11
11
11
11
11
11
11
11
23
11
23
11
23
11
11
23
11
23
20
18
20
23
23
18
35
23
23
23
23
23
23
23
23
23
23
23
23
23
23
23
23
23
23
23
23
23
23
23
23
20
20
20
20
20
20
20
20
20
20
20
20
20
20
20
20
20
23
20
20
20
20
20
20
20
23
20
20
20
20
20
20
20
23
20
23
23
23
23
23
23
23
23
23
20
23
20
20
23
23
23
23
23
23
20
20
29
20
20
20
5
23
29
2
29
23
29
5
5
5
5
34
1
1
20
20
20
20
20
20
20
20
20
20
20
2
2
5
2
2
20
2
20
20
20
2
2
20
20
2
2
2
2
2
2
2
2
23
2
2
2
2
2
2
20
2
2
2
23
23
2
29
29
2
2
2
2
29
20
7
33
33
33
33
33
33
33
33
33
33
33
33
33
33
33
33
24
24
33
33
24
24
24
24
24
24
34
23
23
24
23
24
24
24
19
19
19
19
19
19
19
19
19
19
19
19
19
19
19
19
19
19
19
19
19
19
19
10
10
10
10
10
10
10
10
10
10
10
27
27
27
27
27
27
27
27
27
27
27
27
27
27
27
27
27
27
23
16
16
16
16
16
16
16
16
16
16
6
16
16
6
6
6
6
6
6
6
6
6
6
25
25
25
25
25
25
25
25
25
25
25
25
25
25
25
25
25
25
38
38
38
38
38
38
38
38
38
38
38
38
38
38
26
38
26
26
38
38
26
26
38
38
26
26
26
38
26
26
26
26
26
26
26
26
26
26
26
26
26
9
9
26
9
36
36
36
36
36
36
9
36
36
36
36
36
36
36
36
36
36
36
36
36
36
36
36
36
36
36
36
36
36
36
36
36
15
15
15
15
15
15
37
37
37
37
37
37
37
37
37
37
37
37
37
37
41
41
41
41
41
41
41
41
41
41
41
41
41
41
41
41
41
41
40
40
40
40
40
40
40
40
40
40
40
40
40
40
40
40
40
40
40
40
21
21
21
21
21
21
21
21
21
21
21
21
21
21
21
21
21
21
21
21
21
21
21
21
21
21
21
21
21
21
21
21
21
21
21
21
21
21
21
21
30
21
21
30
30
30
30
30
30
30
30
30
30
30
30
30
30
30
30
30
30
30
30
30
30
30
30
30
30
30
30
30
39
39
39
39
39
39
39
39
39
39
39
39
39
39
39
39
39
39
39
39
39
39
39
39
39
39
39
39
39
39
39
39
39
39
39
39
39
39
39
