4
4
4
4
4
4
4
4
4
4
4
4
4
4
4
4
11
11
11
4
4
12
11
23
43
43
4
4
43
43
43
43
31
31
31
31
31
31
31
31
31
14
14
31
31
14
14
31
31
14
14
31
32
14
14
31
32
14
14
31
14
14
14
31
14
14
14
14
14
14
14
14
14
14
14
14
14
11
11
14
14
14
14
11
11
11
11
11
11
11
11
11
11
18
18
18
18
18
18
18
18
18
18
18
35
18
18
18
18
18
18
18
18
35
35
18
35
35
35
35
35
35
35
35
35
35
35
35
35
35
17
35
17
17
17
17
17
17
17
17
17
3
17
17
17
3
3
3
3
3
3
3
3
3
3
3
3
3
3
8
8
8
3
8
8
8
8
8
8
4
4
8
8
34
17
34
34
34
34
17
1
1
1
42
42
29
1
1
1
1
1
1
1
1
1
1
1
1
1
1
1
1
1
1
1
1
1
1
1
1
1
1
1
1
1
1
1
1
1
20
1
1
20
20
20
20
20
20
20
20
20
42
20
20
20
42
20
42
42
42
20
42
42
42
42
42
42
29
29
29
29
29
29
2
2
2
2
2
5
2
2
2
2
2
2
2
2
2
2
2
5
2
2
2
2
2
2
2
2
2
2
2
2
2
2
2
2
2
2
2
2
2
2
2
2
2
2
2
2
2
2
2
2
2
2
2
2
2
2
2
2
2
2
2
0
0
0
0
0
0
0
0
0
7
33
7
33
33
33
33
33
33
33
7
33
33
33
33
33
33
33
24
24
24
24
24
24
24
24
24
24
24
24
24
19
19
24
19
19
19
19
19
19
19
19
19
19
19
19
19
19
19
19
19
10
10
19
19
10
19
10
10
19
10
19
19
19
10
10
10
10
10
10
10
27
27
27
27
27
27
27
27
27
27
27
27
27
27
27
10
27
16
16
16
16
16
16
16
16
16
16
16
16
16
16
16
16
16
16
16
16
16
6
6
6
6
6
6
6
6
6
23
6
6
25
25
25
25
25
25
25
25
25
25
25
25
25
25
25
25
25
25
25
25
25
25
25
25
38
38
38
38
26
38
38
38
38
38
38
38
38
38
38
26
26
26
26
26
26
38
38
38
26
38
38
38
26
38
38
38
26
26
26
26
26
26
26
26
9
9
26
26
36
9
26
9
36
26
26
26
36
26
26
26
26
26
26
26
26
26
26
26
26
36
26
36
26
36
36
36
36
36
26
36
36
36
36
15
15
15
15
15
37
37
37
37
37
37
39
23
34
23
34
23
37
37
41
41
41
41
41
40
41
41
41
41
41
41
41
41
41
41
41
41
41
41
41
41
41
40
40
40
40
40
40
21
40
40
40
40
40
40
40
40
40
40
40
40
40
21
40
21
21
21
21
21
21
21
21
21
21
21
21
21
21
21
21
21
21
21
21
21
30
21
21
21
39
21
21
21
21
21
21
21
21
21
21
21
21
21
21
21
30
30
21
21
21
21
21
21
21
21
30
30
21
21
21
21
21
21
21
21
30
30
30
21
30
39
30
30
39
39
39
39
39
39
39
39
39
39
39
39
39
39
39
39
39
39
39
39
39
39
39
39
39
39
39
39
39
39
39
39
39
39
39
39
39
39
39
39
39
39
39
39
39
39
39
39
39
39
39
39
23
39
23
23
23
39
23
23
23
23
23
39
39
