4
4
4
4
4
4
4
4
4
4
4
43
4
4
43
43
31
43
43
43
43
43
43
31
31
31
31
31
31
31
31
31
14
31
31
32
14
14
14
14
14
14
14
14
14
14
32
14
14
14
14
14
14
32
14
11
14
14
11
11
14
11
14
11
14
14
14
11
14
14
14
11
14
14
14
11
14
14
11
11
11
11
11
11
11
18
11
11
34
18
18
34
18
18
18
18
18
18
18
18
18
35
18
18
18
35
18
18
18
18
18
35
35
35
35
35
35
35
35
17
35
35
35
17
35
35
35
35
35
17
17
35
35
35
35
17
17
17
17
17
17
17
17
17
8
3
3
3
8
3
3
3
8
3
8
8
5
8
8
29
2
2
2
2
2
5
29
5
29
20
5
5
5
5
5
29
29
29
5
5
5
29
5
5
5
29
5
5
5
5
5
5
5
5
5
5
2
5
5
5
5
29
5
5
5
5
5
5
2
5
5
5
2
5
2
2
2
2
5
5
2
2
2
2
2
2
2
0
0
2
2
2
0
2
2
2
0
2
2
0
0
2
2
2
2
7
0
7
7
0
2
20
2
0
5
2
2
2
2
2
5
20
2
20
2
29
2
2
2
29
2
20
2
29
2
2
2
20
2
2
20
20
2
20
20
20
2
20
2
20
2
20
20
20
2
20
20
20
2
20
2
20
2
2
2
20
2
20
20
20
2
2
0
29
2
7
7
33
33
33
33
24
24
33
33
33
33
33
33
33
33
33
33
24
24
24
24
24
24
24
24
24
24
24
24
24
24
24
24
24
24
24
24
24
24
19
19
19
19
19
19
19
19
19
19
19
19
19
19
19
19
19
19
19
10
19
10
10
10
10
10
10
10
10
10
10
10
19
10
10
10
10
10
10
10
10
27
27
27
27
27
27
27
27
27
27
27
27
27
27
27
23
31
23
11
18
18
16
6
6
6
16
16
16
16
16
16
16
16
16
6
6
6
6
6
6
6
6
6
25
25
6
25
25
25
25
25
25
25
25
25
25
25
25
25
25
25
25
25
25
25
25
25
38
38
38
38
38
38
38
38
38
38
38
38
38
38
38
38
38
38
38
38
38
38
26
38
38
26
26
38
38
26
26
26
26
26
26
26
26
26
26
26
26
26
26
26
26
26
26
26
26
9
9
9
36
9
9
36
9
36
36
36
36
36
36
36
36
36
36
36
36
36
36
36
36
36
36
36
36
36
15
15
15
15
15
15
37
37
37
37
37
37
37
25
37
37
37
37
37
37
37
37
37
41
41
41
41
41
41
41
41
41
41
41
41
41
41
41
41
41
41
41
41
40
40
40
40
40
40
40
40
40
40
40
40
40
40
40
40
40
40
40
40
40
40
21
21
21
30
39
39
39
39
30
30
30
30
21
21
30
30
30
30
30
30
21
21
39
30
21
30
30
39
21
21
30
21
21
21
21
21
30
30
30
30
30
21
30
39
30
39
39
39
39
39
39
39
39
39
39
39
39
39
39
39
39
39
39
39
39
39
39
39
39
39
39
39
39
39
39
39
39
39
39
39
39
39
39
39
39
39
39
39
39
39
39
39
39
39
39
39
39
39
39
23
23
23
39
23
23
23
23
23
23
23
23
