3
3
4
4
4
4
4
4
4
4
3
4
3
4
4
4
8
4
3
3
4
4
3
3
4
4
3
3
3
3
3
4
4
4
8
4
8
4
8
8
8
8
4
8
4
4
4
4
8
8
8
4
4
4
8
3
3
3
3
3
3
4
4
3
3
3
4
4
4
4
3
3
3
3
3
3
3
4
4
4
4
4
4
4
4
4
3
4
4
4
4
4
4
4
4
4
4
4
4
4
4
4
4
4
4
4
4
4
4
4
4
4
4
4
4
4
4
4
4
4
4
4
4
4
4
4
4
4
4
4
4
4
4
4
4
4
4
4
4
4
4
4
4
4
4
4
4
4
4
4
4
4
4
4
4
4
4
4
4
4
43
31
31
4
43
43
43
4
4
43
43
43
43
43
43
43
43
43
43
43
43
43
43
43
43
31
31
43
43
43
43
43
43
43
43
31
31
31
11
11
31
14
14
31
32
14
14
14
14
14
14
14
14
14
14
14
14
14
14
14
14
14
14
14
14
14
14
14
14
14
14
14
14
14
11
14
14
14
11
14
14
14
11
14
14
14
11
14
14
11
11
14
14
11
11
14
14
11
11
14
14
11
11
14
23
11
11
14
14
14
14
14
11
11
11
18
17
18
35
18
18
18
35
18
17
18
18
18
35
18
35
35
17
18
18
35
17
35
17
35
17
17
17
35
17
35
23
35
17
17
17
17
17
17
17
17
17
17
17
17
17
17
17
35
17
35
17
17
17
23
17
17
17
14
17
18
34
20
23
18
23
23
23
23
23
23
23
18
18
18
34
34
34
1
1
1
1
1
1
1
1
1
1
1
1
20
1
1
1
1
1
20
1
1
1
1
1
1
1
1
1
1
20
20
20
20
20
20
20
20
20
20
20
20
20
20
20
20
20
20
20
20
20
20
42
20
20
20
42
42
20
42
29
29
29
20
23
5
2
2
2
2
5
2
2
2
2
2
5
5
2
23
5
2
2
2
2
2
2
2
2
2
2
2
2
2
2
2
2
2
2
2
2
2
2
2
2
2
2
2
2
2
2
2
2
2
2
23
2
0
2
2
2
0
2
0
0
0
0
0
0
7
2
0
0
0
7
33
33
33
33
33
33
33
33
33
33
33
33
33
33
33
33
33
33
24
24
24
24
24
24
24
33
0
0
20
29
29
24
24
24
24
24
24
24
24
24
24
24
19
19
19
19
19
19
19
19
19
19
19
19
19
19
19
19
19
19
19
19
19
19
10
10
10
19
10
10
10
10
10
27
27
27
27
27
27
27
27
27
27
27
27
27
27
27
27
27
27
27
27
27
27
27
27
24
16
16
16
16
16
16
16
16
16
16
6
6
6
6
6
6
6
6
6
25
25
25
25
25
25
25
25
25
25
25
25
25
25
25
25
25
25
25
25
25
38
38
38
38
38
26
38
38
38
38
38
38
38
38
38
38
38
26
26
38
38
26
26
38
26
26
26
26
26
26
26
26
26
26
26
26
26
36
26
36
36
36
36
36
36
36
36
36
36
36
36
36
36
36
36
36
36
36
36
36
36
36
36
36
36
36
36
36
36
36
36
36
36
36
36
36
36
36
15
15
15
15
15
15
37
37
37
37
37
37
37
37
37
37
37
37
41
37
37
41
41
41
41
41
41
41
41
41
41
41
41
41
41
41
40
40
41
41
40
40
40
40
40
40
40
40
40
40
40
40
40
40
40
40
40
40
40
21
21
21
21
40
21
21
21
21
21
21
21
21
21
21
21
21
21
21
21
21
21
21
21
21
21
21
21
21
21
21
21
21
21
21
21
21
21
21
21
21
21
30
21
21
21
21
30
30
30
30
30
30
30
30
30
30
30
30
30
30
30
30
30
30
30
30
30
30
30
30
30
39
39
39
30
30
39
39
39
39
39
39
39
39
39
39
39
39
39
39
39
39
39
39
39
39
39
39
39
39
39
39
39
39
39
23
23
23
39
39
39
39
39
