4
4
4
4
4
4
4
4
4
4
4
4
4
4
4
4
4
4
4
1
4
43
4
23
31
4
4
31
4
4
4
31
31
5
4
31
4
4
4
5
4
4
4
2
4
4
4
4
43
4
4
31
31
31
43
31
31
31
4
31
43
4
43
14
43
43
14
14
31
31
31
14
31
43
43
31
31
43
4
14
31
31
31
14
31
4
31
43
31
43
31
31
43
43
11
31
31
14
14
14
31
31
14
32
31
14
31
32
31
31
31
32
31
31
14
14
31
14
14
14
31
14
14
14
32
14
14
14
14
14
14
14
32
14
14
14
14
14
14
14
14
14
14
11
14
2
2
11
9
9
11
11
11
23
18
18
4
8
18
11
18
17
18
18
18
17
18
11
18
23
11
11
11
17
11
23
18
8
11
23
34
17
17
8
17
17
18
18
17
18
18
18
18
18
18
18
18
18
18
18
18
18
18
18
18
18
18
35
35
18
18
35
35
18
18
35
18
35
35
35
35
35
35
35
17
17
17
17
17
35
17
17
17
17
17
17
17
17
17
17
17
17
17
17
17
17
17
17
17
17
3
17
17
17
3
17
17
17
17
20
17
17
17
17
17
23
20
23
20
34
34
34
23
1
1
34
34
1
1
1
1
1
1
1
1
1
1
1
1
1
1
1
1
1
1
1
1
20
20
20
20
1
20
20
20
20
20
20
20
20
20
20
20
20
42
42
42
42
42
42
42
42
42
42
42
42
42
42
42
42
42
11
42
29
29
29
29
20
29
5
5
5
5
5
5
5
5
5
5
5
5
5
5
5
5
5
5
5
5
2
2
5
5
5
2
5
2
2
2
2
2
2
2
2
2
2
2
2
2
2
2
2
2
2
2
2
2
2
2
0
0
0
2
0
0
0
0
0
0
0
0
0
7
7
0
0
7
7
33
33
33
33
7
33
33
33
33
33
33
33
33
33
33
33
33
33
33
33
33
33
33
33
33
24
33
33
33
33
24
24
24
33
24
24
24
33
24
24
24
24
24
24
24
24
24
19
19
19
19
19
19
19
19
19
19
19
19
19
19
19
19
19
19
19
19
10
19
19
19
19
19
19
19
10
10
10
10
10
10
10
10
10
10
19
27
27
27
27
27
27
27
27
27
16
16
29
27
16
16
16
16
16
16
16
16
16
16
16
16
16
16
16
16
16
16
16
16
16
16
16
16
16
16
16
16
16
16
16
16
16
16
16
16
16
16
16
16
16
16
16
16
16
16
16
16
6
16
6
16
16
6
16
6
16
16
16
16
16
16
16
16
16
16
16
16
16
6
6
6
6
6
6
6
26
26
26
26
6
26
25
25
25
25
25
25
25
25
25
25
25
25
25
25
25
25
25
25
25
25
38
38
38
38
38
38
38
38
38
38
38
26
26
38
26
38
26
26
26
26
26
26
26
26
26
26
26
26
26
26
26
26
26
26
26
26
26
26
9
26
26
36
36
36
36
36
36
36
36
36
36
36
36
36
36
36
36
36
36
36
36
36
36
36
36
36
36
36
36
36
36
36
15
36
36
36
36
15
15
37
37
15
15
15
37
37
37
37
37
37
37
37
37
37
37
37
37
41
41
41
37
37
41
41
41
41
41
41
41
41
41
41
40
41
40
41
40
40
40
40
40
40
40
40
40
40
40
40
40
40
40
40
40
40
40
40
40
40
21
21
21
21
21
30
30
30
39
30
30
30
30
21
21
21
30
30
21
30
30
21
30
21
21
30
30
30
30
30
30
30
30
30
21
30
21
30
30
30
30
30
30
30
30
30
30
30
30
39
30
39
39
39
30
30
30
30
30
30
30
39
30
30
30
30
30
30
30
39
39
39
39
39
39
39
39
39
39
39
39
39
39
39
39
39
39
39
39
39
39
39
39
39
39
39
39
39
39
39
39
39
23
39
39
39
39
23
23
39
39
39
