3
3
3
3
4
3
3
3
4
4
3
3
3
3
4
4
3
3
4
3
4
4
3
3
3
3
4
4
3
4
4
4
4
4
4
4
4
4
4
4
4
3
3
4
22
4
22
4
12
12
39
30
39
4
4
39
39
39
39
4
4
4
22
3
4
4
4
4
4
4
4
4
4
3
3
3
4
4
4
4
4
4
4
4
4
4
4
4
4
4
4
4
4
4
4
4
4
4
4
4
4
4
4
4
4
4
4
4
43
4
43
43
43
4
4
4
4
43
4
4
4
31
43
43
43
43
43
43
43
31
43
43
43
43
43
43
31
31
43
43
43
43
43
43
43
43
31
31
31
14
14
14
14
14
14
14
14
14
14
14
14
14
14
14
14
14
14
14
14
14
14
14
14
14
14
14
14
14
14
14
14
11
14
11
11
11
11
11
11
11
14
14
11
11
11
11
11
11
11
11
11
11
11
11
11
11
11
11
11
11
11
23
11
18
18
18
18
18
18
18
18
18
18
18
18
18
35
18
18
18
18
35
35
35
35
35
35
35
35
35
35
35
35
17
35
35
17
17
17
35
17
17
17
17
17
17
17
17
17
17
17
17
17
17
17
17
17
3
17
17
17
3
3
3
3
3
3
3
3
23
23
8
8
23
8
23
23
23
11
11
18
34
34
34
34
34
34
1
1
1
1
1
20
20
1
1
20
1
1
1
20
20
20
20
20
20
1
20
20
20
20
20
1
20
20
20
20
20
20
20
20
20
20
20
20
20
20
20
20
20
20
20
20
20
20
20
20
20
20
42
42
42
20
42
42
29
29
29
29
20
29
5
29
2
29
29
29
7
5
29
5
5
5
5
5
5
5
5
5
2
5
5
5
2
5
2
2
2
2
5
5
0
0
2
2
2
2
2
2
0
0
0
2
0
0
0
0
0
0
0
0
0
7
7
0
0
7
7
7
7
7
7
7
7
7
7
7
7
7
7
33
33
33
33
33
33
24
33
33
24
33
33
33
33
33
24
33
24
24
24
24
24
24
24
24
24
33
33
24
29
24
24
24
24
19
19
19
19
19
19
19
19
19
19
19
19
19
19
19
19
19
19
19
19
19
19
19
19
19
19
19
19
19
19
27
27
27
27
27
27
27
27
27
27
27
27
27
27
10
27
10
27
19
19
27
27
27
27
27
27
19
19
19
16
19
16
16
16
16
16
16
16
16
16
16
16
16
16
16
16
25
25
25
15
15
15
6
25
36
25
25
25
25
25
25
25
25
25
25
25
25
25
25
25
25
25
25
25
25
38
38
38
38
38
26
38
38
38
36
38
38
38
38
38
38
38
38
38
38
38
26
26
38
38
26
26
26
38
26
26
26
26
26
26
26
26
26
36
9
26
9
9
9
26
9
26
26
36
36
36
36
36
36
36
36
36
36
36
36
36
36
36
36
36
36
36
36
36
36
36
36
36
36
36
36
36
36
15
15
15
15
15
37
37
37
37
37
37
37
37
37
37
37
37
37
37
37
37
37
37
37
41
41
41
41
41
41
41
41
41
41
41
41
41
41
41
41
41
40
40
40
40
40
40
40
40
40
40
40
40
40
40
40
40
40
40
40
40
40
21
21
21
21
30
21
21
21
21
21
21
21
21
21
21
21
21
21
21
21
21
21
21
21
21
21
21
21
21
21
21
21
30
21
21
21
30
30
21
21
21
21
30
30
21
30
30
39
39
39
39
39
39
30
30
30
30
30
30
30
39
30
30
30
39
30
30
30
39
39
39
39
39
39
39
39
39
39
39
39
39
39
39
39
39
39
39
39
39
39
39
39
39
39
39
39
39
23
39
23
23
23
23
23
23
23
23
23
23
39
23
