3
3
3
3
3
3
3
3
3
3
3
3
3
3
3
3
3
3
3
3
3
3
3
3
3
3
3
3
3
3
3
3
3
3
3
3
4
3
4
3
4
8
3
22
12
22
22
12
22
4
8
22
22
22
22
3
3
3
4
12
3
3
22
3
3
22
8
3
8
3
3
3
4
3
23
8
3
3
3
3
3
3
3
3
3
3
3
3
3
3
3
3
8
8
4
4
3
3
3
3
3
3
3
8
8
11
3
3
8
3
3
3
3
4
3
3
3
3
4
23
3
23
4
4
4
4
4
4
4
3
4
4
4
4
4
4
3
3
3
3
4
3
4
4
31
4
4
4
4
4
3
4
31
31
31
4
43
4
31
4
31
31
4
4
4
43
4
4
4
4
4
4
4
4
43
31
43
43
4
4
43
43
43
43
43
4
4
43
43
43
43
43
43
43
43
43
43
4
4
4
4
43
43
43
43
43
43
43
43
43
31
31
43
31
31
31
43
43
43
43
43
43
31
43
43
31
31
31
31
31
31
31
31
43
43
43
31
31
31
14
14
14
14
14
14
14
14
14
14
14
14
14
14
14
14
14
14
14
14
14
14
14
14
14
14
14
14
14
14
14
14
14
14
14
14
14
14
14
14
14
14
14
14
14
14
14
11
14
14
14
14
14
14
11
11
11
11
11
11
11
11
11
18
11
18
18
18
18
18
18
18
18
18
18
18
18
18
18
18
18
18
35
18
35
18
35
35
35
18
35
35
35
35
35
35
35
35
35
35
17
17
17
17
17
17
17
17
17
17
17
17
17
17
17
17
17
17
17
17
17
17
17
3
17
3
3
3
3
3
3
8
8
8
8
8
8
8
17
15
15
31
18
18
34
34
18
34
34
34
34
34
34
34
34
34
34
1
1
1
1
1
1
1
1
1
1
1
1
1
1
1
1
1
1
1
1
1
1
1
1
1
1
1
1
1
20
20
1
1
20
1
20
20
20
20
20
20
20
20
20
20
20
20
20
20
42
42
20
20
42
42
42
42
42
42
42
29
29
29
29
29
29
5
29
29
5
5
29
29
5
5
5
5
5
5
5
5
5
5
5
5
5
5
5
5
5
2
2
5
2
2
2
2
5
2
2
2
2
2
2
2
0
0
0
0
0
0
0
0
0
0
0
0
0
0
0
0
0
7
0
0
0
7
7
7
7
7
7
7
7
7
7
33
33
33
33
33
33
33
33
33
33
33
33
33
33
33
33
33
33
33
24
24
24
24
24
24
24
24
33
24
24
24
24
24
19
19
19
19
19
19
19
19
19
19
19
19
19
19
19
19
19
19
19
19
19
19
19
19
19
19
19
10
10
10
10
10
10
10
10
10
10
10
10
27
27
27
27
27
27
27
19
27
27
27
27
27
27
10
27
10
24
24
16
16
16
16
16
16
16
16
16
16
16
16
16
16
16
16
16
16
16
16
6
6
6
6
6
6
6
6
6
38
25
25
25
25
25
25
25
25
25
25
25
25
25
25
25
25
25
38
38
38
38
38
38
38
38
38
38
38
38
38
38
38
38
38
38
38
38
38
26
38
38
26
26
26
26
26
26
26
26
26
26
26
26
26
9
26
9
36
36
36
36
36
36
36
36
36
36
36
36
36
36
36
36
36
36
36
36
36
36
36
36
36
36
36
36
36
36
36
36
36
36
36
36
36
36
15
15
15
36
15
36
36
37
37
36
39
36
6
37
37
37
41
41
41
41
41
41
41
41
41
41
41
41
41
41
40
40
40
41
40
40
40
40
40
40
40
40
40
40
40
40
40
40
40
40
40
40
40
40
40
40
40
40
40
40
40
40
40
40
21
30
21
21
21
21
21
21
21
21
21
21
21
21
21
21
21
21
21
21
21
21
21
30
21
21
21
30
21
21
21
21
21
21
21
21
21
30
21
21
30
39
21
30
30
30
39
30
30
30
30
30
30
30
30
30
30
30
30
30
30
30
30
30
30
30
30
30
30
39
39
39
39
39
39
39
39
39
39
39
39
39
39
39
39
39
39
39
39
39
39
39
39
39
39
39
39
39
39
23
39
39
39
39
23
23
39
39
39
