3
3
3
3
3
3
3
3
3
3
3
3
3
3
3
3
3
3
3
3
3
3
3
1
22
4
3
4
4
4
4
4
4
3
4
4
3
3
3
3
3
3
3
4
4
39
39
39
39
39
23
6
6
4
4
4
4
3
3
3
4
4
4
4
4
4
4
4
4
4
4
4
4
4
4
4
4
4
4
4
4
31
31
11
13
41
3
23
13
11
4
12
4
22
4
12
4
12
3
3
3
3
3
3
3
3
3
3
3
3
3
3
11
11
3
4
3
3
3
3
3
4
4
4
3
3
3
3
3
4
4
4
4
4
4
3
3
3
4
4
4
4
4
4
4
4
4
4
4
4
4
4
4
4
4
4
4
43
4
43
43
43
31
43
43
43
2
31
43
43
43
43
43
43
14
43
43
43
31
43
43
43
14
43
43
43
14
14
43
43
14
43
43
43
31
43
43
43
31
31
2
14
5
31
29
43
43
5
5
29
23
23
5
14
5
31
2
32
32
31
31
14
23
31
14
32
31
14
14
14
31
14
31
32
31
14
32
14
14
14
14
14
14
14
31
14
14
14
14
14
14
14
14
14
14
14
14
14
14
14
14
14
14
14
14
14
11
14
14
14
14
14
14
14
14
14
14
14
11
14
14
14
11
11
11
23
14
11
11
23
11
11
18
18
18
18
18
23
18
18
18
18
18
18
18
18
18
18
18
18
18
18
18
18
18
18
35
18
35
35
35
35
35
35
35
35
35
35
35
35
35
35
17
35
35
17
17
17
17
17
17
17
17
17
17
17
17
17
17
17
17
17
17
17
17
17
17
3
3
3
3
17
17
17
3
17
3
0
0
2
17
2
17
2
17
2
0
2
17
20
2
2
17
20
18
15
15
29
2
29
29
2
29
29
29
1
34
34
34
34
17
17
17
17
29
17
34
34
34
34
1
1
20
1
20
20
20
1
1
20
1
1
1
1
1
20
1
20
1
1
1
1
1
1
1
20
20
20
20
20
20
20
20
20
20
20
20
20
20
20
20
20
20
20
20
42
42
42
42
42
42
42
42
42
42
42
42
29
29
29
29
2
29
7
0
7
20
7
0
7
7
7
0
2
29
24
24
33
33
33
33
33
33
33
33
33
33
33
33
33
33
33
33
33
33
33
33
33
33
33
33
33
33
33
33
33
33
33
33
33
33
33
24
24
24
29
24
24
24
24
24
24
24
19
19
19
19
19
19
19
19
19
19
19
19
19
19
19
19
19
27
27
27
24
24
24
24
43
43
16
19
19
27
19
19
19
19
10
10
10
10
27
27
27
27
27
27
27
27
27
27
27
27
27
27
27
27
27
27
27
27
27
27
27
27
27
27
27
27
27
27
27
27
27
29
25
34
25
29
29
23
23
23
23
23
18
6
6
6
6
6
6
6
6
6
6
6
6
6
26
26
6
6
6
6
26
6
26
25
25
25
25
25
25
25
25
25
25
25
25
25
25
25
25
25
25
25
38
38
38
38
38
38
38
38
38
38
38
38
26
38
38
38
38
38
38
38
38
38
38
38
38
26
38
38
26
26
26
26
26
26
26
26
26
26
26
9
9
9
9
9
36
36
36
36
36
36
36
36
36
36
36
36
36
36
36
36
36
36
36
36
36
36
36
36
36
36
36
36
36
36
36
36
36
36
36
15
15
15
36
37
37
37
37
37
37
39
6
38
38
26
6
37
37
23
29
37
29
41
41
41
41
41
41
41
41
41
41
41
41
41
41
41
41
41
41
40
41
41
41
40
40
40
40
40
40
40
40
40
40
40
40
40
40
40
40
40
40
40
40
39
21
21
21
40
40
40
40
21
40
21
21
21
21
21
21
30
21
30
21
21
21
21
40
21
21
30
39
30
21
21
21
21
21
21
21
30
21
30
21
30
21
30
30
21
30
30
30
30
30
30
30
30
30
30
30
30
30
30
30
30
30
30
30
30
30
30
30
30
30
39
39
39
39
39
39
30
39
39
39
39
39
39
39
39
39
39
39
39
39
39
39
39
39
39
39
39
39
39
39
39
39
39
39
39
39
23
23
39
39
39
