4
4
4
4
4
4
4
4
4
4
4
4
4
4
31
11
11
4
4
3
3
4
3
3
3
3
3
3
3
3
3
3
3
3
3
3
4
4
4
4
4
3
3
11
4
3
4
8
8
8
3
3
3
3
3
3
4
4
4
4
4
4
4
4
8
8
4
8
4
4
4
4
4
4
4
4
4
4
4
3
4
4
4
4
4
4
23
4
4
4
18
4
4
4
18
4
4
4
4
4
4
4
18
4
4
4
11
4
4
4
11
43
17
31
31
43
17
43
11
43
17
43
11
43
31
43
31
43
31
43
14
43
31
31
14
43
31
31
14
43
31
43
14
43
31
31
31
43
43
31
31
43
31
31
14
31
31
31
14
31
31
31
32
31
32
31
14
31
32
32
14
31
32
32
32
31
32
32
14
32
32
14
14
32
32
14
14
14
32
14
14
14
14
14
14
14
14
14
14
14
14
14
14
14
14
14
14
14
14
11
14
14
14
11
11
11
11
14
11
11
11
17
11
18
17
11
11
17
17
18
18
18
18
18
18
18
18
18
18
18
18
18
35
35
35
35
35
35
35
35
18
35
18
35
35
35
35
35
35
35
35
35
35
35
17
17
17
17
17
17
17
17
17
17
17
17
17
17
17
17
17
17
17
17
17
17
17
17
17
17
17
17
17
17
17
17
17
17
17
17
17
1
20
29
29
29
1
29
20
29
20
20
20
20
20
20
20
20
20
5
5
20
20
1
20
20
20
20
5
5
20
20
20
5
23
20
20
20
20
20
20
20
20
20
20
5
23
5
5
5
20
1
20
1
20
1
1
1
1
0
1
1
20
34
20
20
1
1
8
20
1
20
20
20
2
29
20
20
20
20
29
29
20
20
29
20
20
29
29
20
20
29
29
29
29
29
29
29
20
29
29
29
29
29
29
29
29
29
29
29
20
20
42
20
20
20
42
20
20
29
29
20
20
20
20
20
20
20
20
23
20
20
20
23
20
20
20
23
20
20
20
23
20
42
42
23
23
23
20
42
20
29
20
33
33
33
33
33
33
33
33
33
33
33
33
33
33
33
24
24
24
24
24
24
24
24
24
24
24
24
24
24
24
24
24
24
24
24
19
19
19
19
19
19
19
19
19
19
19
19
19
27
27
19
19
19
19
10
10
10
27
27
10
19
19
19
19
10
10
10
10
10
10
10
10
27
27
27
27
27
27
27
27
27
27
27
27
27
27
27
27
10
10
10
10
10
10
19
19
27
27
27
27
27
27
27
27
27
27
16
16
16
16
16
16
23
23
23
23
23
38
38
38
16
16
16
16
16
16
6
6
6
26
26
6
6
6
25
25
25
25
25
25
25
25
25
25
25
25
25
25
25
25
25
25
25
25
25
25
25
25
25
25
25
25
25
38
38
38
38
38
38
38
38
38
38
38
38
38
38
38
38
38
38
38
38
38
38
38
38
38
38
38
38
38
38
38
26
0
0
2
23
26
0
0
23
0
7
7
26
26
0
0
0
7
7
0
0
0
7
0
0
0
0
7
0
0
7
7
0
7
7
7
0
0
7
7
30
7
7
7
0
0
39
36
2
0
11
39
39
39
39
23
26
26
39
26
26
36
23
36
36
36
36
23
39
39
39
36
39
39
36
36
39
39
36
23
39
36
39
36
39
39
39
36
39
36
39
39
39
39
39
39
39
39
39
39
39
39
39
39
39
39
39
39
39
39
39
39
30
39
39
39
30
39
39
39
39
39
23
39
39
39
39
39
39
39
39
39
39
39
39
39
39
39
39
39
39
39
39
36
30
30
36
30
30
30
30
30
30
30
36
39
30
30
39
39
30
39
39
39
30
39
39
39
30
39
39
39
30
39
39
39
30
30
39
39
37
30
30
30
40
36
41
30
40
41
41
41
41
41
40
40
40
40
40
40
40
30
41
41
40
40
40
40
40
40
40
40
40
40
40
40
40
40
40
40
40
40
40
40
40
40
40
40
40
40
40
40
40
40
40
40
40
40
40
40
40
40
40
21
21
30
30
30
30
30
21
30
30
30
30
30
30
30
30
30
30
30
30
30
30
30
30
30
30
30
30
30
30
30
39
30
30
39
39
39
39
39
39
39
39
39
39
39
39
39
39
39
39
39
39
39
39
39
39
39
39
39
39
39
39
39
39
39
39
39
39
39
39
39
39
