11
11
4
4
11
4
11
11
31
4
4
4
4
4
4
4
4
4
4
4
4
4
4
4
4
4
4
4
4
4
4
4
4
4
4
4
4
4
4
4
4
4
4
4
4
4
4
4
4
4
4
4
4
4
31
11
18
14
11
11
3
11
11
3
11
42
42
11
11
11
11
14
14
3
11
14
11
11
11
11
3
11
11
11
41
41
11
11
11
11
11
11
11
11
11
11
11
11
11
11
11
11
11
11
11
11
11
11
11
32
3
11
17
17
1
23
11
11
11
32
8
8
6
8
8
6
4
3
3
3
4
4
3
8
23
8
23
8
23
23
17
5
5
5
1
5
5
5
5
5
5
5
5
29
5
5
5
5
5
17
3
5
5
5
2
1
5
1
1
1
1
5
42
1
5
5
2
5
23
5
2
5
23
2
2
5
23
5
2
5
23
2
2
2
23
2
2
20
23
5
2
20
23
5
2
2
23
2
2
2
2
2
2
5
23
5
2
5
23
5
2
5
23
2
2
5
23
5
2
5
23
5
2
5
23
2
20
20
23
2
2
2
23
23
0
1
1
17
1
1
1
29
5
5
23
23
1
23
23
17
20
20
23
17
20
20
23
17
20
20
23
17
20
20
23
23
20
20
23
17
1
35
23
17
1
35
18
17
1
35
23
17
1
35
18
17
17
35
18
17
17
35
35
17
17
35
35
17
17
35
18
17
17
35
18
17
23
18
23
23
20
18
18
35
20
20
20
20
20
20
7
18
20
20
24
18
1
20
18
18
20
20
20
18
17
20
7
7
1
20
7
20
1
20
7
20
1
1
7
24
20
1
7
7
7
7
7
7
7
7
7
7
17
7
7
24
7
7
7
7
7
7
7
7
17
34
7
17
17
34
17
17
7
34
17
17
7
17
17
17
17
17
17
17
20
1
7
7
7
1
7
7
7
7
7
7
20
20
23
23
23
23
20
1
1
1
20
20
20
23
20
20
20
23
20
20
20
20
20
20
20
20
42
20
42
23
20
20
23
23
30
23
39
39
23
23
23
23
23
23
23
33
33
33
33
33
24
33
24
33
33
33
33
33
33
33
24
33
33
33
33
33
33
33
33
33
33
33
33
33
33
24
24
24
24
24
24
24
24
24
24
24
24
24
23
23
24
24
24
19
19
19
19
19
19
19
19
19
19
19
19
19
19
19
19
19
19
19
19
19
19
10
19
27
10
10
10
27
27
10
27
10
27
27
27
27
27
27
27
27
27
27
27
27
27
27
27
19
23
23
39
16
16
16
16
16
16
16
16
16
16
6
6
6
6
6
6
6
6
6
25
25
25
25
25
25
25
25
25
25
25
25
25
25
25
25
25
25
25
25
25
25
38
38
38
38
38
38
38
38
38
38
38
38
38
38
38
38
38
38
38
38
38
38
38
38
38
38
38
38
38
26
26
26
26
26
26
26
26
26
26
26
26
26
26
26
26
26
26
26
26
26
26
26
26
26
26
26
26
26
26
26
26
26
26
26
26
26
26
26
36
26
36
36
14
36
36
36
36
36
36
15
36
15
30
36
15
30
30
30
30
30
37
37
36
36
36
36
37
37
37
37
37
37
37
37
37
37
37
37
37
37
37
37
37
37
37
37
37
37
37
37
37
37
37
37
37
37
37
37
37
37
37
37
37
37
41
41
41
37
41
41
41
41
41
41
41
41
41
41
41
41
41
41
41
41
41
40
40
40
40
41
40
40
40
40
40
40
40
40
40
40
40
40
40
40
40
40
40
40
40
40
40
40
40
40
40
40
40
40
40
40
40
40
40
40
40
40
21
21
30
21
30
30
30
30
30
30
30
30
30
30
30
30
30
30
30
30
30
30
30
30
30
30
30
30
30
30
39
30
30
39
39
39
39
39
39
39
39
39
39
39
39
39
39
39
39
39
39
39
39
39
39
39
39
39
39
39
39
39
39
39
39
39
39
39
39
39
39
