12
3
3
3
3
3
3
3
3
3
3
3
3
3
3
3
3
3
3
3
3
3
3
3
3
3
3
3
3
3
3
4
4
4
4
4
4
4
4
4
4
4
4
4
4
4
4
4
4
4
4
4
4
4
4
4
4
4
4
4
4
4
4
4
4
4
23
23
23
23
23
11
23
23
23
23
23
23
23
23
1
4
23
23
11
1
23
23
20
4
4
4
23
31
43
4
4
31
4
4
43
31
4
4
4
31
31
4
4
31
43
43
4
43
43
43
4
4
43
43
43
43
31
4
31
4
43
1
4
31
31
4
4
31
4
4
11
4
4
43
4
11
4
4
6
6
4
31
11
11
31
4
43
43
31
43
43
4
43
43
43
43
43
43
43
43
43
31
43
43
31
31
31
31
14
14
14
32
14
14
14
14
14
14
14
14
14
14
14
14
14
14
14
14
14
14
14
14
14
14
14
14
14
14
14
14
14
14
14
14
14
14
14
14
14
11
14
14
14
14
14
14
14
14
14
14
14
14
11
14
14
11
11
11
11
11
11
11
11
11
18
18
18
18
18
18
18
18
18
18
18
18
35
18
18
18
18
18
18
18
18
35
18
18
35
35
35
35
35
35
35
35
35
17
35
35
35
17
35
17
17
17
17
17
17
17
17
17
17
17
17
17
17
17
17
17
17
17
17
17
17
3
3
3
3
3
3
17
8
8
8
8
17
8
8
8
8
23
39
8
8
34
34
34
34
34
34
1
1
1
1
1
1
1
1
1
1
1
1
1
1
1
1
1
1
1
1
1
1
1
1
20
1
1
20
20
20
20
20
20
20
20
20
20
20
20
20
20
20
20
20
20
20
42
42
42
20
20
42
42
42
20
42
42
42
29
29
29
29
29
20
29
29
29
29
29
29
29
29
29
29
5
29
5
5
5
5
5
5
5
5
5
5
5
5
5
5
5
5
5
5
2
2
5
2
2
2
2
2
2
2
2
2
2
2
2
2
2
2
2
0
0
0
0
0
0
0
0
0
0
0
0
7
7
7
7
7
7
7
33
33
33
33
33
33
33
33
33
33
33
33
33
33
33
33
33
33
33
24
33
33
33
24
24
24
24
24
24
24
24
24
24
24
19
19
19
19
19
19
19
19
19
19
19
19
19
19
19
19
19
19
19
19
19
19
19
19
19
19
10
10
19
10
10
19
10
27
27
27
27
27
27
27
27
27
27
27
27
27
27
27
27
27
27
27
27
27
16
24
24
16
16
16
16
16
16
16
16
16
16
16
16
16
16
6
6
6
6
6
6
6
6
6
6
6
25
25
25
25
25
25
25
25
25
25
25
25
25
25
25
25
25
25
25
25
25
25
25
38
38
38
38
38
38
38
38
38
38
38
38
38
38
38
38
26
26
26
38
26
26
26
26
26
26
26
26
26
26
26
26
26
26
26
26
26
26
26
26
26
26
26
26
26
26
26
9
9
36
36
36
9
36
36
36
36
36
36
36
36
36
36
36
36
36
36
36
36
36
36
36
36
36
36
36
36
15
15
15
15
15
15
23
23
37
37
37
37
37
37
37
37
37
37
37
41
41
41
41
41
41
41
41
41
41
41
41
41
41
41
41
41
41
41
41
41
41
41
41
37
41
41
41
41
41
41
41
41
41
41
41
41
41
41
40
40
41
41
41
41
40
40
40
40
40
40
40
40
40
40
40
40
40
40
40
40
40
40
40
40
40
21
39
21
21
30
39
39
39
39
39
30
39
21
30
30
30
21
30
21
21
30
30
39
39
30
30
30
30
30
30
30
30
30
30
30
30
39
39
30
30
30
30
30
30
30
30
30
30
39
30
39
39
39
39
39
39
39
39
39
39
39
39
39
39
39
39
39
39
39
39
39
39
39
39
39
39
39
39
39
39
23
39
39
39
39
23
23
23
23
23
