3
3
3
3
3
3
3
3
3
3
3
3
3
3
3
3
3
3
3
3
3
3
3
3
3
3
3
3
3
8
3
3
15
3
8
8
3
3
3
3
3
3
3
3
3
3
3
3
3
3
3
3
3
3
3
3
3
3
3
3
3
3
3
3
3
3
3
3
3
3
3
3
3
3
3
3
3
3
3
3
3
3
3
3
3
3
3
3
3
3
3
3
3
3
3
3
3
3
3
3
3
3
3
3
3
3
3
3
4
3
4
4
4
4
4
4
3
3
3
3
3
4
4
4
4
4
4
4
4
4
4
4
4
4
4
4
4
4
4
4
4
4
4
4
4
4
4
4
4
4
4
4
4
4
4
43
43
43
43
43
43
43
43
43
43
43
43
43
43
43
43
43
43
43
43
43
31
43
43
43
43
43
43
31
31
31
43
31
14
31
14
31
31
31
11
31
31
14
14
14
14
14
14
14
14
14
14
14
14
14
14
14
14
14
14
14
14
14
14
14
14
14
14
14
14
14
14
14
14
14
14
14
14
14
14
14
14
14
14
14
14
14
14
14
14
14
14
14
14
14
14
14
14
14
14
14
14
14
14
14
11
11
11
11
11
11
11
11
11
18
18
18
18
18
18
18
18
18
18
18
18
18
18
18
18
18
18
18
18
18
18
18
18
18
35
35
35
35
35
35
35
35
35
35
35
35
35
35
17
35
17
17
17
17
17
17
17
17
17
17
17
17
17
17
17
17
17
17
17
17
17
17
17
17
17
17
17
17
17
17
17
17
17
17
8
8
8
8
8
17
8
8
8
17
18
17
17
18
17
34
34
34
20
34
20
29
29
29
20
20
2
29
29
29
29
20
20
29
29
29
5
42
5
20
2
29
2
5
2
29
2
5
2
2
2
2
2
2
2
2
2
2
2
2
0
2
0
0
0
2
0
0
0
2
0
0
0
2
0
0
0
0
0
0
0
0
0
0
0
7
7
7
7
2
29
29
29
29
29
29
29
29
29
29
7
29
29
29
29
29
29
29
2
29
29
5
5
29
29
5
2
29
29
5
2
2
5
5
2
29
29
2
0
2
2
2
0
2
2
0
0
2
2
2
7
0
0
7
7
0
0
7
7
0
7
7
7
7
7
7
7
0
29
7
7
7
29
7
33
33
33
33
33
33
33
33
33
33
33
33
33
33
33
33
24
24
24
24
24
24
24
24
24
24
24
24
24
24
24
24
24
19
24
24
19
19
19
19
19
19
19
19
19
19
19
19
19
19
19
19
19
19
19
19
19
19
19
19
19
19
19
19
19
19
10
10
10
10
10
10
10
27
27
27
27
27
27
27
27
27
27
27
27
27
16
29
24
35
35
16
16
16
16
16
16
16
16
23
23
23
23
23
23
39
23
23
25
25
25
25
25
25
25
25
25
25
25
25
25
25
25
25
25
25
25
23
23
23
23
23
23
23
23
38
23
23
38
23
23
38
38
38
26
23
23
23
38
26
38
23
23
26
23
23
23
39
39
23
23
39
39
26
42
26
39
26
23
26
23
23
23
36
39
26
23
36
39
26
39
36
39
23
23
39
39
23
42
36
23
23
23
39
39
23
39
39
39
23
39
39
39
39
39
39
39
39
39
39
36
36
40
36
39
36
40
39
36
41
39
39
39
37
37
41
37
40
41
37
41
37
41
41
41
41
41
41
41
41
41
41
41
41
41
41
37
41
40
40
40
41
40
40
40
40
40
40
40
40
40
40
40
40
40
40
40
40
40
40
40
40
40
40
40
40
40
40
40
21
30
21
30
21
21
21
21
30
30
30
30
30
21
30
30
30
30
30
39
30
39
39
39
39
39
39
39
39
30
30
30
30
39
39
39
39
39
39
39
39
39
39
39
39
39
39
39
39
39
39
39
39
39
39
39
39
39
39
39
39
39
39
39
39
39
39
39
39
39
39
39
39
39
39
23
39
23
39
39
39
23
39
39
39
39
39
