4
4
4
4
4
4
4
4
4
4
4
4
4
4
4
4
4
4
4
4
4
4
4
43
4
4
4
4
31
31
31
31
31
31
31
31
31
31
31
31
31
31
14
14
14
14
14
14
14
14
14
14
14
14
14
14
14
14
14
14
14
14
14
14
14
14
14
14
14
14
14
14
14
14
14
14
11
11
11
11
11
11
11
11
11
11
11
18
18
18
18
18
18
18
18
18
18
18
18
18
18
35
18
18
18
18
18
18
18
35
35
35
35
35
18
35
35
35
35
35
35
35
17
17
17
35
17
17
17
17
17
17
17
17
17
17
17
17
17
17
17
17
17
17
3
3
3
3
3
3
3
3
3
8
8
8
8
8
8
20
4
8
8
8
8
11
8
11
8
34
34
34
34
34
1
1
1
1
1
1
1
1
1
1
1
1
1
1
1
1
1
1
1
1
1
1
1
1
1
1
1
1
1
1
1
1
1
1
1
1
1
1
1
1
1
1
1
20
20
20
20
1
20
20
20
20
20
20
20
20
20
20
29
29
20
5
5
5
29
5
5
5
5
5
5
5
5
5
5
5
5
5
5
5
5
5
2
5
5
5
5
5
2
5
5
5
2
2
2
2
2
2
2
2
2
5
2
2
2
2
2
2
2
2
0
0
2
2
0
0
0
0
0
0
0
0
7
7
7
0
0
0
0
2
7
7
7
33
7
33
7
33
33
33
33
33
33
33
33
33
33
33
33
33
33
33
33
33
33
33
24
24
24
24
0
0
24
33
33
33
24
24
24
24
24
24
24
24
24
24
24
24
24
24
24
24
24
24
24
24
24
24
24
24
24
24
19
19
19
19
19
19
19
19
19
19
19
19
19
19
27
27
19
27
10
10
10
10
10
27
27
10
10
27
10
10
10
19
10
10
10
27
27
27
27
27
27
27
27
27
27
27
27
27
27
27
27
29
23
23
16
16
16
16
16
16
16
16
16
16
16
16
16
16
16
16
16
16
6
6
26
26
26
6
6
6
26
25
25
25
25
25
25
25
25
25
25
25
25
25
25
25
25
25
25
25
25
25
25
25
25
25
25
25
25
38
38
38
38
38
38
38
38
38
38
38
38
38
38
38
38
38
38
26
38
38
26
26
26
38
26
26
26
26
26
26
26
26
26
26
26
26
26
9
26
26
26
9
9
9
26
9
9
9
9
36
36
36
36
36
36
36
36
36
36
36
36
36
36
36
36
36
36
36
36
36
36
36
36
36
36
36
36
15
15
15
15
15
15
15
15
37
37
36
26
26
37
37
37
37
37
37
37
37
37
37
41
41
41
41
41
41
41
41
41
41
41
40
40
41
41
41
41
40
40
40
40
40
40
40
39
37
37
37
37
37
37
37
37
37
37
37
37
37
37
37
37
37
37
41
41
41
41
41
41
41
41
41
41
41
41
41
41
41
41
41
41
41
41
33
23
40
37
43
37
41
41
41
41
41
38
41
40
41
41
41
41
41
41
21
23
40
41
40
40
40
40
40
40
40
40
40
40
38
40
40
40
40
40
40
40
40
40
40
40
40
40
40
40
40
40
40
40
40
40
40
40
40
40
40
21
22
21
21
21
22
22
22
30
39
30
30
30
22
22
22
22
22
21
39
30
22
22
22
22
39
22
22
21
21
22
22
22
22
22
22
22
22
22
22
39
39
39
39
39
39
39
39
39
39
39
39
39
39
39
39
39
39
39
39
39
39
39
39
39
39
39
39
39
39
39
39
39
39
39
39
39
39
39
39
39
39
39
39
39
39
39
39
39
39
39
39
39
39
39
39
39
23
23
23
39
39
23
23
39
39
39
39
