4
4
4
4
4
4
4
4
4
4
4
4
4
4
4
4
4
4
4
4
4
4
4
4
11
11
4
11
11
11
11
6
11
11
11
11
14
11
14
23
11
11
11
23
32
11
11
6
9
32
14
14
32
23
23
14
14
14
14
14
23
32
23
11
23
14
14
14
23
14
23
11
32
32
14
14
14
14
14
14
14
14
14
14
14
14
14
14
14
14
14
14
14
14
14
14
14
14
14
14
14
14
11
11
11
11
11
11
11
11
11
11
18
18
18
18
18
18
18
18
18
18
18
18
18
18
35
18
18
35
35
35
18
18
35
35
18
18
35
35
18
17
17
35
35
17
17
17
17
17
17
35
35
17
17
17
17
17
17
17
17
17
17
17
17
17
17
3
3
3
3
3
3
3
3
3
3
3
8
8
8
8
8
11
8
8
8
11
8
8
8
8
4
8
17
34
34
34
34
34
34
1
1
1
1
1
1
1
1
1
1
1
1
1
1
1
1
1
1
1
1
1
1
1
1
1
1
1
1
1
1
20
20
1
20
20
20
20
20
20
20
1
20
20
20
20
20
20
20
20
20
20
20
20
42
20
29
29
29
11
29
18
29
29
29
11
11
29
29
5
5
5
29
5
5
5
5
5
5
5
5
5
5
5
5
5
5
5
5
5
5
5
5
5
5
5
5
5
5
5
5
5
5
5
5
2
5
5
5
2
5
2
2
2
2
2
2
0
2
2
2
0
0
7
7
7
7
7
5
5
2
29
5
5
5
29
29
5
5
29
29
5
5
5
5
5
5
5
5
5
5
5
5
5
5
5
5
5
5
2
5
2
5
2
2
2
2
2
2
2
2
0
0
0
0
0
2
0
0
7
0
0
7
7
7
7
7
7
7
7
7
7
7
7
7
7
29
33
24
24
24
24
33
24
33
24
33
33
33
33
33
33
33
33
33
33
24
33
33
33
33
33
33
33
24
24
24
24
24
24
24
24
24
24
24
24
24
24
24
24
24
24
24
24
24
24
24
24
19
19
19
19
19
19
19
19
19
19
19
19
19
19
19
19
19
19
19
19
19
10
10
10
10
10
19
19
19
19
10
10
10
10
19
10
10
10
19
10
10
10
27
27
27
27
27
27
27
27
27
27
27
27
27
27
27
27
27
27
24
16
16
16
16
16
16
16
16
16
16
16
16
16
16
16
6
6
6
6
6
6
6
6
6
25
25
25
25
25
25
25
25
25
25
25
25
25
25
25
25
25
25
25
25
25
38
38
38
38
38
38
38
38
38
38
38
38
38
38
38
38
38
26
26
26
38
26
26
26
38
26
26
26
38
26
26
26
26
26
26
26
26
9
9
26
26
26
9
26
26
26
9
9
9
9
36
36
9
9
9
36
9
9
36
36
36
36
36
36
36
36
36
36
36
36
36
36
36
36
36
36
36
36
15
15
15
15
15
15
15
37
15
37
37
37
37
37
37
37
37
37
37
37
37
41
41
41
41
37
37
41
37
37
37
41
37
41
41
37
41
37
37
37
41
41
41
41
41
41
40
40
40
40
40
40
40
40
40
40
40
40
40
40
40
40
40
40
40
40
40
21
21
21
21
21
21
21
21
21
21
21
21
21
21
21
30
30
21
30
30
30
21
21
21
21
21
21
21
39
21
21
21
21
21
21
21
30
30
39
21
30
21
39
30
21
30
21
39
39
39
39
30
30
30
21
21
21
30
30
30
30
30
39
39
39
39
30
39
39
39
39
39
39
39
30
39
39
39
39
39
39
30
39
39
39
39
39
30
39
39
39
39
39
39
39
39
39
39
39
39
39
39
39
39
39
39
39
39
39
39
39
39
39
39
39
39
39
39
39
39
39
23
23
39
39
39
23
23
23
39
23
39
