4
14
31
31
32
32
31
32
14
14
14
31
14
14
14
14
14
14
32
32
32
32
32
32
32
14
32
32
32
14
32
32
32
14
32
32
14
14
14
14
14
14
14
14
14
14
14
14
14
14
14
14
14
14
14
14
14
14
14
14
14
14
11
11
11
11
11
11
11
11
11
8
11
18
4
1
18
18
18
18
18
18
18
18
18
23
18
18
35
18
35
17
18
18
35
35
35
18
35
35
35
18
35
35
17
35
35
17
17
35
17
17
17
35
35
17
17
35
17
17
17
17
17
17
17
17
17
17
17
17
17
17
3
17
17
17
3
3
3
3
3
3
3
23
8
20
20
42
11
1
1
1
1
20
1
1
20
20
20
20
20
1
1
23
20
20
20
20
20
42
42
42
20
20
20
23
20
42
20
20
20
42
20
1
20
20
1
1
1
1
1
1
20
1
1
1
1
8
1
23
20
20
1
23
23
23
1
23
23
23
1
23
7
2
1
29
20
29
29
29
20
29
29
1
20
23
1
5
2
5
5
5
5
29
5
5
5
5
5
5
5
2
5
5
5
2
5
5
5
2
5
2
5
2
5
2
2
2
5
5
5
2
5
5
5
2
5
2
2
2
2
2
2
2
2
0
2
0
0
0
2
0
0
0
2
2
2
0
0
0
5
0
0
0
29
5
2
5
5
2
7
24
33
24
33
24
24
24
24
24
24
24
24
24
24
33
33
33
33
33
24
24
24
24
24
24
24
24
24
24
24
24
24
29
24
28
24
28
16
16
16
24
24
24
19
19
19
19
19
19
19
19
19
19
19
19
19
19
19
19
19
19
19
10
10
19
19
10
10
10
19
19
19
10
19
19
10
10
10
10
27
10
27
27
27
27
27
27
27
27
27
27
27
27
27
27
27
27
16
16
16
16
16
16
16
16
16
6
6
6
6
6
6
6
6
6
25
25
25
25
6
6
25
25
25
25
25
25
25
25
25
25
25
25
25
25
25
25
25
25
25
25
38
38
38
38
38
38
38
38
38
38
38
38
38
38
38
38
38
26
26
38
38
38
6
25
26
25
6
26
26
26
38
38
38
38
26
26
26
38
26
26
38
26
26
26
26
26
26
26
26
26
26
26
26
26
26
26
26
26
26
26
26
26
26
26
26
26
26
26
9
9
9
9
9
36
9
9
36
36
36
36
36
36
36
36
36
36
36
36
36
36
36
36
36
36
36
36
36
36
36
36
36
36
36
36
36
36
36
15
15
15
15
15
15
36
36
36
36
23
37
37
37
37
41
41
37
41
41
41
41
41
41
41
41
41
41
41
41
41
41
41
41
40
40
40
40
40
40
40
40
40
40
40
40
40
40
40
40
40
40
40
40
40
40
21
21
21
30
21
30
30
39
30
39
39
30
30
39
30
30
30
30
30
30
30
30
30
30
30
30
30
30
30
39
39
30
39
39
39
39
39
39
39
39
39
39
39
39
39
39
39
39
39
39
39
39
39
39
39
39
39
39
39
39
39
39
39
39
39
39
39
39
39
39
39
