4
4
4
4
4
4
4
4
4
4
4
4
4
4
4
4
4
4
4
4
4
4
4
4
4
43
4
4
43
31
43
43
31
18
43
43
43
31
18
11
11
18
18
11
31
31
43
43
43
43
43
31
31
31
31
31
31
14
31
14
14
14
14
14
14
14
14
14
14
14
14
14
14
14
14
14
14
14
14
14
14
14
14
14
14
14
14
14
14
14
14
14
14
14
14
14
14
14
14
14
14
14
14
14
14
14
14
14
14
14
14
11
11
11
11
11
11
11
11
18
17
3
17
17
17
11
35
17
1
1
20
8
8
1
1
17
34
1
1
1
17
1
34
1
8
23
1
42
34
1
8
8
17
23
8
23
8
1
1
8
8
1
2
8
3
42
2
8
11
42
2
23
11
42
5
2
42
42
2
8
11
2
5
2
29
2
2
7
4
5
29
0
29
5
5
5
29
2
2
2
5
29
18
18
5
35
35
5
17
18
18
1
35
1
1
1
1
1
1
1
1
1
1
1
1
1
1
1
1
1
1
1
1
1
1
1
1
1
1
1
1
1
1
1
20
1
1
1
20
1
20
1
20
1
20
20
20
20
20
20
20
1
20
20
20
20
20
20
20
20
20
20
20
23
20
29
29
42
29
42
2
2
2
2
2
2
2
2
2
2
2
2
2
2
2
2
2
2
0
2
2
0
0
2
2
0
0
2
0
2
0
2
0
0
0
2
0
0
0
0
0
0
0
0
0
0
0
0
0
0
0
0
0
0
0
0
0
0
7
0
0
0
7
7
7
0
7
0
7
7
7
7
33
33
33
33
33
33
33
33
33
33
33
33
33
33
33
33
33
33
24
33
33
33
33
33
33
33
24
33
24
24
24
24
24
24
24
24
24
24
24
24
5
7
29
34
29
35
35
24
24
35
35
24
24
24
19
19
19
19
19
19
19
19
19
19
19
19
19
19
19
19
19
19
10
19
19
10
27
27
27
19
19
27
27
27
27
10
27
27
10
10
10
10
10
27
27
27
27
27
27
27
27
27
27
27
27
27
27
27
27
27
27
27
27
16
16
16
16
16
16
16
16
16
16
16
16
16
16
16
16
16
16
16
16
16
16
16
6
6
16
6
6
6
26
6
6
6
6
6
25
25
25
6
25
25
25
25
25
25
25
25
25
25
25
25
25
25
25
25
25
25
25
38
38
38
38
38
38
38
38
38
38
38
38
38
38
38
38
38
26
38
26
38
38
26
38
38
26
26
26
26
26
26
26
26
26
26
26
26
26
26
26
26
26
9
26
26
26
26
26
26
9
9
26
26
9
26
36
9
36
9
9
9
9
9
36
36
36
9
9
36
36
36
36
36
36
36
36
36
36
36
36
36
36
36
36
36
15
15
15
15
15
15
37
37
37
37
37
37
37
37
37
37
37
37
37
37
37
41
41
37
41
41
41
41
41
41
41
41
37
37
37
37
37
41
41
37
41
41
41
41
41
40
41
41
40
40
40
40
40
40
40
40
40
40
40
40
40
40
40
40
41
41
40
41
37
41
40
40
40
40
40
40
40
40
40
40
40
40
40
40
40
40
40
40
40
40
40
40
40
40
40
40
40
40
40
40
40
21
21
21
21
21
21
21
21
30
30
21
30
30
30
21
30
30
30
30
21
30
21
30
21
21
30
30
30
30
30
30
30
30
30
30
30
30
30
30
30
30
30
30
30
30
30
30
39
39
39
39
39
39
30
39
30
39
30
39
22
39
39
39
39
39
39
39
39
39
39
39
39
39
39
39
39
39
39
39
39
39
30
39
39
39
39
39
39
39
39
39
39
39
39
39
39
39
39
39
39
39
39
39
39
39
39
39
39
39
39
39
39
39
39
39
23
23
39
39
39
39
39
39
23
23
39
