4
4
4
14
4
4
4
4
4
4
4
4
4
4
4
4
4
4
4
4
4
4
4
4
12
4
4
4
4
4
3
14
3
11
11
4
4
4
4
4
4
4
4
4
4
4
4
4
4
4
4
43
4
14
4
14
4
14
14
11
14
3
11
14
14
3
14
11
3
22
14
11
3
3
22
11
12
12
12
11
12
39
12
11
11
11
18
18
23
18
11
23
23
18
18
11
18
18
18
11
18
18
18
11
11
18
18
11
18
18
18
11
11
11
18
11
18
11
18
11
18
18
18
11
18
18
17
20
18
18
17
20
18
11
17
20
18
18
17
20
20
11
3
42
4
4
3
4
4
11
3
8
4
20
11
20
11
11
11
11
11
17
18
1
34
18
18
1
34
1
1
1
1
1
1
1
1
1
1
1
1
1
1
1
1
1
1
1
1
1
1
1
1
1
1
1
1
1
1
1
20
1
20
20
20
20
20
20
20
20
20
20
20
20
20
20
20
20
42
42
42
42
42
42
20
1
11
29
11
29
5
5
17
5
18
5
5
5
5
5
5
5
5
5
5
5
5
5
5
5
5
2
5
2
5
2
5
2
5
2
0
0
2
0
2
0
0
0
0
0
2
0
0
0
0
0
0
0
0
0
0
0
0
0
0
0
0
0
0
0
0
6
7
7
7
7
7
0
5
29
29
2
29
29
5
2
5
5
2
2
5
5
2
2
5
5
5
5
5
5
5
2
5
5
5
2
2
2
2
2
2
2
2
2
2
2
2
2
2
2
2
2
2
2
2
2
2
2
2
2
8
2
2
2
8
2
8
1
1
42
1
1
1
42
20
1
1
29
20
20
1
29
20
20
33
33
33
33
33
24
33
33
33
33
33
33
33
24
33
24
24
33
24
24
24
24
24
33
33
24
24
24
24
24
24
24
24
24
24
24
24
24
24
24
24
24
24
24
33
17
4
28
28
24
24
24
24
24
19
19
19
19
19
19
19
19
19
10
10
19
10
19
19
19
19
19
10
10
10
19
10
10
10
10
10
10
10
10
10
10
10
10
10
27
27
27
27
27
27
27
27
27
27
27
27
27
27
27
27
27
27
27
27
27
16
16
39
23
16
16
16
16
16
16
16
16
16
16
16
16
16
16
16
16
6
6
6
6
6
6
6
6
16
6
6
6
6
6
6
6
6
6
6
25
25
25
25
25
25
25
25
25
25
25
25
25
25
25
25
25
25
25
25
25
25
25
25
25
25
25
25
25
25
25
25
25
25
25
38
38
38
38
38
26
26
26
26
26
26
26
26
26
26
26
26
26
26
26
26
26
26
26
26
26
26
26
26
26
26
26
26
26
26
26
26
26
26
26
36
36
26
26
26
36
9
36
36
36
36
36
36
36
36
36
15
37
36
36
36
36
36
36
15
36
36
36
37
15
37
15
15
15
15
15
15
41
41
41
40
37
37
41
37
37
37
37
37
37
37
37
41
37
37
40
40
41
41
41
41
39
41
40
40
40
41
40
40
40
40
40
40
40
40
40
40
40
40
21
42
40
40
40
40
40
40
40
40
40
21
40
40
21
21
40
21
30
21
21
30
30
30
30
30
30
30
30
30
21
21
30
30
21
30
30
30
21
21
39
30
30
30
30
30
30
30
39
30
30
30
30
30
30
30
39
30
30
30
39
39
39
39
30
39
39
39
39
39
39
30
39
39
39
30
39
30
30
30
30
39
39
39
39
39
39
39
39
39
39
39
39
39
39
39
39
39
39
39
39
39
39
39
39
39
39
39
39
39
39
39
39
39
39
39
39
39
39
39
39
39
39
39
39
39
39
39
39
39
39
39
39
39
23
39
23
23
23
23
23
23
23
23
23
23
23
23
23
23
