4
4
4
4
4
4
4
4
4
4
4
4
4
43
43
4
4
4
4
43
43
31
31
31
14
31
14
14
14
14
14
14
14
14
14
14
14
14
14
14
14
14
14
14
14
14
14
14
14
14
14
14
14
14
14
14
14
14
14
14
14
14
14
14
14
14
14
14
14
14
14
14
14
14
14
14
14
14
14
14
11
11
11
11
11
11
18
18
18
18
18
18
18
18
18
18
18
18
18
18
18
18
18
18
18
18
18
18
18
17
35
17
17
17
17
35
35
17
17
17
17
17
17
17
17
17
17
17
17
17
17
17
17
17
17
17
23
17
23
17
17
17
17
17
17
17
17
17
3
17
8
3
3
3
8
8
8
8
8
8
8
8
8
8
8
8
8
8
34
34
8
34
34
34
1
34
1
1
1
1
1
1
1
1
1
1
1
1
1
1
1
1
1
1
1
1
1
1
1
1
1
1
1
1
1
1
20
20
20
42
20
20
20
42
20
42
20
20
20
42
42
42
20
20
20
42
20
42
42
42
42
42
42
42
29
29
29
42
29
29
29
29
29
29
29
29
5
5
5
5
5
5
5
5
5
29
5
29
29
5
5
29
2
5
5
5
2
5
5
5
2
2
2
2
0
0
0
0
0
0
0
0
0
0
0
0
0
0
0
0
0
0
0
0
0
0
0
0
7
7
7
7
7
7
7
7
7
7
33
7
33
33
33
33
33
33
33
33
33
33
33
24
33
33
33
33
24
24
24
24
24
24
24
33
33
24
24
24
24
24
19
19
19
19
19
19
19
19
19
19
19
19
24
24
16
16
19
19
19
19
19
19
19
19
10
10
19
19
19
10
10
10
10
10
10
27
10
10
10
27
10
27
27
27
27
27
27
27
27
27
27
27
27
27
27
27
27
10
19
19
27
10
10
10
10
10
10
19
19
27
27
27
27
27
27
27
27
27
27
27
27
27
24
16
43
28
28
3
3
16
3
6
6
6
6
6
6
6
6
6
6
25
25
6
6
25
25
25
25
25
25
25
25
25
25
25
25
25
25
25
25
25
25
25
25
25
25
25
25
25
25
25
25
25
25
38
38
38
38
38
26
38
38
38
38
38
38
38
38
38
38
38
26
26
26
26
26
26
26
26
26
26
26
26
26
26
26
26
26
26
26
26
26
26
26
26
36
36
9
9
26
36
9
36
36
36
36
36
36
36
36
36
36
36
36
36
36
36
36
36
36
36
36
36
36
36
36
36
36
36
36
36
36
15
15
15
15
15
15
37
37
37
37
37
25
38
37
37
37
37
37
41
40
41
41
41
40
41
41
41
41
41
41
41
41
41
41
40
40
40
41
41
41
40
40
40
40
40
40
40
40
40
40
40
40
40
40
40
40
40
40
40
40
40
39
39
39
39
39
39
39
39
39
39
39
39
39
30
30
39
39
39
39
39
39
39
39
22
39
30
39
39
39
39
39
39
39
39
39
39
39
39
39
39
39
39
39
39
39
39
39
39
39
39
39
39
39
39
39
39
39
39
39
39
39
39
39
39
39
39
39
39
39
39
39
39
39
39
39
39
39
39
39
39
23
39
23
39
39
39
39
39
39
39
