3
4
4
4
4
4
4
4
4
4
4
3
3
3
3
3
3
3
4
4
3
3
3
3
4
4
4
4
4
4
4
4
4
4
4
3
3
4
4
4
4
4
4
4
4
4
4
4
4
4
4
4
4
4
4
4
4
4
4
4
4
4
4
4
4
4
4
4
4
4
4
4
4
4
4
4
4
4
4
4
4
4
4
4
4
4
4
4
4
4
4
4
4
4
4
4
4
4
4
43
4
43
43
43
43
43
43
43
43
43
43
43
43
43
31
31
31
31
31
32
32
31
14
32
31
31
32
32
32
32
14
14
14
32
14
14
14
14
14
14
14
14
14
14
14
14
14
14
14
14
14
14
14
14
14
14
14
14
14
14
14
14
14
14
14
14
14
14
14
14
14
11
11
11
11
11
11
11
11
11
18
18
18
18
18
18
18
18
18
18
18
18
18
18
18
18
18
18
18
18
35
35
35
35
35
35
18
18
35
35
35
35
35
35
35
35
35
35
35
17
17
17
17
17
17
17
17
17
17
17
17
17
17
17
17
17
17
17
17
17
17
3
3
3
3
3
3
8
8
8
8
8
8
8
18
8
8
18
23
23
34
34
34
34
23
7
7
5
0
5
1
1
5
1
1
1
1
1
1
1
1
1
1
1
1
1
1
1
1
1
1
20
1
1
1
1
1
20
20
20
20
20
20
20
20
20
20
20
20
20
20
20
20
20
20
20
20
20
20
42
42
42
42
42
42
42
42
42
42
42
42
42
42
42
29
29
29
29
29
29
29
5
5
5
29
5
5
5
5
5
5
5
5
5
5
5
5
5
5
5
5
5
5
5
5
2
5
5
5
2
5
5
2
2
2
2
2
2
2
2
5
2
2
2
2
2
2
2
2
0
0
0
0
0
0
0
0
0
0
0
0
7
7
0
7
7
7
0
7
33
33
33
33
33
33
33
33
33
33
33
33
33
33
33
33
24
24
24
24
24
24
24
24
24
24
24
24
24
24
24
24
24
24
24
24
24
24
19
19
19
19
19
19
19
19
19
19
19
19
19
19
19
19
19
19
19
10
19
19
19
10
10
10
10
10
10
10
10
27
27
27
27
27
27
27
27
27
27
27
27
27
27
27
27
27
27
27
27
27
27
27
24
16
16
16
16
16
16
16
16
16
16
16
6
6
6
6
6
6
6
6
6
6
25
25
25
25
25
25
25
25
25
25
25
25
25
25
25
25
25
25
25
38
38
38
38
38
26
38
38
38
38
38
38
38
38
38
38
38
38
38
38
26
38
38
38
38
26
38
38
38
26
38
38
38
38
26
26
26
17
26
26
26
17
9
9
9
26
9
26
26
17
26
26
26
26
26
26
26
26
26
26
26
26
26
36
36
17
17
36
36
36
36
36
36
9
36
36
36
17
36
15
15
15
15
36
39
36
36
37
36
36
37
37
37
37
37
37
37
37
37
37
37
37
37
37
37
37
37
41
37
37
37
37
37
37
39
37
41
37
37
37
37
37
37
37
37
37
37
37
41
41
40
41
41
40
40
40
40
40
40
40
41
41
40
40
40
40
40
40
40
40
40
40
40
40
40
40
40
39
40
40
40
40
40
40
40
40
40
40
40
40
40
40
40
40
40
40
40
40
40
40
40
40
40
40
40
40
40
40
40
40
40
40
40
21
40
21
40
21
40
40
40
40
40
40
40
40
40
40
40
40
40
40
21
21
30
30
39
39
30
39
39
39
39
39
39
39
30
39
39
30
30
30
39
30
30
30
30
30
30
30
30
30
30
39
39
39
39
39
39
39
39
39
39
39
39
39
39
39
39
39
39
39
39
39
39
39
39
39
39
39
39
39
39
39
39
39
39
39
39
39
39
39
39
