11
11
11
11
14
14
14
23
23
3
3
4
4
4
4
4
4
4
4
4
4
4
4
4
4
4
4
11
4
4
4
4
4
4
4
4
4
31
4
4
4
4
4
4
4
4
4
4
4
4
4
4
4
4
4
4
4
2
4
4
4
4
4
4
4
2
2
4
4
4
4
4
4
4
4
4
4
4
4
4
4
4
4
4
4
4
4
4
4
4
4
4
4
4
4
4
4
31
43
43
4
4
4
4
4
4
4
4
4
4
4
4
4
4
4
4
12
4
4
4
12
12
12
12
12
12
12
12
12
12
12
12
12
12
12
12
12
12
4
12
12
12
4
12
12
12
12
12
12
12
12
12
18
12
12
12
12
23
23
23
12
23
23
23
23
12
12
31
23
31
4
4
4
4
43
4
43
4
4
4
43
4
43
43
4
43
43
4
43
43
43
43
43
18
31
18
43
43
43
31
31
11
31
11
11
18
11
43
43
43
43
43
43
31
31
43
43
31
43
31
31
14
14
14
32
32
32
14
23
11
14
14
14
14
14
14
14
14
14
14
14
14
14
14
14
14
14
14
14
14
14
14
14
14
14
14
14
14
14
14
14
11
14
14
14
11
14
14
14
11
11
11
11
11
14
14
14
11
14
14
11
11
14
11
11
11
11
18
11
11
11
11
18
18
18
18
18
18
17
18
18
18
18
18
18
18
18
35
18
18
35
35
35
35
35
35
17
17
17
17
17
17
17
17
17
17
17
17
17
17
17
17
17
17
17
17
17
17
17
17
17
17
3
17
17
17
3
3
3
3
3
3
3
3
3
17
3
17
3
23
23
8
8
8
8
23
8
17
8
17
11
18
34
34
34
34
34
34
34
34
1
1
1
1
1
1
1
1
1
1
1
1
1
1
1
1
1
1
20
20
20
20
20
20
20
20
20
20
20
20
20
20
20
20
20
20
20
20
20
20
20
20
20
20
20
20
20
20
20
42
20
42
42
42
42
42
29
29
29
29
20
29
29
29
29
29
29
5
29
29
29
29
29
29
5
5
5
5
5
5
5
5
5
5
5
5
5
5
5
5
5
5
5
5
5
5
2
5
0
2
2
2
2
2
2
2
2
2
5
2
2
0
2
2
0
0
0
0
0
0
0
0
0
0
7
0
0
0
7
7
5
7
7
33
33
33
33
33
33
33
33
33
33
33
33
33
33
33
33
33
33
33
33
33
24
24
24
24
24
24
24
24
24
24
24
24
24
24
24
24
24
24
24
24
19
19
19
19
19
19
19
19
19
19
19
19
19
19
19
19
27
27
27
27
10
10
10
10
10
10
10
10
10
10
10
10
10
10
27
27
27
27
27
27
27
27
27
27
27
27
27
27
27
10
27
10
24
24
16
16
16
16
16
16
16
16
16
16
16
16
16
16
16
16
16
16
16
6
6
6
6
6
6
6
6
6
25
25
25
25
25
25
25
25
25
25
25
25
25
25
25
25
25
25
38
38
38
38
38
38
38
38
38
38
38
38
38
38
38
38
38
26
26
26
38
26
26
26
26
26
26
26
26
26
26
26
26
26
26
26
26
9
9
36
36
36
36
36
36
36
36
36
36
36
36
36
36
36
36
36
36
36
36
36
36
36
36
36
36
36
36
36
36
36
36
36
36
36
36
36
36
36
15
15
15
15
15
15
15
37
37
37
37
37
37
37
37
37
37
37
37
41
37
37
37
37
41
37
37
37
37
37
41
41
41
41
41
41
41
41
41
41
41
41
41
41
41
41
41
41
40
40
40
40
40
40
40
40
40
40
40
40
40
40
40
40
40
40
40
40
40
40
21
21
21
21
21
21
21
21
21
21
21
21
21
21
21
21
21
21
21
21
21
21
21
21
21
21
21
21
21
21
21
21
21
21
21
21
21
21
21
21
21
30
21
21
39
21
21
21
21
21
21
21
21
21
21
21
21
21
21
21
21
21
21
21
39
30
30
39
39
39
39
39
39
30
39
30
30
30
39
39
30
30
30
30
30
30
30
39
39
30
39
39
39
39
39
39
39
39
39
39
39
39
39
39
39
39
39
39
39
39
39
39
39
39
39
39
39
39
39
23
23
39
23
23
23
23
23
23
23
23
23
23
