4
4
4
4
4
4
4
4
4
4
4
4
4
4
4
4
4
4
4
4
4
4
4
4
4
4
4
4
4
4
4
4
4
4
4
4
4
4
43
4
4
4
4
4
43
4
43
43
43
43
31
31
43
31
32
31
31
31
14
31
14
14
14
14
14
14
14
14
14
14
14
14
14
14
14
14
14
14
14
14
14
14
14
14
14
14
14
14
11
14
14
14
14
11
14
14
14
14
14
14
14
14
14
14
14
14
14
14
14
11
11
14
11
11
11
11
11
17
11
11
18
18
1
18
18
18
18
18
18
18
18
18
18
18
18
18
18
35
18
35
35
35
35
35
35
18
35
35
17
17
17
17
17
17
17
17
17
17
17
17
17
17
17
17
17
17
17
17
17
17
17
3
17
17
3
3
17
3
3
3
3
3
3
4
4
8
8
8
8
8
8
18
34
34
34
34
34
34
34
34
34
34
34
1
1
1
1
1
1
1
1
1
1
1
1
1
1
1
1
1
1
1
1
1
1
1
1
1
1
1
1
1
20
20
20
20
20
20
20
20
20
20
20
20
20
20
20
20
20
42
42
42
42
42
42
42
42
42
42
42
42
42
29
29
29
29
29
29
29
29
29
29
29
29
29
29
29
29
29
29
5
5
29
29
29
29
29
5
5
5
5
5
5
5
29
5
5
5
5
5
5
5
5
5
5
5
5
5
5
5
2
0
2
2
0
0
0
0
0
0
0
0
0
0
0
0
0
0
0
0
7
7
7
7
7
0
5
7
33
33
33
33
33
33
33
33
33
33
33
33
33
33
33
33
33
33
33
24
24
24
24
24
24
24
24
24
24
7
24
24
24
24
24
24
24
24
24
19
19
19
19
19
19
19
19
19
19
19
19
19
19
19
19
19
19
19
19
19
19
19
19
19
19
19
19
19
19
19
19
19
19
19
10
10
27
27
27
27
27
27
27
27
27
27
27
27
27
27
27
27
27
27
27
27
24
16
16
16
16
16
16
16
16
16
16
16
16
16
16
16
16
16
16
16
16
16
16
16
6
6
6
6
6
6
6
6
6
25
25
25
25
25
25
25
25
25
25
25
25
25
25
25
25
25
25
25
25
25
25
25
25
25
38
38
38
38
38
38
38
38
38
38
38
38
38
38
38
38
26
26
38
38
38
38
38
38
38
38
38
38
38
38
38
38
26
26
26
26
26
26
26
26
26
26
26
26
26
26
26
26
26
26
26
26
26
26
26
26
26
36
36
23
38
36
36
23
36
36
23
23
36
36
36
36
36
36
36
36
36
36
36
36
36
36
36
36
36
36
36
36
36
36
36
36
36
36
39
39
39
15
39
39
39
43
23
23
38
26
38
18
23
34
35
35
39
37
35
35
23
23
39
39
39
41
40
39
39
39
39
39
39
39
39
39
39
39
39
39
39
21
40
40
39
39
40
40
40
40
40
40
40
40
39
40
40
40
40
40
40
40
40
40
40
40
40
40
40
40
40
40
40
40
40
40
40
40
40
40
40
40
40
30
40
30
39
40
39
39
39
39
39
39
39
39
39
39
39
30
39
39
30
39
39
39
30
39
39
30
30
39
39
39
39
30
39
39
39
39
39
39
39
39
39
39
39
39
39
39
39
39
39
39
39
39
39
39
39
39
39
39
39
39
39
39
39
39
39
39
39
39
39
39
