4
4
4
4
4
4
4
4
4
4
4
4
4
4
4
4
4
4
4
4
4
31
31
31
31
31
3
3
3
32
1
1
3
3
3
3
3
3
14
6
3
3
14
14
14
32
14
14
3
14
14
14
14
14
14
14
14
14
14
14
14
14
14
14
14
14
14
14
14
14
14
14
14
14
14
14
14
14
14
14
14
14
14
14
14
14
11
11
11
11
11
11
11
11
18
18
18
18
18
18
18
18
18
18
18
18
18
18
35
35
35
18
18
18
35
35
35
35
35
17
35
35
17
35
35
35
35
35
17
35
35
17
17
17
17
35
35
17
17
17
17
17
17
17
17
17
17
3
17
17
17
3
17
17
17
3
3
17
3
3
3
17
18
8
18
8
8
8
8
18
4
4
4
8
11
34
34
18
34
34
34
34
34
1
1
1
1
1
1
1
1
1
1
1
1
1
1
20
1
1
1
20
20
1
1
1
20
1
20
20
20
20
20
20
20
20
20
20
20
20
20
20
20
20
20
20
20
42
23
42
20
20
23
42
42
42
42
42
42
29
29
29
29
29
2
5
5
5
5
5
5
5
5
5
5
5
5
5
5
5
5
2
5
5
5
5
5
5
5
2
2
5
2
2
5
5
5
2
5
5
5
2
2
2
5
2
2
2
2
2
2
2
2
2
2
2
2
2
2
2
0
0
2
0
0
0
5
5
0
2
2
5
5
5
5
29
29
2
5
29
33
24
33
33
33
24
33
24
24
24
33
33
33
24
24
24
24
24
24
24
24
24
24
24
24
24
24
24
24
24
24
24
24
24
24
24
24
24
24
24
24
24
24
24
19
19
19
19
19
19
19
19
19
19
19
19
19
19
10
27
27
27
19
19
19
10
10
10
10
19
19
19
19
19
19
10
10
10
10
10
19
10
27
27
27
27
27
27
27
27
27
27
27
27
27
27
27
27
27
27
10
10
24
16
24
16
16
16
16
16
16
16
16
16
16
16
16
16
16
16
16
16
6
16
6
6
6
25
25
26
6
25
25
25
25
25
25
25
25
25
25
25
25
25
25
25
25
25
25
25
25
25
25
25
25
25
25
38
38
38
38
38
38
38
38
38
38
38
38
38
26
38
38
38
26
26
26
38
26
26
26
38
26
26
26
38
26
26
26
26
26
9
26
9
26
9
9
9
36
36
36
9
36
36
36
36
36
36
36
36
36
36
36
36
36
36
36
36
36
36
36
36
36
36
36
36
36
36
36
36
15
36
36
36
15
15
36
15
15
15
15
37
37
37
37
37
37
37
37
37
37
37
37
37
37
37
37
37
37
43
37
37
37
37
37
41
41
41
41
41
41
41
41
37
41
41
41
41
41
41
41
41
41
41
41
41
41
41
41
41
41
41
40
40
40
41
41
40
40
40
40
40
40
40
40
40
40
40
40
40
40
40
40
40
40
40
40
40
40
40
40
21
21
40
40
40
40
21
21
21
21
21
21
21
21
21
21
21
30
21
21
30
21
21
21
21
21
21
21
21
21
21
21
21
21
30
30
21
30
30
30
30
30
30
30
30
30
30
30
30
30
30
30
30
30
30
30
39
30
30
30
30
30
30
39
39
39
39
39
39
39
39
39
39
39
39
39
39
39
39
39
39
39
39
39
39
39
39
39
39
39
39
39
39
39
39
23
23
39
39
23
23
23
23
23
23
39
