4
4
4
4
4
4
4
4
4
4
31
31
31
4
31
31
31
31
14
14
14
32
14
14
14
14
14
14
14
14
14
14
14
14
14
14
14
14
14
14
14
14
14
14
14
14
14
14
14
14
14
14
14
14
14
14
14
14
14
11
14
14
14
14
14
11
14
14
14
14
11
11
11
11
11
11
11
11
11
11
18
18
18
18
18
18
18
18
18
18
18
18
18
18
35
35
18
18
18
35
18
18
18
17
35
35
35
35
35
35
17
17
17
17
35
17
17
17
17
17
17
17
17
17
17
17
17
17
17
17
17
17
17
17
3
17
3
3
3
3
3
3
3
3
3
3
8
8
8
23
8
8
17
1
1
18
34
34
34
34
34
34
34
1
1
1
1
1
1
1
1
1
1
1
1
1
1
1
1
1
1
1
1
1
1
1
1
1
1
1
1
1
1
20
20
20
20
20
20
20
20
20
20
20
20
20
20
42
42
20
20
20
20
42
42
42
42
42
42
29
29
29
20
29
5
29
29
29
5
29
29
5
5
5
5
5
5
5
5
5
5
5
5
5
5
5
5
5
5
5
5
5
5
5
5
5
2
5
5
5
2
0
2
2
2
2
2
0
0
0
2
2
0
0
0
0
0
0
0
0
0
0
0
0
0
0
7
7
7
7
7
7
7
7
33
33
33
33
33
33
33
33
33
33
33
33
33
33
33
33
33
33
33
24
24
24
24
24
24
24
24
24
24
24
24
24
24
24
24
24
24
19
19
19
19
19
19
19
19
19
19
19
19
19
19
19
19
10
10
10
24
24
24
24
10
19
19
19
19
10
10
10
10
10
10
10
10
10
27
27
27
27
27
27
27
27
27
27
27
27
27
27
27
27
27
27
27
27
27
27
27
10
10
10
10
27
27
27
10
27
27
27
27
27
27
27
27
27
27
27
27
27
27
24
24
16
16
16
16
16
16
16
16
16
16
16
6
16
16
6
16
6
6
6
6
6
6
6
6
6
6
6
25
25
25
25
25
25
25
25
25
25
25
25
25
25
25
25
25
25
25
25
38
38
38
38
38
38
38
38
38
38
38
38
26
26
26
26
38
26
38
38
26
38
38
26
26
26
38
26
26
26
26
26
26
26
26
26
26
26
26
26
26
9
9
9
9
36
26
9
9
36
36
36
36
36
36
36
36
36
36
36
36
36
36
36
36
36
36
36
36
36
36
36
36
36
15
15
36
36
36
36
15
39
15
15
15
15
32
36
39
6
6
6
6
39
37
37
37
37
37
37
37
37
37
37
37
37
37
37
37
37
41
37
41
41
41
37
37
40
40
40
41
40
40
37
39
40
40
40
40
40
40
40
40
40
40
40
40
40
40
40
40
40
39
39
39
39
37
37
37
41
41
37
37
41
41
41
41
41
41
41
41
40
40
41
41
40
40
40
40
40
40
40
40
40
40
40
41
40
41
41
41
40
40
40
40
40
40
40
40
40
40
40
40
40
40
40
40
40
40
40
40
40
40
21
40
21
21
21
40
21
21
21
21
21
21
39
39
30
30
22
30
30
30
30
30
30
22
21
21
22
30
39
30
30
30
30
30
39
39
39
39
39
39
30
30
30
30
30
30
39
39
39
39
39
39
39
39
39
39
39
39
39
39
39
39
39
39
39
39
39
39
39
39
39
39
39
39
39
39
39
39
39
39
39
39
39
39
23
39
39
39
23
39
23
23
23
23
23
23
23
23
23
23
23
23
