3
3
3
3
4
4
4
3
4
3
3
3
4
3
3
3
3
4
4
3
3
3
4
4
4
4
4
4
4
4
4
4
4
4
4
4
4
4
4
4
4
4
4
4
4
4
4
4
4
4
4
4
4
4
4
4
4
4
4
4
4
4
4
4
4
4
4
4
4
4
4
4
4
4
4
43
4
4
4
43
43
43
4
43
43
4
4
43
43
4
43
43
43
43
43
43
43
43
31
43
43
31
31
14
14
14
14
14
32
32
32
32
32
14
14
14
32
14
14
14
32
14
14
14
14
14
14
14
14
14
14
14
14
14
14
14
14
14
14
14
14
14
14
14
14
14
11
14
14
11
11
11
11
11
11
11
11
11
11
11
11
11
11
11
11
11
11
11
11
18
18
11
11
18
18
18
18
18
18
18
18
18
18
35
35
18
18
35
35
35
35
35
35
35
35
35
35
35
35
35
35
17
35
17
35
17
17
17
17
17
17
17
17
17
17
17
17
17
17
17
17
17
17
17
17
3
3
17
17
3
3
3
3
3
3
3
8
8
8
8
23
17
13
17
18
18
18
18
8
8
18
18
34
34
34
34
34
34
34
1
1
1
1
1
1
1
1
1
1
1
1
1
1
1
1
1
1
1
1
1
1
1
1
1
20
1
1
1
20
20
20
20
20
20
20
20
42
20
20
20
20
20
42
20
42
42
20
20
42
42
42
42
42
42
29
29
29
29
29
29
29
29
29
29
29
5
5
5
5
5
5
5
5
5
5
5
5
5
5
5
5
5
5
5
5
2
2
2
2
2
0
2
2
0
0
2
0
0
0
0
2
0
0
2
2
0
0
2
0
0
0
0
0
0
0
0
7
7
7
7
7
7
7
7
7
7
7
7
0
7
0
33
33
33
33
33
33
33
33
33
33
33
33
33
33
33
33
33
24
24
24
24
24
24
24
24
29
29
29
24
24
24
24
24
24
24
19
19
19
19
19
19
19
19
19
19
19
19
19
19
19
19
19
19
19
19
19
19
19
10
10
10
10
10
27
10
27
27
19
27
27
27
27
19
27
27
27
27
10
19
19
29
29
16
16
16
16
16
16
16
16
16
16
16
16
16
16
16
16
16
6
16
16
6
6
6
16
16
6
6
6
6
6
6
6
6
26
25
25
25
25
25
25
25
25
25
25
25
25
25
25
25
25
25
25
25
25
25
25
25
25
25
25
25
38
38
38
38
38
38
38
38
38
26
26
26
38
38
26
26
38
26
26
26
26
26
26
26
26
38
38
38
26
26
26
26
36
36
36
36
36
36
36
36
36
36
36
36
36
36
36
36
36
36
36
36
36
36
36
36
36
36
36
36
36
36
36
36
36
36
36
36
36
36
36
36
36
36
36
14
36
36
36
36
36
36
30
30
37
37
37
37
37
37
41
37
41
41
41
41
41
41
41
40
41
41
41
41
41
40
40
40
41
40
41
41
41
40
41
41
41
40
40
40
40
40
40
40
38
40
21
40
38
40
40
40
40
40
21
40
21
21
21
21
21
21
30
21
30
21
30
21
21
21
21
21
30
21
30
30
21
21
30
21
30
30
30
30
30
30
39
30
39
39
39
39
39
39
39
39
39
39
39
39
39
39
39
39
39
39
39
39
39
39
39
39
39
39
39
39
39
39
39
39
39
39
39
39
39
39
39
39
39
39
39
39
39
39
39
39
39
39
39
39
39
39
39
23
23
23
39
23
23
23
23
23
39
23
