4
4
4
4
4
4
4
4
4
4
4
4
4
4
4
4
4
4
4
4
4
4
4
4
43
43
43
43
43
31
4
31
31
31
32
31
31
31
31
31
31
32
31
14
31
14
14
14
14
32
32
14
14
14
14
14
14
14
14
14
14
14
11
14
14
14
14
14
14
14
11
14
14
14
11
14
14
11
11
11
11
11
11
11
11
11
11
11
18
11
18
18
18
18
18
18
18
18
18
18
35
18
35
18
18
35
35
18
35
18
18
18
35
18
18
18
35
18
18
18
35
18
18
18
35
18
35
17
17
17
17
14
11
14
14
11
11
14
14
11
11
11
14
11
11
11
14
11
11
11
11
11
11
11
11
11
11
11
11
3
8
8
8
8
20
8
8
8
8
8
8
8
8
34
1
1
1
1
34
1
1
1
1
1
1
1
1
1
1
1
1
1
1
1
1
1
1
1
1
1
1
1
1
1
1
1
1
1
20
1
1
20
1
20
20
20
20
20
20
20
20
20
20
20
20
20
20
20
20
42
42
20
42
42
42
42
42
42
42
29
29
29
29
29
29
5
2
5
5
5
5
5
5
5
5
5
5
5
5
5
5
5
5
5
5
2
2
5
5
2
2
5
5
2
5
2
2
2
2
2
2
2
2
5
2
2
2
5
2
2
2
5
2
2
2
2
2
2
2
2
2
2
2
2
2
2
7
7
0
7
0
29
0
0
0
7
7
7
33
7
33
33
33
33
33
33
33
33
33
33
33
33
33
33
33
33
33
33
24
24
24
24
24
24
24
24
24
24
24
24
24
7
7
7
24
24
24
24
19
19
19
19
19
19
19
19
19
19
19
19
19
19
19
19
19
19
19
19
19
19
19
19
10
19
19
19
19
19
19
19
10
10
10
10
10
10
10
10
27
27
27
27
27
27
27
27
27
27
27
27
27
27
27
27
27
27
24
16
33
16
16
16
24
16
16
16
16
16
16
16
16
16
16
16
16
16
6
6
6
6
6
6
6
6
25
25
6
6
25
25
25
25
25
25
25
25
25
25
25
25
25
25
25
25
25
25
25
25
25
25
25
25
25
25
25
38
38
38
38
38
38
38
38
38
38
38
38
38
38
38
38
38
38
38
38
38
38
26
26
26
38
26
26
26
38
26
26
26
26
26
26
26
26
26
26
26
26
26
26
26
26
26
26
26
26
26
26
26
26
26
26
26
26
9
36
9
36
9
36
36
36
36
36
36
36
36
36
36
36
36
36
36
36
36
36
36
36
15
15
15
15
15
15
37
37
37
37
37
37
37
37
37
37
37
37
37
37
37
37
37
37
41
41
41
41
41
41
41
41
41
41
41
41
41
41
41
41
41
41
40
40
40
40
40
40
40
40
40
40
40
40
40
40
40
40
40
40
40
40
40
40
21
21
21
21
21
21
21
21
21
21
21
21
21
21
21
21
21
21
21
21
21
21
21
21
30
30
30
30
21
30
30
30
30
30
30
30
39
30
30
30
30
30
30
30
30
30
30
30
30
30
30
39
39
39
39
39
39
39
39
39
39
39
39
39
39
39
39
39
39
39
39
39
39
39
39
39
39
39
39
39
39
39
39
39
39
39
39
39
39
39
