4
4
4
4
4
4
4
4
4
4
4
4
4
4
4
4
4
4
4
4
4
4
4
4
43
31
4
4
4
4
4
43
43
4
4
4
14
8
1
1
14
1
43
1
18
43
43
43
31
43
4
11
1
31
31
4
31
43
31
31
31
31
31
31
11
31
31
14
14
14
14
11
14
14
1
14
14
14
1
14
14
14
14
14
14
14
14
14
14
14
20
14
14
14
14
14
14
11
14
11
11
11
14
11
14
11
14
11
11
11
14
11
11
11
14
11
11
11
14
11
11
11
11
11
11
11
11
11
11
11
11
8
17
18
18
18
17
18
18
17
35
18
35
17
17
17
35
17
17
35
17
17
17
35
17
17
17
35
17
17
17
17
17
17
17
17
17
17
17
17
17
17
17
17
17
17
17
17
17
17
17
3
3
8
17
17
3
8
17
3
3
8
17
18
8
8
8
3
8
17
18
18
18
18
9
8
6
34
34
34
34
34
34
34
34
34
34
34
34
1
1
1
1
1
1
1
1
1
1
1
1
1
1
1
1
20
1
23
1
23
20
23
1
20
23
23
20
23
23
23
42
42
42
23
20
42
23
23
20
42
42
20
42
42
23
23
42
42
42
42
42
42
42
42
29
29
29
29
29
29
5
29
5
5
5
5
5
5
5
5
5
5
5
5
5
5
5
5
5
5
29
5
5
2
2
5
5
5
2
5
5
5
2
2
5
2
2
2
2
2
2
5
5
2
5
2
2
2
2
0
0
0
0
0
0
0
0
0
0
0
0
7
7
7
7
0
7
7
7
7
7
7
33
7
7
7
33
33
33
33
33
33
33
33
33
33
33
33
24
24
24
24
24
24
24
24
24
24
24
24
24
24
24
24
24
24
19
19
19
19
19
19
19
19
19
19
19
19
10
19
19
10
10
10
10
27
19
27
27
27
27
27
27
10
10
10
10
10
10
10
10
10
10
10
27
27
27
27
27
27
27
27
27
27
27
27
27
27
27
27
27
27
27
16
16
16
16
16
16
16
16
16
16
16
16
16
16
16
16
16
16
6
6
6
26
26
38
25
25
38
25
25
25
25
25
25
25
25
25
25
25
25
25
25
25
25
25
25
25
25
25
38
38
38
38
38
38
26
26
38
26
26
38
38
26
26
26
26
26
26
26
26
26
26
26
26
26
26
26
26
26
26
26
26
26
26
26
26
26
26
26
26
26
9
26
26
26
26
36
26
36
36
36
26
36
36
36
36
36
36
26
26
36
36
36
36
36
36
36
36
36
36
36
36
36
36
36
36
15
15
15
15
41
26
37
37
37
6
6
37
41
37
37
37
37
41
41
41
41
41
41
41
41
41
41
41
41
41
41
41
41
41
41
41
40
40
40
41
40
40
39
39
40
39
40
39
39
39
39
39
39
39
30
30
30
39
39
39
39
39
39
39
39
39
39
39
39
39
39
39
39
39
39
39
39
39
39
39
39
39
39
39
30
30
39
30
39
39
30
39
30
30
30
39
30
30
30
30
30
30
30
30
30
30
30
30
30
30
30
30
30
30
39
30
30
30
30
30
30
30
30
30
30
30
30
30
30
30
30
30
39
39
39
39
39
39
39
39
39
39
39
39
39
39
39
39
39
39
39
39
39
39
39
39
39
39
39
39
23
39
23
23
39
39
39
23
39
39
39
39
