3
3
3
3
3
3
3
3
3
3
3
3
3
3
3
3
3
3
3
3
3
3
3
3
3
3
3
3
3
3
3
3
3
3
3
3
3
3
3
3
3
3
3
3
3
3
3
3
3
3
3
3
3
3
3
3
3
3
3
3
3
3
4
4
3
3
3
4
4
4
4
4
4
4
4
4
4
3
3
3
4
4
4
4
4
4
4
4
4
11
11
11
11
11
3
11
11
11
4
11
11
4
4
4
4
4
4
4
4
4
4
4
4
4
4
4
4
4
4
4
4
4
4
4
4
4
4
4
4
4
4
4
4
4
4
4
4
4
4
4
4
4
4
4
4
4
4
4
4
4
4
4
4
4
4
4
4
4
4
4
4
4
4
4
4
4
4
43
43
4
4
43
43
43
43
43
43
43
43
43
43
43
43
43
31
31
43
31
31
31
43
31
31
31
43
43
31
31
1
43
43
43
43
43
43
31
43
20
31
31
31
14
31
14
14
14
14
32
14
14
14
14
14
14
14
14
14
14
14
14
14
14
14
14
14
14
14
14
14
14
14
14
14
14
14
14
14
14
14
14
14
14
14
14
14
14
14
14
14
14
14
14
14
14
14
14
14
14
14
14
14
14
14
14
14
14
11
11
11
11
11
18
18
18
11
18
18
18
18
18
18
18
18
18
18
18
18
18
18
18
18
18
18
18
18
35
35
18
18
35
35
18
35
35
35
18
18
35
18
18
18
17
35
18
17
17
17
17
17
17
17
17
17
17
17
17
17
17
17
17
17
17
17
17
17
17
17
17
17
17
17
1
1
20
20
34
34
34
34
34
17
17
20
18
34
18
20
34
34
20
1
34
1
1
34
1
1
1
1
1
1
1
1
1
1
20
20
20
1
20
1
1
20
20
20
1
20
1
20
1
20
20
20
20
20
20
20
20
20
20
20
20
20
20
20
20
20
20
20
20
20
20
20
20
42
42
20
20
42
42
42
42
42
42
29
29
29
20
29
20
5
5
2
2
5
2
2
2
2
2
5
5
5
5
5
2
2
2
2
2
2
2
2
2
2
2
2
2
2
2
2
2
2
2
2
2
2
2
2
2
2
0
0
2
0
0
0
2
0
0
0
0
0
0
0
0
0
0
0
0
0
7
7
7
7
7
0
7
7
7
7
33
33
33
33
33
33
33
33
33
33
33
33
33
33
33
33
33
33
33
33
33
33
24
24
24
24
24
24
33
33
33
24
24
24
24
24
19
19
19
19
19
19
19
19
19
19
19
19
19
19
19
16
24
24
19
19
19
19
19
19
19
19
19
19
24
24
16
16
16
16
19
19
19
19
19
19
19
10
10
10
10
10
10
10
10
10
10
27
10
27
27
27
27
27
27
27
27
27
27
27
27
27
10
10
16
16
16
16
17
16
16
16
16
16
16
6
16
16
16
16
16
16
16
16
16
16
16
16
16
16
16
6
16
16
16
16
16
16
16
16
16
16
16
23
16
6
6
6
6
6
6
6
6
6
25
25
25
25
25
25
25
25
25
25
25
25
25
25
25
25
25
25
25
25
25
25
25
25
25
25
25
25
25
25
38
38
38
38
38
38
38
38
38
38
38
38
38
38
26
26
26
26
26
26
26
26
26
26
26
26
26
26
26
26
26
26
26
26
26
26
26
9
26
26
36
36
36
26
36
36
36
36
36
36
36
36
36
36
36
36
36
36
36
36
36
36
36
36
36
36
36
36
36
36
36
36
36
36
36
36
36
15
36
36
15
15
15
37
37
15
36
36
26
36
41
41
41
41
41
41
41
41
41
41
41
41
41
41
41
41
41
41
41
41
41
40
40
40
40
40
40
40
40
40
40
40
40
40
40
40
40
40
40
40
40
40
40
40
40
40
40
40
40
40
40
40
40
40
40
40
40
40
40
40
40
40
21
21
30
30
21
21
30
21
39
21
21
21
21
21
21
30
30
30
21
21
21
39
39
21
30
30
30
30
30
30
21
30
21
21
21
21
30
30
30
30
30
30
30
39
39
30
39
39
39
39
39
39
39
39
39
39
39
39
39
39
39
39
39
39
39
39
39
39
39
39
39
39
39
39
39
39
39
39
39
39
39
39
39
39
39
39
39
39
39
39
39
39
39
39
39
39
39
39
39
23
23
39
23
23
39
23
23
23
39
23
39
