4
4
4
4
22
3
3
3
3
3
3
3
3
3
3
4
4
4
4
4
4
31
3
3
3
4
3
3
3
3
3
3
22
3
3
3
3
3
22
3
3
22
3
3
4
3
3
3
3
3
3
3
3
3
22
3
3
3
3
3
3
3
3
3
3
3
3
4
3
3
3
3
3
4
3
4
4
3
4
3
3
3
3
3
4
4
3
4
3
3
3
4
4
3
3
3
3
3
3
3
3
4
4
4
4
3
3
3
4
3
4
4
4
4
3
4
4
4
4
4
4
4
4
4
4
4
4
4
4
4
4
4
4
4
4
4
3
4
4
4
4
3
3
4
4
4
4
4
4
4
4
3
3
4
4
3
3
3
3
3
4
3
4
3
4
4
4
4
4
4
4
4
4
4
4
4
4
4
4
4
4
4
4
4
4
4
4
4
4
4
4
4
4
4
4
4
4
4
4
4
4
4
4
4
4
4
4
43
4
43
43
43
43
43
43
43
43
43
43
43
43
43
43
43
43
43
43
43
43
43
43
43
43
31
43
31
43
43
43
31
43
43
43
31
31
31
31
31
43
31
31
31
43
31
43
31
14
31
43
14
43
14
14
31
31
43
43
1
43
43
43
14
43
23
23
14
31
11
43
11
31
31
14
31
43
14
14
11
11
20
14
14
14
14
14
14
14
14
14
14
14
14
14
14
14
14
14
14
14
14
14
14
11
14
11
14
14
11
11
11
11
14
11
11
14
11
11
11
11
11
11
11
11
11
11
11
11
11
42
11
11
14
11
11
11
11
11
11
11
11
11
11
11
11
20
11
29
20
11
11
18
18
18
18
18
18
18
18
18
18
18
18
18
18
18
18
18
35
18
18
35
35
18
18
18
35
18
35
35
35
18
35
35
35
35
35
35
17
35
17
17
17
17
17
17
17
17
17
17
17
17
17
17
17
17
17
17
17
17
17
17
17
17
17
17
17
17
17
17
17
8
0
0
8
8
17
34
34
34
7
34
34
34
23
20
20
34
34
34
34
1
1
20
1
20
1
1
20
20
1
1
20
1
1
20
20
20
20
20
20
20
20
20
20
20
20
20
20
20
20
20
20
20
20
20
20
20
20
20
20
20
20
20
20
20
20
20
42
20
20
20
42
42
42
42
42
20
42
29
29
42
29
29
29
5
5
29
5
2
2
5
5
2
5
5
5
5
2
5
5
2
2
5
5
5
2
5
5
2
2
5
5
5
2
5
5
2
2
2
2
0
2
2
2
2
2
0
0
2
0
2
2
0
0
0
0
0
0
0
0
0
0
0
0
7
0
7
7
7
0
7
7
33
33
33
33
33
33
33
33
33
33
33
33
33
33
33
33
33
33
33
33
33
33
33
33
33
33
33
24
24
24
24
24
24
24
24
19
19
19
19
19
19
19
19
19
19
19
19
19
19
19
19
19
19
19
19
19
19
19
19
19
19
19
19
19
19
10
10
19
10
10
19
10
10
10
10
10
10
10
27
27
27
27
27
27
27
27
27
27
27
27
16
16
16
16
16
16
16
16
16
16
16
16
16
16
16
16
16
16
6
6
6
6
6
6
6
6
6
25
25
25
25
25
25
25
25
25
25
25
25
25
25
25
25
25
25
25
25
25
25
25
25
25
25
25
25
6
6
38
38
38
38
38
38
38
38
38
38
38
38
38
38
38
26
38
38
38
26
26
26
38
38
38
38
38
26
38
26
26
26
26
26
26
26
26
26
26
26
26
26
26
26
26
26
26
26
26
26
36
36
36
36
36
36
36
36
36
36
36
36
36
36
36
36
36
36
36
36
36
36
36
36
36
36
36
36
36
36
15
15
15
15
15
36
37
37
37
37
37
37
41
37
37
37
37
41
41
37
41
41
41
41
41
41
41
41
41
41
41
41
41
41
41
41
40
40
40
40
40
40
40
40
40
40
40
40
40
40
40
40
40
40
40
40
40
40
40
40
21
30
21
39
30
30
39
30
39
30
30
39
30
30
30
30
30
30
30
30
30
30
30
30
30
30
39
30
39
30
39
39
39
39
39
39
39
39
39
39
39
39
39
39
39
39
39
39
39
39
39
39
39
39
39
39
39
39
39
39
39
39
39
39
39
23
39
23
39
