4
4
4
4
4
4
4
4
4
4
4
4
4
4
4
4
4
4
4
4
4
4
4
4
4
4
4
4
4
4
4
4
4
4
4
4
4
4
4
4
4
4
4
4
4
4
4
4
4
4
4
4
4
4
4
4
4
4
4
4
4
4
43
4
4
43
4
4
4
4
31
4
43
43
31
4
4
4
31
4
4
4
31
23
32
14
11
11
32
14
32
14
31
32
11
23
31
32
32
14
14
14
32
32
32
32
32
14
32
32
14
14
14
14
14
14
14
14
14
14
14
14
14
14
14
14
14
14
14
11
11
14
11
11
11
14
14
11
11
14
14
11
11
11
11
11
11
11
11
11
11
11
11
11
11
11
18
11
18
18
18
18
18
18
18
18
18
18
18
18
18
35
18
18
18
35
18
35
35
35
35
35
35
35
35
35
35
17
35
35
35
17
35
17
17
17
17
17
17
3
3
3
17
17
17
17
3
3
3
3
3
3
3
3
3
3
3
3
3
3
3
3
3
3
8
23
8
8
8
8
1
8
1
18
8
8
8
11
4
8
34
34
34
8
34
34
34
34
34
1
1
1
1
1
1
1
1
1
1
1
1
1
1
1
1
1
1
1
1
1
1
1
1
1
1
1
1
1
1
1
1
1
20
1
20
20
20
20
20
20
20
20
20
20
20
20
20
20
42
20
42
42
42
20
29
29
29
29
29
29
29
29
29
29
2
29
29
29
29
29
5
29
5
5
5
29
29
5
5
5
29
5
5
5
5
5
5
5
5
5
5
5
5
5
5
5
5
5
5
5
5
5
2
2
2
2
2
2
2
0
0
2
2
0
0
0
0
0
7
0
0
7
7
7
7
7
7
24
0
7
7
7
33
33
33
33
33
33
33
33
33
33
33
24
33
33
24
24
33
24
24
24
24
24
24
24
24
24
24
24
24
24
24
24
24
24
19
19
19
19
19
19
19
19
19
19
19
19
19
19
19
19
19
19
19
19
27
27
27
27
27
27
27
27
27
27
27
27
27
27
27
27
27
27
27
27
27
27
27
27
27
27
27
27
27
27
27
27
27
27
27
27
27
24
24
16
16
16
16
16
16
16
16
16
16
16
16
16
16
6
6
6
6
6
6
6
6
6
25
25
25
25
25
25
25
25
25
25
25
25
25
25
25
25
25
25
25
25
25
25
25
25
25
25
25
25
25
25
25
25
38
38
38
38
38
38
26
26
26
26
26
38
26
38
38
26
38
26
26
26
26
26
26
26
38
38
38
9
26
9
9
36
9
9
26
36
9
36
36
36
36
36
26
36
9
36
9
9
26
9
9
36
9
9
26
36
9
36
36
36
36
36
36
36
36
36
36
36
36
36
36
36
36
36
36
15
36
36
36
15
8
41
15
34
15
15
37
37
37
37
37
37
37
37
37
37
37
37
37
37
37
37
37
37
37
37
37
41
41
37
37
37
41
41
41
41
41
41
41
41
40
41
41
40
41
40
40
41
41
41
41
41
40
41
41
41
40
41
41
40
40
40
40
40
40
40
40
40
40
40
40
40
40
40
40
40
40
40
40
40
40
40
40
40
40
40
40
40
40
40
40
40
40
40
21
21
21
21
21
21
21
21
21
30
30
30
21
30
30
30
30
21
21
30
21
21
21
21
21
21
30
30
21
21
21
30
30
30
30
30
30
30
30
30
30
30
30
30
30
30
30
30
30
30
30
30
30
30
30
30
30
30
30
30
30
30
30
30
30
30
39
39
30
39
39
39
39
39
39
39
39
39
39
39
39
39
39
39
39
39
39
39
39
39
39
39
39
39
39
39
39
39
39
23
23
39
23
39
39
39
39
39
