31
4
4
4
4
4
4
4
4
4
4
4
4
4
4
4
4
4
4
4
4
4
4
4
4
4
4
4
4
4
4
4
4
4
4
11
14
14
31
14
31
14
31
14
14
31
31
31
31
4
14
31
4
31
11
31
31
14
32
31
31
32
14
32
32
32
14
31
31
31
14
31
31
31
32
31
32
14
14
14
14
14
14
14
14
14
14
14
14
14
14
14
14
14
14
14
14
14
14
14
14
14
14
14
14
14
11
14
14
11
11
14
14
11
11
14
14
14
11
14
14
11
11
11
37
4
11
4
4
4
18
18
4
18
18
18
18
18
18
18
18
18
18
18
18
18
18
35
18
18
18
18
35
23
18
1
35
35
35
18
35
35
35
35
35
18
18
18
17
17
17
17
17
17
17
17
17
17
17
17
17
17
17
17
17
17
17
17
17
17
17
17
17
17
17
17
17
17
17
17
17
17
17
17
17
17
17
17
17
17
17
17
17
17
17
17
17
1
5
1
17
1
1
42
4
34
18
34
29
29
29
1
34
34
34
1
1
1
20
1
20
20
20
34
34
34
1
1
1
1
1
1
1
1
1
1
20
1
20
1
1
20
1
1
20
20
1
1
20
20
1
1
1
20
20
20
20
20
20
20
20
42
20
20
20
42
42
42
42
42
42
42
42
29
29
29
29
29
5
29
5
5
5
29
5
29
5
29
29
5
5
5
5
5
5
5
5
5
5
29
5
5
5
5
5
5
5
29
5
2
2
5
5
5
5
5
5
5
5
5
2
2
2
2
2
5
2
2
2
2
2
2
2
0
0
0
0
0
0
7
7
7
7
7
7
7
33
7
7
7
33
33
33
33
33
33
33
33
33
33
33
33
33
33
33
33
33
33
33
33
24
24
24
24
24
24
24
24
24
24
24
24
24
24
24
24
19
19
19
19
19
19
19
19
19
19
19
19
19
19
19
19
19
19
19
19
19
10
10
10
10
10
10
10
10
10
10
10
27
27
27
27
27
27
27
27
27
27
27
27
27
27
27
27
27
24
24
16
16
16
16
16
16
16
16
16
16
16
16
16
16
16
16
16
16
16
16
16
16
16
16
6
6
6
6
6
6
6
6
6
25
25
25
6
6
25
25
25
25
25
25
25
25
25
25
25
25
25
25
25
25
25
25
25
38
38
38
38
38
38
38
38
38
26
38
38
38
38
26
26
26
38
26
26
26
26
38
26
26
26
26
26
26
26
26
26
26
26
26
9
36
26
26
36
36
36
36
36
36
26
36
36
36
36
9
36
36
9
36
36
36
36
36
36
36
36
36
36
36
36
36
36
36
36
15
15
15
36
15
15
15
37
37
15
15
15
3
37
37
37
37
37
37
37
37
37
37
43
43
37
43
43
37
37
37
37
37
37
38
38
38
38
38
38
38
38
38
38
38
38
38
41
37
41
41
26
41
41
41
41
41
41
41
41
41
41
41
41
41
41
41
40
40
40
21
40
40
40
40
40
40
40
40
40
40
40
40
40
40
40
40
21
40
21
21
21
30
30
30
30
30
30
30
30
30
21
21
21
30
30
30
30
30
21
21
21
21
30
30
30
30
30
30
30
30
30
21
12
30
30
30
30
30
30
30
21
30
12
39
39
39
39
39
39
39
39
39
30
30
30
39
30
30
30
30
30
30
30
30
30
30
30
39
39
39
39
30
39
39
39
39
39
39
39
39
39
39
39
39
39
39
39
39
39
39
39
39
39
39
39
39
39
39
39
39
39
39
39
39
39
39
39
39
39
