2
1
2
2
6
2
2
2
2
1
2
2
2
2
1
1
1
1
2
2
1
6
1
2
2
2
2
6
2
2
6
2
2
2
6
6
6
6
6
6
2
6
2
2
2
2
2
2
2
2
2
1
1
2
2
6
2
2
2
2
2
2
6
2
10
1
2
1
1
20
6
6
6
6
6
6
6
1
1
2
6
6
6
6
6
6
6
6
1
6
1
6
6
6
1
6
6
6
6
1
6
1
1
1
6
1
6
1
1
1
2
1
1
6
6
1
34
6
34
6
34
6
1
34
6
20
6
6
6
8
6
20
8
20
8
8
20
20
20
8
20
20
20
20
20
20
20
20
20
20
20
20
20
20
20
8
8
8
8
8
8
8
42
8
42
8
42
42
8
42
8
8
8
8
8
8
8
42
8
8
8
8
8
8
8
8
8
8
8
8
8
8
8
8
8
8
8
8
8
8
3
3
3
3
3
3
3
3
3
3
3
3
3
3
3
3
3
3
3
19
19
3
19
19
19
19
19
19
19
19
3
19
19
19
19
19
19
3
3
13
13
0
9
9
9
9
0
0
9
0
0
9
9
9
9
0
0
9
9
9
9
9
9
9
9
9
9
9
9
9
9
9
9
9
9
17
17
17
17
17
17
17
17
17
17
17
17
17
17
17
17
17
17
17
17
17
17
17
17
17
17
17
17
17
17
4
4
4
4
4
4
4
4
4
4
4
4
6
6
6
6
6
6
6
6
6
6
6
6
6
6
6
1
1
1
1
1
1
1
1
1
1
1
1
1
1
1
1
1
1
1
1
1
1
1
1
1
1
1
1
1
28
28
28
28
23
28
28
23
23
23
23
23
23
23
23
23
23
23
23
23
23
23
23
23
23
23
23
23
23
23
23
23
5
23
23
5
5
23
29
29
29
5
29
29
29
29
29
29
28
29
29
29
29
29
29
29
29
29
29
29
29
29
29
29
29
29
29
29
29
29
29
29
29
29
29
29
29
29
29
29
29
29
29
29
14
29
29
29
14
14
14
29
14
14
14
14
14
14
14
14
12
12
12
12
12
12
14
14
14
25
25
25
25
25
25
25
25
25
25
25
25
25
25
25
25
25
25
35
25
25
25
35
35
35
35
35
35
35
35
35
35
35
25
25
25
35
35
16
16
35
16
16
16
16
16
16
16
16
16
16
16
24
24
24
24
24
24
24
24
24
24
41
41
41
24
24
24
24
24
41
41
41
41
41
41
41
41
41
41
41
41
41
41
41
41
41
41
41
35
29
10
10
35
10
10
10
10
10
10
10
10
10
36
36
36
36
36
36
36
36
36
36
36
36
36
36
36
36
36
36
36
36
2
2
2
2
7
2
2
2
2
2
2
2
7
7
7
7
7
7
7
7
7
7
31
31
7
7
7
7
7
7
7
31
31
31
31
31
31
31
31
31
31
31
31
31
31
31
31
31
31
31
31
31
31
30
30
30
30
30
30
30
30
30
27
27
27
27
27
27
27
27
27
27
27
27
27
27
27
27
27
30
27
27
27
27
27
27
27
27
15
15
15
27
15
15
15
15
15
15
15
15
15
15
21
21
21
21
21
21
21
21
21
21
21
21
21
21
21
21
21
21
21
21
21
21
21
21
21
21
22
22
22
22
22
22
22
22
22
22
39
22
22
39
39
39
39
39
39
39
39
39
39
39
39
39
39
39
39
39
39
39
39
39
38
38
38
38
38
38
37
38
38
38
38
38
38
38
38
38
38
38
38
38
38
38
38
38
38
38
38
38
38
38
38
38
38
38
38
38
38
38
38
38
38
37
37
37
38
37
37
37
37
37
37
37
37
37
37
37
37
37
37
37
37
37
37
37
37
37
37
37
37
37
37
18
33
18
33
18
33
33
33
33
33
33
33
33
33
33
33
40
40
40
40
40
40
40
40
40
40
40
40
40
40
40
40
40
40
40
40
40
40
40
