20
20
8
10
20
20
20
34
8
20
20
34
34
34
8
8
8
3
8
8
8
8
8
8
20
20
20
20
8
8
20
8
8
13
3
40
13
1
1
1
1
1
8
8
8
1
8
8
8
1
3
8
1
1
3
8
8
3
8
8
3
3
3
3
3
3
3
3
3
3
3
3
3
3
3
3
3
3
3
3
3
3
3
3
3
19
3
3
3
19
3
19
19
19
19
19
3
19
3
19
19
19
3
13
13
5
13
13
13
6
6
6
6
0
0
0
0
0
0
0
9
0
9
9
9
9
9
9
9
9
9
9
9
9
9
9
9
9
9
9
9
9
9
9
17
9
9
17
17
9
9
17
17
17
17
17
17
17
17
17
17
4
17
17
17
4
4
4
4
4
4
4
4
4
4
4
4
4
4
6
6
4
4
6
6
6
6
6
6
6
6
6
6
6
6
0
0
0
9
0
9
6
6
0
0
6
6
6
6
6
1
1
28
28
28
1
28
28
1
28
28
23
23
23
23
28
28
23
23
28
23
28
23
23
23
23
23
23
23
23
23
23
23
23
23
23
23
23
23
23
23
23
5
5
5
23
5
5
5
5
5
5
5
5
29
29
29
29
29
14
14
29
14
14
26
29
26
29
29
26
26
26
26
26
29
26
26
26
26
14
26
26
26
14
14
14
14
14
26
14
14
14
14
14
14
14
14
14
14
14
14
14
14
14
14
14
14
14
14
12
12
12
12
12
12
12
12
12
12
12
12
26
26
14
14
25
25
25
25
25
25
25
25
25
25
25
25
25
25
25
25
25
35
25
35
35
35
35
35
35
35
35
35
35
10
16
35
16
16
16
16
16
16
16
16
16
16
16
16
16
16
16
24
24
24
16
24
24
24
24
24
24
24
24
24
16
16
24
41
41
41
41
41
41
41
41
41
41
41
41
41
41
41
41
41
41
41
41
41
41
41
10
10
10
10
10
10
10
10
10
10
36
36
36
36
36
36
36
36
36
36
36
36
36
36
36
36
36
36
36
2
2
2
2
2
2
2
2
2
2
2
2
2
2
2
2
2
2
2
7
7
7
7
7
7
31
31
7
7
7
31
31
31
31
7
7
31
31
31
31
31
31
31
31
31
31
31
31
31
31
31
31
31
31
31
30
30
30
30
30
30
30
30
30
30
30
30
30
30
27
27
27
30
27
30
27
30
27
27
27
30
27
27
27
27
27
27
27
30
27
27
27
15
15
27
15
15
15
15
15
15
21
15
15
21
33
36
36
36
36
42
21
21
21
21
21
40
34
21
21
21
21
21
21
21
21
21
21
21
21
21
21
21
21
21
21
21
21
21
21
21
21
22
21
21
21
22
22
21
22
21
22
21
22
21
21
21
21
21
22
21
22
22
22
22
22
22
22
21
22
22
22
21
22
22
22
22
22
39
39
39
39
39
39
39
39
39
39
39
39
39
39
39
39
39
39
39
39
39
39
39
39
39
38
38
38
38
38
38
38
38
38
38
37
38
38
38
38
38
38
38
38
38
38
38
38
38
38
37
37
40
37
37
37
38
38
38
38
38
38
38
38
38
37
37
37
37
37
37
37
40
37
37
37
37
37
37
37
37
37
37
37
37
37
37
37
37
37
37
37
37
33
18
33
33
33
33
33
33
33
33
33
33
33
33
33
33
33
33
40
40
40
33
40
40
40
40
40
40
40
40
40
40
40
40
40
40
40
40
40
40
40
40
40
