34
34
34
34
20
20
42
42
8
8
42
42
42
8
8
42
42
42
42
42
8
8
8
6
8
8
8
8
8
8
8
8
8
8
8
8
8
8
8
8
8
8
4
8
3
3
19
40
3
3
8
8
8
3
3
8
3
3
8
8
3
3
3
8
3
3
3
3
3
3
3
3
3
3
3
3
3
3
3
3
3
3
3
3
3
3
19
3
3
3
19
19
3
3
19
19
3
19
19
19
19
19
19
19
19
19
19
19
19
19
19
19
19
19
8
13
13
0
0
0
0
0
0
0
17
0
0
0
4
9
9
0
0
0
0
9
9
0
0
9
9
9
9
9
9
9
9
9
9
9
9
9
9
9
9
9
9
9
9
9
9
17
17
17
17
17
4
4
17
17
4
4
4
4
4
4
4
4
4
4
4
4
4
4
4
4
4
4
4
4
6
21
4
4
21
21
6
6
6
21
6
6
6
6
6
6
6
6
6
6
6
6
6
6
1
1
6
6
1
1
1
1
1
1
1
1
1
1
1
1
1
28
28
1
1
28
1
1
28
23
17
1
23
23
23
23
23
23
23
23
23
23
23
28
23
23
23
23
23
23
23
23
23
23
23
23
23
23
23
23
23
17
17
5
5
5
5
5
5
5
29
29
14
5
14
29
29
29
29
29
29
29
29
29
29
29
29
29
29
29
29
29
29
26
29
29
26
26
29
29
26
14
14
29
14
14
14
14
14
14
14
14
14
14
5
29
14
23
6
5
1
1
6
14
14
14
28
14
14
14
28
12
12
12
12
14
12
26
29
29
26
14
25
25
25
25
25
25
25
25
25
25
25
25
25
25
25
25
25
25
35
35
35
35
35
35
35
35
35
35
35
35
35
35
25
35
16
16
16
16
16
16
16
16
16
16
16
16
16
16
16
16
16
16
16
16
24
24
24
24
24
24
24
24
24
16
24
24
24
24
16
24
24
24
24
24
24
41
41
41
41
41
41
41
41
41
41
41
41
41
41
41
41
41
41
41
41
41
35
35
10
10
10
10
10
10
10
10
10
36
36
36
36
36
36
36
36
36
36
36
36
36
36
36
36
36
36
2
2
2
2
2
2
2
2
2
2
2
2
2
2
2
2
2
2
2
2
2
2
7
7
7
31
31
7
31
40
31
31
31
31
31
31
31
31
31
31
31
31
31
31
31
31
31
31
31
31
31
31
31
31
30
30
30
31
30
30
30
30
30
30
30
30
30
30
30
30
30
30
30
30
27
30
27
27
30
27
27
30
27
27
27
27
27
27
27
27
27
27
27
27
27
27
27
27
27
27
27
27
27
15
27
27
21
15
15
15
15
21
21
15
21
27
15
36
39
22
21
21
21
22
22
22
22
22
22
22
22
22
39
22
22
22
22
22
22
22
22
39
39
39
39
39
39
22
22
22
22
39
39
39
39
39
39
39
39
39
39
39
39
39
39
39
38
38
38
38
38
38
38
38
38
38
38
38
38
38
38
38
38
37
38
38
38
37
37
37
37
37
37
37
37
37
37
37
37
37
37
37
37
37
37
37
37
37
37
37
37
37
33
37
18
37
33
33
33
33
33
33
37
37
37
33
37
40
40
40
40
33
40
40
40
40
40
40
40
40
40
40
40
40
40
40
40
40
40
40
40
40
40
40
40
