2
2
2
2
2
2
2
2
2
2
2
2
2
2
2
2
2
2
2
2
2
2
2
2
2
2
2
2
1
1
2
1
1
2
2
2
2
2
2
2
1
2
2
2
2
2
2
1
2
2
1
1
1
1
1
1
1
1
8
6
6
1
1
1
1
1
1
1
6
6
6
8
8
6
8
8
1
34
8
8
8
8
8
8
20
20
20
42
20
8
8
8
8
42
8
8
8
8
8
8
8
8
8
8
8
8
8
8
42
8
8
8
8
8
8
8
8
8
8
8
8
8
8
8
8
8
8
3
3
8
3
19
3
3
3
3
3
3
3
3
3
3
3
3
3
3
19
3
19
3
19
19
3
3
19
19
19
19
19
19
19
19
19
19
19
19
19
19
19
19
19
19
19
19
19
19
19
19
19
19
19
19
19
13
13
13
0
9
0
0
0
9
9
9
0
9
9
9
9
9
9
9
9
9
9
9
9
9
9
9
9
9
9
9
9
9
17
9
9
9
17
9
9
9
9
9
17
17
17
17
17
17
17
17
17
17
17
17
17
17
17
17
17
17
17
17
4
4
17
17
4
4
4
4
4
4
4
4
4
4
4
4
4
6
0
6
6
6
6
6
6
6
6
6
6
6
6
10
34
34
34
34
1
1
1
28
28
1
1
1
28
1
1
28
23
23
28
23
28
28
28
28
28
28
1
28
28
28
28
28
28
23
23
23
23
23
23
23
23
23
23
23
23
23
23
23
23
23
23
23
23
5
23
5
5
5
23
5
23
23
23
5
23
5
5
5
5
5
5
26
26
29
14
14
29
29
26
26
29
29
14
29
14
14
26
26
26
26
26
14
26
29
14
14
14
14
14
14
26
14
14
14
14
14
14
14
14
14
14
14
14
14
14
14
14
14
14
14
14
14
12
14
14
14
12
12
14
14
12
12
12
12
12
12
26
12
12
25
25
25
25
25
25
25
25
25
25
25
25
25
25
25
25
25
25
35
35
35
35
35
35
35
35
35
35
35
16
16
16
16
16
16
16
16
16
16
16
24
16
24
16
24
24
24
24
24
24
24
24
24
24
24
24
24
24
24
24
41
41
41
41
41
41
41
41
41
41
41
41
41
41
41
24
10
24
41
10
10
10
10
10
10
10
10
10
10
10
10
10
10
24
24
24
41
41
10
10
10
10
10
36
36
36
36
36
36
36
36
36
36
36
36
36
36
36
2
2
2
2
2
2
2
2
2
2
7
7
2
7
7
7
31
31
31
31
31
31
31
31
31
31
31
31
31
31
31
31
31
31
31
31
31
31
31
31
31
31
31
31
31
31
31
31
31
31
30
30
30
30
30
30
30
30
30
30
30
30
30
30
30
30
30
30
30
30
30
27
27
27
27
27
19
27
27
17
40
27
27
17
27
27
27
27
27
27
27
4
27
27
21
21
21
43
39
15
21
21
21
21
21
21
21
21
21
21
21
21
21
22
21
21
21
21
22
22
22
22
22
22
22
22
22
22
22
22
22
39
22
22
22
39
39
39
39
39
39
39
39
39
39
39
39
39
39
39
39
39
39
39
39
39
39
39
38
38
38
38
38
38
38
38
38
38
38
38
38
38
38
38
38
38
38
38
38
38
38
38
38
38
38
38
38
38
38
38
38
38
38
38
38
38
38
38
38
38
38
37
38
37
37
37
37
37
37
37
37
37
37
37
37
37
37
37
37
37
37
37
37
37
37
37
37
37
37
18
18
18
33
18
33
33
33
33
33
33
33
33
33
33
33
33
40
40
40
40
40
40
40
40
40
40
40
40
40
40
40
40
40
40
40
40
40
40
40
