8
8
20
20
20
20
1
20
34
34
34
34
1
6
34
10
34
20
20
6
6
6
6
6
20
6
1
34
34
34
34
34
1
3
3
3
3
3
8
3
3
3
8
8
3
3
20
8
20
8
8
8
8
8
13
8
8
8
8
8
8
8
8
8
8
8
8
8
8
8
8
8
8
8
8
8
8
8
3
8
8
3
3
8
8
8
8
3
3
3
3
3
3
3
3
3
3
3
3
3
3
3
3
3
3
3
19
19
19
19
19
19
19
19
19
19
19
3
8
8
8
3
3
13
6
6
6
6
6
6
6
0
6
6
0
6
0
0
0
0
0
0
0
0
0
0
0
0
9
9
9
0
9
0
9
13
9
9
9
9
9
9
9
9
9
9
9
9
17
17
17
17
6
6
17
17
17
17
17
9
17
17
17
17
17
17
17
17
17
17
17
17
17
17
17
17
17
17
17
17
17
17
17
17
17
17
17
4
17
17
17
4
17
17
4
4
17
6
17
4
6
6
4
5
6
6
6
6
6
6
5
1
1
1
1
1
1
1
1
1
1
1
5
1
6
1
1
1
1
1
1
1
1
1
1
28
1
28
28
23
28
28
28
23
23
23
28
28
23
23
28
28
23
23
23
23
23
23
23
23
23
23
23
23
23
23
23
23
23
5
23
23
5
5
5
5
5
5
29
29
29
29
29
29
29
29
29
29
29
29
29
29
29
29
29
29
29
29
29
29
29
29
26
29
26
29
29
29
26
14
14
29
26
26
14
29
26
26
14
29
14
14
14
14
14
26
14
14
14
14
14
14
14
14
14
14
14
12
14
12
12
12
12
12
12
12
25
25
25
25
25
25
25
25
25
25
25
25
25
25
25
25
25
25
25
25
25
25
25
25
35
35
35
35
35
35
35
35
35
35
35
35
35
35
35
35
16
16
16
16
16
16
16
16
16
16
16
16
16
16
16
24
24
24
24
24
24
24
24
24
24
24
41
41
41
41
41
24
41
41
41
41
41
41
41
41
41
41
41
41
41
41
41
41
41
10
10
10
10
10
10
10
10
10
10
10
10
10
10
36
36
36
36
36
36
36
36
36
36
36
36
36
36
36
36
36
36
36
36
36
2
2
2
36
36
2
2
2
2
2
2
2
2
2
2
2
2
2
2
2
2
7
7
7
7
7
7
7
31
7
7
7
7
7
7
7
7
7
7
31
31
31
7
31
31
31
31
31
31
31
31
31
31
31
31
31
31
31
30
30
30
30
30
30
15
30
30
30
27
30
30
30
27
30
27
27
27
30
27
27
27
27
27
27
15
30
15
27
15
27
27
27
27
15
15
15
15
15
15
15
15
43
4
21
21
21
21
21
32
21
21
21
15
15
21
21
21
21
21
21
21
21
21
21
21
21
36
21
31
36
7
36
7
7
7
7
31
31
31
7
31
21
21
21
31
31
22
22
31
22
22
22
22
22
22
22
22
22
22
39
22
38
39
39
38
38
39
38
38
38
38
38
38
38
38
38
38
38
38
38
39
38
38
38
38
38
38
38
38
38
38
38
38
38
38
38
38
38
37
37
37
38
38
38
38
38
38
38
37
38
37
37
38
38
38
38
38
38
38
37
37
37
37
37
37
38
37
37
33
33
33
33
33
33
33
33
33
33
33
37
33
33
18
33
33
33
33
33
33
33
33
33
33
33
33
33
33
33
33
33
33
33
33
33
33
33
33
33
33
40
40
40
40
40
40
40
40
40
40
40
40
40
40
40
40
40
40
40
40
40
40
40
40
40
