34
2
34
8
8
8
8
8
3
8
8
8
8
3
3
3
3
3
8
8
6
3
13
8
8
8
8
8
8
8
8
8
8
8
8
8
8
8
8
8
8
8
3
3
3
8
3
3
8
8
3
3
8
3
3
3
3
3
3
3
3
3
3
3
3
3
3
3
3
3
3
3
8
3
3
3
3
3
8
3
8
3
3
3
3
3
8
3
8
8
8
8
8
8
8
8
8
8
8
13
13
13
0
6
6
0
6
0
6
6
6
6
0
9
9
0
9
9
17
9
9
9
9
9
9
9
17
9
9
9
9
9
9
9
9
9
9
9
17
17
9
17
17
17
9
17
17
17
17
17
17
17
17
17
17
17
17
4
4
4
4
4
4
4
4
6
4
4
5
5
9
0
0
9
9
9
9
9
9
9
9
0
0
0
0
0
0
0
0
0
0
0
0
0
13
9
0
9
0
9
0
9
9
9
9
9
9
5
5
9
9
5
5
9
17
5
5
5
5
40
5
40
5
12
14
12
23
4
12
12
12
1
12
12
12
21
12
1
2
6
13
28
13
29
13
29
13
40
29
1
1
12
1
29
13
1
1
29
29
29
1
29
1
1
29
29
29
29
1
29
29
29
29
29
29
29
29
29
29
29
29
29
29
26
26
14
29
14
14
14
29
14
23
14
14
14
14
14
14
14
14
14
14
14
14
14
14
14
14
14
14
14
14
11
14
12
14
11
14
12
1
11
12
21
11
11
12
21
12
12
14
33
12
12
14
33
29
29
14
29
12
29
14
26
28
40
12
29
29
40
14
14
29
40
14
14
14
14
14
14
14
14
14
14
14
14
14
14
14
14
14
14
14
14
12
14
14
14
12
12
40
40
12
21
12
40
12
12
33
12
12
12
12
25
25
25
25
25
25
25
25
25
25
25
25
25
25
25
35
35
35
35
35
35
35
35
35
35
21
21
21
25
25
25
25
35
35
35
35
16
16
16
16
16
16
16
16
16
16
16
16
16
16
16
16
16
16
16
16
16
16
16
16
16
16
24
24
24
24
24
24
24
24
24
41
41
41
41
41
41
41
10
10
24
16
16
16
16
16
16
16
16
16
24
24
24
24
24
16
10
16
16
10
10
10
10
41
10
16
16
41
41
41
41
41
41
41
41
41
41
10
10
10
10
10
10
41
16
16
16
16
16
16
16
16
24
16
16
41
41
41
16
16
41
16
41
41
41
41
41
41
41
41
24
24
16
16
16
24
24
24
16
16
16
16
16
16
16
16
41
41
10
10
41
10
10
10
10
10
41
41
1
35
21
12
36
36
6
36
36
34
36
36
34
34
36
36
36
36
30
30
30
30
30
30
36
30
30
7
7
7
2
2
2
2
2
2
7
2
7
7
7
7
7
7
7
7
7
7
7
7
7
7
7
31
31
31
31
30
31
31
31
31
31
31
30
31
31
31
31
30
31
31
31
30
30
31
31
30
30
31
31
30
30
27
30
30
30
30
30
30
30
30
30
30
30
30
30
30
30
27
30
30
30
27
27
30
27
27
27
27
27
27
27
27
27
27
27
27
27
27
15
27
27
15
15
27
27
15
21
15
15
15
15
15
15
15
21
21
21
21
6
21
21
21
21
21
21
21
21
21
21
21
21
21
21
22
21
21
21
21
21
21
21
21
22
22
22
22
22
22
22
22
22
22
39
39
39
39
39
39
39
39
39
39
39
39
39
39
39
39
39
39
39
39
39
39
39
39
39
38
38
37
38
38
38
37
37
37
37
37
37
37
37
37
37
37
37
37
37
37
37
37
37
37
37
37
37
37
37
37
37
37
33
33
33
33
33
33
33
33
33
33
33
33
33
40
33
40
40
40
40
40
40
40
40
40
40
40
40
40
40
40
40
40
40
40
40
40
40
