2
2
2
2
1
2
2
2
2
1
2
2
2
2
2
2
2
2
2
2
2
2
2
2
2
2
2
2
2
8
8
8
8
2
2
8
8
8
8
8
10
2
2
2
2
10
10
1
40
40
10
33
2
34
2
2
2
2
2
34
34
34
34
34
34
34
34
34
34
34
34
34
34
2
2
2
1
34
6
8
10
34
20
8
20
42
20
8
20
8
8
8
8
8
8
8
8
8
8
8
8
8
8
8
8
8
42
42
8
8
8
8
20
8
8
8
8
8
8
8
8
8
8
8
8
8
8
8
8
8
8
8
8
8
8
8
8
8
8
8
8
8
8
8
8
8
8
8
8
8
8
8
8
8
3
8
8
3
3
8
3
3
3
3
3
3
3
3
3
19
19
19
19
19
19
19
19
19
19
19
19
19
19
19
19
19
19
19
19
19
19
19
19
19
19
19
19
19
19
19
19
19
19
13
13
13
13
13
13
13
13
40
0
0
9
9
0
9
9
0
9
0
9
9
9
9
9
9
9
9
9
9
9
9
9
9
9
9
9
9
9
9
9
17
9
9
17
17
17
9
17
17
17
17
17
17
17
17
17
17
17
17
17
17
17
17
17
4
4
4
17
17
4
4
4
4
4
4
4
6
6
4
4
6
6
6
40
6
6
6
6
6
6
6
6
6
6
1
1
1
1
1
28
28
1
28
28
28
1
28
28
28
28
28
28
28
28
28
28
23
28
28
1
28
28
28
28
28
23
23
23
23
23
23
23
23
23
23
23
23
23
23
23
23
23
23
23
23
23
23
23
23
23
23
23
5
5
5
5
5
5
26
29
14
29
29
29
14
26
29
29
29
29
26
26
26
26
26
26
14
29
26
26
14
26
26
26
14
26
26
26
14
14
14
14
14
14
14
14
14
14
14
14
14
14
14
14
14
14
14
14
14
14
12
14
14
12
12
12
12
12
12
12
12
12
12
12
12
14
12
25
25
25
25
25
25
25
25
25
25
25
25
25
25
25
35
25
35
35
35
35
35
35
35
35
12
35
35
35
12
35
35
35
16
16
16
16
16
16
16
16
16
16
16
16
16
16
16
16
24
24
24
16
16
16
16
16
16
16
16
16
16
41
41
41
41
41
41
41
41
41
41
41
41
41
41
41
41
41
41
41
41
16
41
10
10
41
41
41
41
10
10
10
10
10
10
10
10
10
10
10
36
10
36
10
36
36
36
36
36
36
15
36
15
15
15
36
36
15
2
2
2
2
2
2
2
2
2
2
2
2
2
7
7
7
7
7
2
7
7
7
7
7
7
31
31
31
7
36
31
31
7
7
31
31
31
31
31
31
31
31
31
31
31
31
31
31
31
31
31
31
31
31
31
31
30
30
30
30
30
30
30
30
30
30
30
30
27
27
27
27
27
27
27
27
27
27
27
27
27
15
27
27
27
27
30
27
27
27
15
27
27
15
15
27
15
15
15
15
15
15
15
15
21
21
21
21
21
21
21
21
21
21
21
21
21
21
21
21
21
21
22
22
22
22
22
22
22
22
22
22
22
22
22
22
22
22
22
39
39
39
39
39
39
39
39
39
39
39
39
39
39
39
39
39
39
39
39
39
38
38
38
38
38
38
38
38
38
38
38
38
38
38
38
38
38
38
38
38
38
38
38
38
38
38
38
38
38
38
38
38
38
38
38
38
38
38
38
38
38
38
38
37
37
37
37
37
37
37
37
37
37
37
37
37
37
37
37
37
37
37
37
37
37
37
37
37
37
37
37
18
33
33
33
33
33
33
33
33
33
33
33
33
33
33
33
40
40
40
40
40
40
40
40
40
40
40
40
40
40
40
40
40
40
40
40
40
40
40
40
