20
13
13
13
20
35
35
25
25
34
34
34
34
34
34
34
20
20
13
20
20
8
20
20
8
20
20
6
6
20
6
8
6
6
6
20
20
20
8
6
6
8
8
8
8
8
8
3
3
3
8
8
8
3
8
8
3
3
3
3
3
3
3
3
3
3
3
3
3
3
3
3
3
3
3
3
3
3
3
19
19
19
3
19
19
19
19
19
19
19
19
19
19
19
3
3
3
19
19
19
19
19
19
19
19
19
19
19
19
13
13
13
13
13
0
0
0
0
0
0
6
6
17
9
0
9
9
9
9
9
9
9
9
9
9
9
9
9
9
9
9
9
9
9
9
9
9
9
9
9
9
9
9
9
9
9
9
9
17
17
17
17
17
4
4
4
4
4
4
4
4
4
4
4
4
4
4
4
4
4
4
4
4
4
4
6
6
4
6
6
1
6
6
6
6
6
6
6
6
6
6
6
1
1
1
1
1
1
1
1
1
1
1
1
1
1
1
1
1
1
1
28
28
1
1
28
28
1
28
28
28
1
28
28
28
1
28
28
28
1
23
28
28
28
28
28
23
28
23
23
23
23
23
23
23
23
23
23
5
5
5
5
5
28
29
29
29
29
29
29
29
29
29
29
29
29
29
29
29
29
29
29
29
29
29
29
29
29
29
29
29
29
29
29
29
29
29
29
29
29
29
29
29
26
29
29
29
29
29
29
29
29
29
14
29
29
29
29
29
26
29
26
26
26
26
12
26
12
12
14
29
29
25
25
25
25
25
25
25
25
25
25
25
25
25
25
25
25
25
25
25
25
25
25
35
35
25
25
25
35
35
35
35
35
35
35
35
35
35
16
16
10
10
10
10
16
16
16
16
16
16
16
16
16
16
16
16
16
16
16
24
24
24
16
24
24
16
16
24
16
41
41
41
41
41
41
41
41
41
10
24
41
41
41
41
24
24
41
41
41
41
41
41
41
41
41
41
41
41
41
41
41
41
41
41
41
41
41
41
41
41
10
10
10
10
10
10
10
10
10
10
10
36
36
36
36
36
36
36
36
36
36
36
36
36
36
36
2
2
2
2
36
2
2
2
2
2
2
2
2
2
36
2
2
2
2
2
2
2
2
2
2
2
2
2
7
7
7
7
7
7
7
7
7
7
7
7
7
7
7
7
7
7
7
31
31
31
31
31
31
31
7
7
31
31
31
31
31
31
31
31
30
30
30
30
30
30
30
30
30
30
30
30
30
30
30
27
27
27
27
27
27
27
27
27
27
27
27
27
27
27
27
27
27
27
27
27
27
15
27
27
15
15
15
27
15
15
15
15
15
15
15
21
21
21
21
21
15
36
30
30
21
21
21
40
40
21
21
21
21
22
22
22
22
22
22
22
21
22
22
22
22
22
22
22
22
22
22
22
21
22
22
22
22
39
22
22
39
39
39
39
39
39
39
39
39
39
39
39
39
39
39
39
39
39
39
39
39
39
39
39
39
39
39
39
39
39
39
39
39
39
39
39
39
39
38
38
38
38
38
38
38
38
38
38
38
38
38
38
38
38
38
38
38
38
38
38
38
38
38
38
38
37
37
37
37
37
37
37
37
37
37
37
37
37
37
37
37
37
37
37
37
37
37
37
37
37
37
37
33
33
33
33
33
33
33
33
33
33
33
33
40
40
40
33
40
40
40
40
40
40
40
40
40
40
40
40
40
40
40
40
40
40
40
40
40
40
40
