20
20
34
34
20
34
34
34
34
34
34
34
34
34
34
34
34
20
34
20
6
20
8
8
8
8
6
3
13
8
3
6
13
3
3
3
3
13
8
40
8
13
3
8
3
19
19
3
3
3
0
3
8
40
40
3
8
8
8
40
40
8
40
40
40
8
8
3
40
8
8
3
8
8
3
3
3
3
3
3
3
3
3
3
3
3
3
3
3
3
3
3
3
3
3
3
3
3
3
19
19
3
13
13
13
8
13
0
0
0
0
0
0
0
0
0
0
0
9
0
9
9
9
9
0
9
9
9
9
9
9
9
9
9
9
9
9
9
9
9
9
9
9
9
9
9
9
9
9
9
17
9
9
17
17
17
17
17
17
17
17
17
17
17
17
17
17
17
4
4
4
4
4
4
4
4
4
4
4
4
4
4
4
6
6
6
4
4
4
6
6
6
6
6
6
6
6
6
6
6
6
6
1
1
1
1
1
1
1
1
1
1
1
1
1
1
1
1
1
1
1
1
1
1
1
1
1
1
23
1
1
23
23
28
23
23
23
23
23
23
23
23
23
23
23
23
23
23
23
23
23
23
23
23
23
23
5
13
5
5
5
13
5
5
29
5
0
5
29
29
29
29
29
29
29
29
29
29
29
29
29
29
29
29
29
29
29
29
29
29
29
29
29
29
29
29
29
29
29
29
29
29
29
29
14
14
14
29
14
14
14
14
14
14
14
14
14
14
14
14
14
14
14
12
12
12
12
12
12
29
29
29
12
26
29
29
29
29
29
29
29
26
29
29
29
26
29
26
26
26
26
26
29
26
26
26
26
26
26
26
26
26
26
26
26
14
26
14
14
14
26
12
14
14
12
14
14
14
12
12
12
14
12
12
12
12
12
12
12
12
12
12
12
12
12
12
12
25
25
25
25
25
25
25
25
25
25
25
25
25
25
25
25
25
25
25
25
25
25
25
25
25
25
25
25
25
35
35
35
35
35
35
35
35
35
35
35
35
35
35
35
35
16
16
35
16
16
16
16
16
16
24
16
16
16
16
16
16
16
16
16
24
24
24
16
24
24
24
24
24
24
24
24
24
24
24
24
24
24
24
24
24
24
24
24
24
24
41
41
41
41
41
41
41
41
41
41
41
41
41
41
41
41
41
41
41
41
41
10
10
10
10
10
10
10
10
10
10
10
36
36
36
10
10
36
36
36
36
36
36
36
36
36
2
2
2
2
2
2
2
2
2
2
2
2
2
2
2
7
7
7
7
7
7
7
7
7
7
7
7
7
7
7
7
7
7
7
7
7
31
7
31
31
31
31
31
31
31
31
31
31
31
31
31
31
31
31
31
31
30
30
30
30
30
30
30
30
30
30
30
30
30
27
30
27
27
30
30
30
30
30
30
27
27
27
27
27
27
27
27
27
27
27
27
15
27
27
27
27
27
27
15
15
15
15
15
15
15
15
21
21
21
21
21
21
21
21
21
21
21
21
21
21
21
22
22
22
21
21
22
21
21
21
22
22
21
21
21
22
21
21
22
22
22
22
22
39
39
39
39
39
39
39
39
39
39
39
39
39
39
39
39
39
39
39
39
39
39
39
38
38
38
38
38
38
38
38
38
38
38
38
38
38
38
38
38
38
38
38
38
38
38
38
38
38
38
38
38
38
38
38
38
38
38
38
38
38
37
38
37
38
38
38
38
38
38
38
38
37
38
37
38
37
38
38
38
37
37
37
37
37
37
38
38
37
37
37
33
33
37
37
37
37
37
37
37
37
37
37
37
18
37
37
37
18
37
37
37
18
37
18
33
33
33
33
33
33
33
33
33
33
33
33
40
40
33
40
40
40
40
40
40
40
40
40
40
40
40
40
40
40
40
40
40
40
40
40
40
40
40
40
