2
2
2
2
2
2
2
2
2
2
2
2
2
34
34
13
10
10
34
34
1
1
6
1
1
1
6
1
2
1
6
6
6
6
6
6
6
6
6
6
6
6
6
6
1
6
1
6
6
6
6
6
6
2
2
2
2
2
2
2
2
2
2
2
2
1
2
34
1
20
20
20
42
8
8
20
8
6
6
6
42
42
42
42
42
42
42
42
42
42
42
42
8
20
20
20
20
20
6
8
8
8
6
8
8
8
8
8
8
8
8
3
3
8
8
3
8
8
6
8
8
8
8
8
6
8
8
8
13
8
8
8
6
8
6
8
8
6
8
8
8
8
8
8
8
13
3
13
13
13
13
13
13
13
13
1
13
13
13
1
13
13
13
1
13
13
13
13
13
13
13
13
13
13
13
23
5
5
23
23
5
5
5
5
5
23
5
28
23
19
19
5
5
5
5
5
5
19
5
5
5
5
5
5
5
5
0
13
0
0
0
0
9
9
9
9
9
9
17
9
9
9
9
9
9
9
9
9
9
9
17
9
9
17
9
9
9
17
17
9
9
17
17
17
9
17
17
17
17
17
17
17
17
17
17
17
17
17
17
17
17
17
17
17
17
17
4
4
4
4
4
4
4
4
13
4
13
4
21
6
6
6
6
6
8
6
6
6
6
6
6
6
1
1
1
1
1
1
1
1
1
1
1
1
1
1
1
1
1
1
1
1
1
1
1
1
28
28
28
23
23
28
28
23
23
23
28
28
40
23
23
23
40
23
23
23
23
28
23
23
23
40
23
23
23
23
23
23
19
23
23
23
23
5
5
5
5
5
28
29
29
14
26
26
29
26
26
29
29
29
26
26
26
26
26
26
26
26
26
26
26
26
26
14
14
14
14
26
26
14
14
14
14
14
14
14
14
14
14
14
14
14
14
14
14
14
14
14
14
14
14
14
14
14
12
12
14
12
12
12
12
12
12
12
12
12
12
12
25
25
25
25
25
25
25
25
25
25
25
25
25
25
25
25
25
25
25
25
35
25
35
35
35
35
35
35
21
35
35
25
25
35
16
16
16
16
16
16
16
16
16
16
16
16
16
16
24
24
24
24
24
24
24
24
24
24
24
24
24
24
24
24
24
24
24
41
41
41
41
41
41
41
41
41
41
41
41
41
41
41
41
41
41
41
41
10
10
10
10
10
10
10
22
22
22
22
7
36
36
22
36
36
36
36
36
36
36
36
36
36
36
36
36
36
36
36
36
36
36
36
36
36
36
36
36
36
36
36
36
36
36
36
36
36
36
36
36
36
2
2
7
7
2
2
7
7
7
7
7
7
7
7
7
7
7
7
7
7
7
7
7
7
7
7
7
7
7
7
31
7
7
7
7
31
31
31
31
31
31
31
31
31
31
31
31
31
31
31
31
31
31
31
31
31
31
31
31
30
30
30
30
30
30
30
30
30
30
30
30
30
30
27
27
27
27
27
27
27
27
27
27
27
27
27
27
27
15
15
27
15
15
27
15
15
15
15
15
15
15
15
15
42
21
15
15
15
15
15
21
21
21
21
21
21
21
21
21
21
21
21
22
22
22
22
22
22
22
22
22
22
39
22
22
39
39
39
39
39
39
39
39
39
39
38
39
39
39
39
38
38
38
38
38
38
38
38
38
38
38
38
38
38
38
38
38
38
38
37
38
38
38
38
38
38
38
38
38
38
37
38
38
38
38
38
38
38
38
38
38
38
38
38
38
37
38
38
38
37
37
37
37
37
37
37
37
18
33
33
33
18
33
18
37
37
37
33
33
18
33
18
18
18
18
18
33
18
33
33
33
33
33
33
33
33
33
33
33
33
33
33
33
33
33
33
40
40
40
40
40
40
40
40
40
40
40
40
40
40
40
40
40
40
40
40
40
40
40
40
40
