2
2
2
2
2
2
2
1
2
2
2
2
2
2
2
2
2
2
2
2
2
2
2
2
2
2
6
2
2
2
2
2
2
2
2
2
2
2
2
2
1
1
1
6
6
6
6
2
6
2
2
6
2
2
1
6
1
2
6
2
2
2
2
6
6
1
1
1
2
2
2
1
2
6
6
1
2
6
2
2
2
2
2
2
2
2
1
2
2
1
1
1
2
1
1
13
1
1
13
13
13
13
13
1
6
13
10
10
6
6
1
6
6
6
6
8
20
1
2
40
8
42
20
20
20
8
20
20
42
8
42
42
42
42
42
42
42
42
20
42
8
8
8
8
8
8
8
8
3
8
8
8
8
8
6
42
8
8
8
20
6
8
40
13
1
8
8
8
40
8
40
8
1
8
8
8
8
8
8
8
8
8
8
8
8
8
3
3
3
8
8
8
3
8
8
3
3
3
3
3
3
3
3
3
3
3
3
3
3
3
19
3
3
3
3
19
19
3
3
3
19
3
19
19
19
3
19
3
19
19
19
19
19
19
19
19
19
19
19
19
13
13
13
13
13
0
9
13
13
0
0
0
0
9
0
9
9
9
9
9
9
9
9
9
9
9
9
9
9
9
9
9
9
9
9
9
9
9
9
9
9
9
9
9
9
9
17
9
17
17
17
17
17
17
17
17
17
17
17
17
17
17
17
17
4
17
17
4
17
17
4
4
4
4
4
4
4
4
4
4
4
4
6
6
4
6
6
6
6
6
6
6
6
6
6
1
1
1
1
1
1
1
1
1
1
1
1
1
1
1
1
1
28
1
28
28
28
28
28
28
23
28
28
28
23
23
23
23
23
23
23
23
23
23
23
23
23
23
23
23
23
23
23
23
23
23
23
23
5
23
5
23
5
23
5
5
5
5
5
5
5
29
29
29
29
29
29
29
29
29
29
29
29
29
29
14
26
29
29
26
29
29
26
26
26
26
26
26
26
26
26
26
26
26
26
26
26
14
14
14
14
14
14
14
14
26
14
14
14
14
14
14
14
14
14
14
14
14
14
14
14
14
12
12
12
12
12
12
12
25
25
25
25
25
25
25
25
25
25
25
25
25
25
25
25
25
25
25
25
25
25
25
25
25
25
35
25
25
35
35
35
35
35
35
35
35
35
35
35
35
35
35
16
16
16
16
16
16
16
16
16
16
16
16
16
16
24
24
24
24
24
24
24
24
24
24
24
24
24
24
41
41
41
41
41
41
41
41
41
41
41
41
41
41
41
41
41
41
41
41
41
41
41
41
41
24
24
41
41
41
41
41
41
41
41
41
41
41
41
41
10
10
10
41
10
10
10
10
10
10
10
10
10
10
10
10
10
36
36
36
36
36
36
36
36
36
36
36
31
30
30
30
30
30
30
30
30
30
7
7
7
7
2
2
2
7
2
2
2
2
2
2
2
7
7
7
7
7
7
7
7
7
7
7
7
31
31
7
7
31
31
31
31
31
31
31
31
31
31
31
31
31
31
31
31
31
31
31
31
31
31
31
31
31
31
31
31
30
30
30
30
30
30
30
30
30
30
30
30
30
30
30
30
30
27
27
27
30
30
27
27
27
27
27
27
27
27
27
27
27
27
27
27
27
27
27
27
27
27
27
27
15
27
15
15
15
15
15
15
15
21
21
21
21
21
21
21
21
21
21
21
21
21
21
21
21
21
21
21
21
21
21
21
21
21
21
21
21
21
21
21
21
21
21
21
22
22
22
22
22
22
22
22
22
22
22
22
22
22
22
22
39
39
39
39
39
39
39
39
39
39
39
39
39
39
39
22
22
22
22
21
21
22
33
21
21
22
21
21
21
22
22
21
21
22
21
22
22
22
22
22
22
22
22
22
22
22
22
22
22
39
39
22
39
39
39
39
39
39
39
39
39
39
39
39
39
39
39
38
38
39
39
38
39
39
39
39
39
39
39
39
39
39
39
39
39
39
39
39
39
38
39
39
39
39
39
38
38
38
38
38
38
38
38
38
38
38
38
38
38
38
38
38
38
38
38
37
37
37
37
37
37
37
37
37
37
37
37
37
37
37
37
37
37
37
37
37
37
37
37
37
37
37
37
37
37
33
18
33
33
33
33
33
33
33
33
33
33
33
33
40
40
40
40
33
40
40
40
40
40
40
40
40
40
40
40
40
40
40
40
40
40
40
40
40
