2
2
2
2
2
2
2
2
2
2
2
2
2
2
2
2
2
2
2
2
2
2
2
2
2
2
2
2
2
2
2
2
2
2
2
2
2
2
2
2
2
34
2
34
2
20
2
34
2
20
20
42
20
20
42
20
20
20
20
20
20
20
8
8
42
42
42
42
42
42
20
4
4
6
6
6
8
8
8
8
8
8
6
8
8
3
8
8
8
3
8
8
8
3
3
3
3
3
3
3
3
3
3
3
3
3
3
3
3
3
3
3
3
3
3
3
3
3
3
3
3
19
19
19
3
19
19
19
19
19
19
19
19
19
19
19
19
19
19
19
19
19
19
19
13
13
13
6
13
13
6
6
6
0
6
6
6
6
6
6
6
6
6
6
6
0
0
0
9
0
0
0
0
0
0
0
9
9
0
0
0
0
0
9
9
9
0
9
9
9
0
9
9
9
9
9
9
17
9
9
9
17
9
9
9
17
9
17
17
17
17
17
17
17
17
17
17
17
17
4
9
5
5
5
5
4
13
4
4
5
13
13
13
13
13
13
5
13
5
5
5
5
5
5
5
5
14
5
29
5
5
5
29
26
14
26
12
14
14
14
14
14
14
26
14
14
14
14
14
14
14
14
14
14
14
14
14
14
14
5
5
1
1
1
1
1
1
1
1
1
1
1
1
1
1
1
1
1
1
1
1
1
1
1
1
1
1
28
28
28
28
28
28
28
23
23
23
23
23
23
23
28
23
28
23
23
23
23
23
23
23
23
23
23
23
23
23
5
5
23
5
5
23
23
5
5
5
5
5
5
29
29
29
29
29
29
29
29
29
29
29
29
29
29
29
29
29
29
29
29
14
29
29
29
14
26
14
14
14
26
14
14
14
14
14
14
14
14
14
14
14
14
14
14
14
14
14
14
14
14
14
14
14
14
14
14
14
14
12
14
14
12
12
12
12
12
12
12
12
35
35
25
25
25
25
25
25
25
25
25
25
25
25
25
25
25
25
25
25
25
35
25
25
25
35
35
35
35
35
35
35
35
25
25
25
35
16
16
16
16
16
16
16
16
16
16
16
16
16
16
16
16
16
16
24
24
24
24
10
24
24
24
24
24
24
24
24
24
24
24
24
24
41
41
41
41
41
41
41
41
41
41
41
41
41
41
41
41
41
41
41
41
24
10
35
35
10
10
10
10
10
10
10
10
10
10
10
10
10
10
10
10
36
10
36
36
36
36
36
36
36
36
36
2
2
2
2
2
2
2
2
2
2
2
2
2
2
2
2
7
7
7
7
7
7
7
7
7
7
7
7
36
7
7
7
7
31
7
31
31
31
31
31
31
31
31
31
31
31
31
31
31
31
31
31
31
30
27
30
30
30
27
30
30
30
27
30
30
30
27
30
30
30
21
30
30
30
21
30
30
30
30
30
30
30
27
30
27
30
27
30
27
27
27
27
27
27
15
27
27
27
27
27
27
27
27
15
15
15
21
15
15
15
21
21
21
15
21
21
21
21
21
21
21
21
21
21
21
21
21
21
21
22
22
22
22
22
22
22
22
22
22
22
22
22
22
22
39
39
39
39
39
39
39
39
39
39
39
39
39
39
39
39
39
39
39
39
39
39
39
39
38
38
38
38
38
38
38
38
38
38
38
38
38
38
38
38
38
38
38
37
38
38
38
38
38
38
38
38
38
38
38
38
38
38
38
38
38
38
38
38
38
38
38
38
38
38
38
38
38
38
38
38
38
38
38
38
38
38
38
38
37
37
38
37
38
38
37
37
37
33
33
33
33
33
33
33
18
33
33
33
33
33
33
33
33
33
33
33
33
33
33
33
33
33
33
33
33
33
33
33
33
33
33
33
33
40
33
40
40
40
40
40
40
40
40
40
40
40
40
40
40
40
40
40
40
40
40
40
40
40
40
40
