2
2
2
2
34
34
34
34
6
34
34
34
20
8
34
34
20
34
20
32
2
6
20
8
8
8
8
8
6
8
1
34
6
1
1
6
6
8
6
6
8
8
6
6
8
6
8
8
8
42
42
8
8
8
8
8
8
8
8
8
8
8
8
8
8
8
8
8
8
8
8
8
8
8
8
8
8
8
8
8
8
8
8
8
8
8
8
8
8
8
8
8
8
8
8
8
8
8
8
8
8
8
8
8
8
8
3
8
3
3
3
3
3
3
3
3
3
3
3
3
3
3
3
3
3
3
3
3
19
19
3
19
3
3
19
19
19
3
3
8
13
6
13
13
13
6
6
0
0
6
40
40
9
40
0
0
0
0
9
0
9
9
9
9
9
9
9
9
9
9
9
9
9
9
9
9
9
9
9
9
9
9
9
17
9
9
9
17
40
4
4
4
4
4
4
4
4
4
4
4
4
4
4
4
4
4
4
4
4
4
4
4
4
4
4
4
4
4
4
4
21
6
40
40
13
6
6
6
6
40
1
1
23
1
23
23
5
23
1
1
23
28
28
23
23
23
23
23
23
23
23
23
23
23
23
23
23
23
23
23
23
23
23
23
23
23
23
23
23
23
5
23
23
5
5
23
23
5
5
23
23
5
5
23
23
5
5
23
23
23
5
23
5
23
1
29
29
29
29
29
29
29
29
29
29
29
29
29
29
29
29
29
29
29
29
29
29
29
29
29
29
29
29
29
29
29
29
26
29
14
26
14
14
14
14
14
29
14
14
14
29
14
14
14
14
14
14
14
14
12
14
14
14
14
14
14
29
12
12
12
26
26
12
12
12
12
25
25
25
25
25
25
25
25
25
25
25
25
25
25
35
35
35
35
35
35
35
35
35
35
35
13
12
32
1
35
35
35
16
16
16
16
16
16
16
16
16
16
16
16
16
16
24
24
24
24
24
24
24
24
24
24
24
24
24
24
24
16
24
24
24
24
24
24
24
41
41
41
41
41
41
41
41
41
41
41
41
41
41
41
10
41
41
24
24
10
24
24
24
24
24
24
24
24
24
41
41
24
41
41
41
41
41
41
10
10
10
10
10
10
10
10
10
10
10
10
10
10
10
10
10
10
36
36
36
36
36
36
36
36
36
36
36
36
36
36
36
2
2
2
2
2
2
7
2
2
2
2
7
7
7
7
7
7
7
7
7
7
7
7
7
7
7
7
7
7
7
7
31
31
31
31
31
31
31
31
31
31
31
31
31
31
31
31
31
31
31
31
31
31
31
31
30
30
30
30
30
30
30
30
30
30
30
30
30
30
30
27
27
27
30
27
27
27
27
27
27
27
27
27
27
27
27
27
27
27
27
27
27
27
27
27
27
27
27
15
27
15
15
15
15
15
15
15
21
21
21
21
21
21
21
21
21
21
21
21
22
22
22
22
39
22
22
22
22
39
39
39
22
39
39
39
39
39
39
39
38
38
38
38
38
38
38
38
38
38
38
38
38
38
38
38
38
38
38
38
38
38
38
38
38
38
38
38
38
38
38
38
38
38
38
38
38
38
37
37
38
37
37
37
37
37
37
37
37
37
37
37
37
37
37
37
33
33
33
33
33
37
33
33
33
18
18
33
18
33
33
33
33
33
33
33
33
33
33
33
33
33
33
33
33
40
40
40
40
40
40
40
40
40
40
40
40
40
40
40
40
40
40
40
40
40
40
40
40
40
