2
2
2
2
2
2
2
2
2
2
2
2
2
2
2
2
34
34
34
2
2
34
2
34
34
34
34
1
6
32
20
20
20
20
8
20
1
1
8
20
20
20
34
34
34
34
34
20
34
34
34
20
20
20
20
20
20
20
20
20
20
20
20
42
42
42
42
42
42
42
8
42
42
42
8
8
8
8
8
8
8
8
8
8
8
8
8
8
3
8
8
8
8
8
8
8
8
8
8
8
8
8
8
8
8
8
8
8
8
8
8
8
3
8
8
8
3
8
3
8
3
3
8
8
3
8
3
3
3
3
13
13
13
13
0
13
13
6
13
6
6
6
6
6
6
6
0
6
6
6
6
1
6
0
6
0
13
9
0
9
9
9
0
9
9
9
9
9
9
9
9
9
9
9
9
9
9
9
9
9
9
9
9
9
9
9
17
9
9
17
17
9
9
17
17
17
17
17
1
17
9
17
17
17
17
17
4
17
17
17
4
17
17
17
4
4
4
17
4
4
6
5
5
13
5
5
23
5
5
5
5
5
5
5
5
5
5
28
5
1
5
5
23
5
5
5
23
23
5
5
23
23
5
5
23
23
5
5
23
23
5
5
23
23
5
5
5
40
5
5
5
5
5
14
14
14
14
14
14
12
12
12
14
12
12
12
12
12
12
12
12
1
1
12
29
6
1
1
14
1
12
12
12
12
12
12
14
12
12
12
12
12
12
12
14
12
12
12
14
12
12
12
14
12
12
12
12
12
12
12
14
12
12
12
12
12
12
12
12
12
12
12
14
12
12
12
14
12
12
12
12
12
12
12
12
12
12
12
12
12
12
12
12
12
12
12
12
12
12
12
12
12
12
12
12
12
12
25
25
25
25
25
25
25
25
25
25
25
25
25
25
25
25
25
35
35
35
35
35
35
35
35
35
35
35
35
35
35
35
35
35
35
10
10
10
16
16
16
16
16
16
16
16
16
16
16
16
16
16
16
16
16
16
24
24
24
16
24
24
24
24
24
24
24
16
16
24
24
41
41
41
41
41
41
41
41
41
41
41
41
41
41
10
10
10
10
10
10
41
41
41
24
24
24
24
24
24
24
24
10
10
10
10
10
10
24
10
10
10
24
24
24
24
24
24
10
10
10
10
10
36
36
36
36
36
36
36
36
36
36
36
36
36
36
36
36
36
36
36
36
36
36
30
36
36
2
2
2
2
2
2
2
2
2
2
2
2
7
7
7
7
7
7
7
7
7
7
7
7
7
31
7
31
31
31
7
31
31
31
31
31
31
31
31
31
31
31
31
31
31
31
31
31
31
31
31
31
31
31
30
30
30
30
30
30
30
30
30
30
30
30
30
30
30
27
30
30
30
30
30
27
30
27
30
30
30
27
30
30
30
27
19
19
19
27
19
27
19
19
19
19
19
27
19
19
19
19
19
19
27
15
27
4
15
15
15
15
15
6
15
15
36
40
15
15
15
15
21
21
21
21
21
21
21
21
21
21
21
21
21
21
21
21
21
21
21
22
39
39
21
39
21
39
21
39
21
21
22
21
21
22
22
22
22
22
22
22
22
22
22
22
22
22
22
22
39
39
39
39
39
39
39
39
39
39
39
39
39
39
39
39
39
39
39
39
39
39
38
38
38
38
38
38
38
38
38
38
38
38
38
38
38
38
38
38
38
38
37
37
38
37
37
37
37
37
37
37
37
37
37
37
37
37
37
37
37
37
37
37
37
37
37
37
37
37
37
37
37
33
37
33
33
33
33
33
33
33
33
33
33
33
33
33
33
33
33
40
33
40
40
40
40
40
40
40
40
40
40
40
40
40
40
40
40
40
40
40
40
40
