3
8
4
4
8
4
8
8
8
0
4
6
20
20
20
20
20
34
20
34
34
20
34
20
20
20
34
6
34
34
34
20
20
20
34
20
20
20
20
20
20
20
20
20
20
8
20
20
20
6
34
20
6
6
6
6
6
8
6
13
6
19
23
3
23
23
23
19
3
3
19
27
19
19
17
3
19
19
5
3
3
3
20
3
21
3
3
19
19
19
19
3
13
13
13
13
13
19
19
19
19
19
19
19
19
19
19
19
19
6
4
4
6
6
4
6
6
0
6
6
6
6
10
6
6
6
4
4
4
6
6
6
6
6
6
6
6
6
6
6
6
6
1
1
1
6
6
6
1
6
1
1
1
1
26
1
1
6
1
4
4
6
6
1
6
1
1
6
5
1
1
1
23
1
1
5
29
5
5
5
5
5
5
14
14
5
5
5
5
5
5
5
5
5
5
5
14
5
5
5
5
5
5
5
5
5
5
5
5
29
14
14
14
29
5
5
14
5
5
5
14
5
5
5
14
29
5
5
14
29
5
5
14
5
14
14
14
8
5
5
12
8
13
12
12
1
6
4
1
1
1
5
29
13
40
40
13
13
13
9
1
13
13
17
1
13
13
17
1
13
13
17
1
13
13
9
23
13
9
17
17
9
9
17
17
9
9
17
17
9
13
17
17
9
9
17
17
9
9
17
17
9
9
17
17
9
9
17
17
9
13
17
17
17
9
17
9
0
9
40
0
0
0
9
13
13
13
0
12
0
12
12
14
0
14
0
14
12
14
0
14
12
14
0
14
12
12
12
14
12
12
12
14
12
12
12
14
12
12
12
14
12
12
12
14
12
12
12
12
12
12
12
12
12
12
12
12
12
12
12
12
12
12
12
12
12
12
12
12
4
12
4
12
12
9
12
12
9
9
12
12
17
12
12
14
12
21
12
12
12
12
12
12
12
12
12
17
28
40
6
21
40
40
1
1
28
23
28
23
40
23
23
23
23
23
23
23
23
23
23
23
19
23
23
23
40
23
23
40
40
23
40
40
40
23
40
40
40
40
40
40
25
25
25
25
25
25
25
25
25
25
25
25
25
25
25
25
25
25
25
25
25
25
25
25
25
25
25
25
25
25
35
35
35
35
35
35
35
35
35
35
35
35
35
40
40
35
35
35
16
16
16
16
16
16
16
16
16
16
16
16
16
16
24
24
24
24
24
16
24
10
24
41
41
41
41
41
41
41
41
41
41
41
41
41
41
41
41
41
41
41
41
41
41
41
41
41
24
34
34
34
34
36
36
10
36
10
36
36
36
36
36
36
36
36
36
36
36
36
36
2
2
2
2
2
2
2
2
2
2
2
2
2
2
2
2
2
2
7
7
7
7
7
7
7
7
7
7
31
7
7
7
7
7
31
7
7
7
31
31
31
31
31
31
31
31
31
31
31
31
31
31
31
31
31
31
31
31
31
30
31
31
31
31
31
31
31
31
31
31
31
31
31
31
31
31
31
31
31
30
31
31
31
30
31
31
30
30
30
30
19
30
30
30
19
27
30
30
30
30
30
15
15
15
15
15
15
21
21
34
21
39
21
36
36
39
36
39
34
36
36
21
36
36
21
21
21
21
21
21
21
21
21
21
21
21
21
21
21
21
21
21
21
21
21
21
39
21
21
21
21
21
21
21
21
21
22
22
21
22
22
22
22
22
22
22
22
22
22
22
22
22
22
22
22
22
22
39
39
39
39
39
39
39
39
39
39
39
39
39
39
39
39
39
39
39
39
39
39
39
39
39
39
38
38
38
39
38
38
39
39
39
39
38
38
38
38
38
38
38
37
38
37
37
37
37
37
37
37
37
37
37
37
37
37
18
37
37
37
18
37
37
37
18
18
18
37
18
33
18
33
33
33
33
33
33
33
33
33
33
33
33
33
33
33
33
33
33
40
40
40
40
40
40
40
40
40
40
40
40
40
40
40
40
40
40
40
40
40
