34
34
34
34
34
1
34
1
20
10
20
20
42
42
20
20
6
42
20
42
42
42
8
8
20
6
6
42
42
8
8
42
8
8
8
8
8
8
8
8
8
8
8
8
8
8
3
3
3
8
3
3
3
3
3
3
3
3
3
3
3
3
3
3
3
3
3
3
3
3
3
3
3
3
3
3
3
3
3
3
3
3
3
3
3
3
3
3
13
13
13
13
13
13
6
6
6
0
0
0
9
0
0
0
0
0
0
0
0
9
9
9
9
9
9
9
9
9
9
9
9
9
9
9
9
9
9
9
9
9
9
9
9
9
9
9
9
9
9
17
9
9
17
17
17
17
17
17
17
17
17
17
17
17
17
4
17
17
4
4
4
4
4
4
4
4
4
4
4
4
4
6
6
6
6
6
6
6
6
6
6
6
1
1
6
1
1
1
1
1
1
1
1
5
1
1
1
1
1
1
1
1
1
1
1
1
1
1
23
28
28
28
23
23
23
23
23
23
23
23
23
23
23
23
23
23
23
23
23
23
23
23
23
5
5
5
5
5
5
5
5
5
5
5
5
5
5
5
5
5
5
14
29
29
14
14
29
29
14
14
14
14
14
14
14
14
14
14
14
29
14
14
14
29
14
14
14
29
14
14
14
14
14
14
14
14
14
14
14
14
14
14
14
14
14
14
14
14
14
14
14
14
14
14
14
14
14
14
14
14
14
14
12
12
12
14
12
12
12
12
12
25
25
25
25
25
25
25
25
25
25
25
25
25
25
25
25
25
25
25
25
25
25
35
25
35
35
35
35
35
35
35
35
35
12
12
12
35
25
25
35
16
16
16
16
16
16
16
16
16
16
16
16
16
16
16
16
16
16
16
16
16
16
16
24
24
16
24
24
24
24
16
24
24
24
24
24
24
24
24
24
24
24
24
24
24
24
24
24
24
24
41
41
41
41
41
41
41
41
41
41
41
41
41
41
41
41
41
41
41
41
41
41
10
10
14
35
35
10
10
10
10
10
10
10
10
10
10
10
10
36
10
36
36
36
36
36
36
36
36
36
36
36
36
36
36
36
36
7
2
7
2
2
2
2
2
2
2
2
2
2
2
2
7
7
7
7
7
7
7
7
7
7
7
7
7
7
7
31
7
7
7
7
7
7
7
7
31
31
31
31
31
31
31
31
31
31
31
31
31
31
31
31
31
31
31
31
30
30
30
30
30
30
30
30
30
30
30
30
30
30
27
30
27
30
27
30
27
27
27
27
27
27
27
27
27
27
27
27
27
27
27
27
27
27
27
27
27
27
27
27
15
15
15
27
15
15
15
15
15
15
21
30
21
21
21
21
21
21
21
21
21
21
21
21
22
21
21
22
22
21
22
21
21
21
21
21
21
21
21
21
21
21
21
21
21
21
21
21
21
21
21
36
36
36
21
21
21
36
21
21
21
40
21
21
21
36
21
21
22
7
35
7
7
7
31
35
7
7
10
36
22
7
7
22
7
7
22
22
22
22
22
22
22
22
21
32
21
21
22
21
21
21
22
22
21
21
22
22
22
22
22
22
22
22
22
22
22
39
22
39
38
38
39
39
39
39
39
39
39
39
39
39
40
21
39
22
21
39
39
39
39
39
39
39
39
39
39
39
39
39
39
39
39
39
39
39
39
39
39
39
39
39
39
38
38
38
38
38
38
37
38
38
38
38
38
38
38
38
38
38
38
38
38
38
38
38
38
37
38
43
38
38
37
38
38
38
38
38
38
38
38
38
38
38
38
38
38
38
38
38
40
37
37
37
37
33
33
33
33
33
37
37
37
33
33
33
33
33
37
33
33
33
37
33
33
33
33
33
33
33
40
33
40
33
33
33
33
33
33
33
40
40
40
40
40
40
40
40
40
40
40
40
40
40
40
40
40
40
40
40
40
40
40
40
40
40
40
