34
1
34
8
42
42
8
6
42
42
8
8
1
1
6
8
6
1
8
8
8
13
3
8
8
8
8
8
8
8
8
8
8
8
8
3
3
8
3
3
8
8
3
3
3
8
3
3
8
8
3
3
3
3
3
3
3
3
3
3
3
3
3
3
3
3
3
3
3
3
3
3
3
3
13
13
13
13
13
6
8
13
0
0
13
0
0
0
0
0
0
0
0
0
0
0
0
0
0
0
0
9
9
0
9
9
9
9
9
9
9
9
9
9
9
9
9
9
9
9
9
17
9
17
9
17
17
17
17
17
17
17
17
4
17
4
4
4
4
4
4
4
4
4
4
4
4
4
4
4
6
6
6
6
6
4
6
6
6
6
6
8
8
6
6
6
6
6
6
13
13
6
1
1
1
1
1
1
1
1
1
1
1
1
1
1
1
1
1
1
1
1
1
1
1
1
1
1
1
1
1
1
28
28
1
1
1
23
28
1
40
23
23
1
28
23
40
28
23
23
40
5
40
5
5
5
5
5
5
5
5
5
5
14
5
29
5
14
5
5
5
5
14
14
14
5
14
14
14
14
14
14
14
14
14
14
14
14
14
14
14
14
14
14
14
14
14
14
14
14
14
14
14
14
14
14
14
14
14
14
14
14
14
14
14
14
14
14
14
14
14
14
14
14
12
12
14
14
14
12
14
14
14
14
25
25
25
25
25
25
25
25
25
25
25
25
25
25
25
25
25
25
25
35
35
35
35
35
35
35
35
35
1
1
40
40
35
16
16
16
16
16
16
16
16
16
16
16
16
16
16
24
16
24
24
24
24
24
24
24
24
24
24
24
24
24
24
24
24
41
24
24
24
24
24
24
24
24
24
24
41
41
41
41
41
41
41
41
41
41
41
41
41
41
41
41
41
41
24
24
24
24
10
24
24
24
24
24
24
24
24
24
24
24
24
41
10
41
24
24
24
24
10
10
24
40
40
10
10
10
10
10
10
36
36
36
36
36
36
36
36
36
36
36
36
36
36
2
2
2
2
2
7
2
7
2
2
2
2
2
2
2
7
7
7
7
7
7
7
7
7
7
7
7
7
7
7
7
31
31
31
31
31
31
31
31
31
31
31
31
31
31
31
31
31
31
31
31
31
31
31
31
31
27
30
27
30
30
30
30
30
30
30
30
30
30
27
27
27
27
27
27
27
27
27
27
27
27
27
27
27
27
27
27
27
27
27
27
27
27
27
15
27
15
15
15
27
15
15
15
15
15
15
15
15
21
21
21
21
21
21
21
21
21
21
21
21
22
22
21
22
22
22
22
22
22
22
22
22
21
22
22
22
22
22
22
22
22
22
22
22
22
39
39
39
39
39
39
39
39
39
39
39
39
39
39
39
39
39
39
39
39
39
38
38
38
38
38
38
38
38
38
38
38
38
38
38
38
38
38
38
38
38
38
38
38
38
38
38
38
38
38
38
38
38
38
38
38
38
38
38
38
38
37
37
38
38
37
37
37
37
37
37
37
37
37
37
37
37
37
37
37
37
37
33
37
37
37
18
37
37
37
33
33
18
33
33
33
33
33
33
33
33
33
33
33
33
40
40
40
40
40
40
40
40
40
40
40
40
40
40
40
40
40
40
40
40
40
40
40
40
40
40
40
40
