34
10
34
34
34
34
34
34
34
34
34
34
34
34
42
20
42
20
10
34
42
20
8
20
8
8
8
8
1
8
1
42
20
1
1
1
1
42
1
42
1
20
1
20
1
20
1
1
1
1
1
8
1
8
1
8
8
1
1
8
8
8
8
8
40
8
3
3
1
3
3
3
3
3
3
3
3
3
3
3
3
3
3
3
3
3
3
3
3
3
3
3
3
3
3
3
19
3
3
3
3
3
3
3
3
3
3
3
19
3
3
3
19
3
19
19
19
3
3
3
13
6
13
13
13
3
13
13
6
9
0
9
9
9
9
0
0
0
0
0
0
0
9
9
9
9
9
9
9
9
9
9
9
9
9
9
9
9
9
9
9
9
9
9
9
9
9
17
17
17
17
17
17
17
17
17
17
17
17
17
17
17
17
17
17
17
17
17
17
17
17
4
4
4
4
4
4
4
4
6
4
4
6
6
6
6
6
6
6
6
6
6
6
6
6
6
1
6
1
1
1
1
1
28
1
1
1
1
28
28
1
28
28
1
1
28
28
28
1
28
28
23
28
28
23
23
28
23
23
23
23
23
23
5
5
23
23
23
5
5
5
5
5
5
5
5
5
5
5
5
5
5
5
5
5
5
5
5
29
29
29
29
29
29
29
29
29
29
29
29
29
29
29
29
29
29
29
29
29
29
29
29
26
29
29
29
29
29
14
14
14
14
14
14
14
14
26
14
14
14
14
14
14
14
12
12
14
12
12
14
14
14
12
12
12
12
12
12
12
12
12
12
12
12
12
12
12
12
12
25
25
25
25
25
25
25
25
25
25
25
25
35
35
25
35
35
35
35
35
35
35
35
35
35
35
35
25
35
35
35
16
16
16
16
16
16
16
16
16
16
16
16
16
16
16
16
16
24
24
24
24
24
24
24
24
24
24
24
24
24
24
24
24
24
24
24
41
41
41
41
41
41
41
41
41
41
41
41
41
41
41
41
41
41
10
10
10
10
10
10
10
10
10
10
10
10
10
10
10
10
10
10
10
10
10
10
10
10
10
41
24
24
24
41
10
10
10
36
36
36
36
36
36
36
36
36
36
36
36
36
36
2
2
2
2
2
2
2
2
2
2
2
2
2
2
2
2
2
2
7
7
7
7
7
7
31
31
31
31
7
31
31
31
31
31
31
31
31
31
31
31
31
31
31
31
31
31
31
31
31
31
31
31
31
30
30
30
30
30
30
27
30
30
27
27
30
27
30
27
27
27
27
27
30
27
27
27
30
27
27
27
30
27
27
27
27
27
27
27
27
27
27
27
27
27
27
27
27
15
15
15
15
21
15
21
21
21
21
21
21
21
21
21
21
21
21
21
21
21
21
21
21
22
21
21
22
22
22
22
22
22
22
22
22
22
22
22
22
22
39
39
39
39
22
39
39
39
39
39
39
39
39
39
39
39
39
39
39
39
39
38
37
37
37
37
37
37
37
37
37
37
37
37
37
37
37
37
37
37
37
37
37
37
37
37
37
37
37
37
37
37
18
33
33
33
33
33
33
33
33
33
33
33
33
33
33
40
40
40
40
40
40
40
40
40
40
40
40
40
40
40
40
40
40
40
40
40
40
40
40
