20
20
20
34
34
34
34
1
34
20
20
20
20
20
20
20
20
20
20
20
20
6
20
20
20
20
20
6
6
20
20
6
6
8
8
8
8
8
8
8
8
8
8
8
8
8
8
3
8
3
3
3
3
3
3
3
3
3
3
3
3
3
3
3
3
3
3
3
3
3
3
3
3
3
3
3
3
3
3
3
3
3
3
3
3
3
3
3
13
13
13
0
4
0
0
0
13
6
6
6
6
0
0
0
0
0
0
0
0
0
0
0
0
0
0
0
0
0
9
9
0
0
9
9
0
0
9
0
0
0
9
0
0
9
9
9
9
9
9
17
9
6
9
17
17
0
17
17
17
6
17
4
17
6
17
4
4
17
17
17
17
17
17
4
4
4
17
4
4
4
4
4
4
4
6
6
6
4
13
6
6
6
1
1
6
6
6
1
1
1
1
1
1
1
1
1
1
1
1
28
1
1
1
28
28
28
1
28
28
28
1
28
1
28
1
23
28
23
28
23
23
23
23
23
23
23
23
23
23
23
23
23
23
23
23
5
5
5
5
5
5
5
5
5
5
5
5
5
5
5
5
5
5
29
29
26
14
14
29
14
14
14
14
14
14
14
14
14
14
14
14
14
14
14
29
14
14
14
14
14
14
14
14
14
14
14
14
14
14
14
14
14
14
14
14
14
12
14
14
14
12
14
14
14
12
14
14
14
12
14
14
14
12
14
12
12
12
12
12
14
12
12
25
25
25
25
25
25
25
25
25
25
25
25
25
25
25
25
25
25
25
35
35
35
25
25
35
35
35
35
35
35
35
16
16
16
16
16
16
16
16
16
16
16
16
16
16
16
16
16
16
10
16
16
16
16
16
16
16
16
16
16
16
24
24
24
24
24
24
24
24
41
41
41
41
41
41
41
10
41
41
10
10
10
10
10
10
10
16
16
16
10
10
10
10
16
16
16
16
16
16
16
16
16
10
10
10
10
41
10
10
10
10
10
10
16
16
16
16
41
10
41
41
10
24
41
10
41
41
41
41
41
10
10
10
10
10
10
10
10
10
34
10
10
10
10
36
36
7
40
7
36
36
36
36
7
7
31
36
36
30
36
36
36
30
7
30
36
36
2
2
2
2
2
2
2
2
2
2
2
2
2
2
2
2
2
2
2
2
2
2
2
7
7
7
7
7
7
7
7
7
7
7
31
31
31
31
31
31
31
31
31
31
31
31
31
31
31
31
31
31
31
31
31
31
31
31
31
31
31
31
30
30
30
30
30
30
30
30
30
30
30
30
30
30
30
30
27
27
30
30
27
27
27
27
27
27
27
30
27
27
27
27
27
27
27
27
27
27
27
27
27
27
27
27
15
15
15
15
15
15
15
21
21
21
21
21
21
21
21
21
21
21
21
21
21
21
22
22
22
22
21
22
22
22
22
22
22
22
22
22
22
22
22
22
22
22
22
22
21
21
22
22
22
22
22
22
22
22
22
22
21
21
22
22
22
22
21
21
22
22
21
39
22
22
22
22
22
22
22
22
22
22
22
22
39
39
39
39
39
39
39
39
39
39
39
39
39
39
39
39
39
39
39
39
39
39
39
39
39
39
39
39
39
38
38
38
38
38
38
38
38
38
38
38
38
38
38
38
38
38
38
38
38
38
38
38
38
38
38
38
38
38
38
38
38
38
38
38
38
38
38
38
38
38
38
37
38
38
38
38
38
38
37
38
38
38
38
38
38
38
37
38
37
37
37
37
37
33
33
33
33
33
33
33
33
33
33
33
33
33
33
33
33
33
33
33
33
33
33
33
33
33
33
33
33
33
33
33
40
33
33
33
33
33
33
40
40
40
40
40
40
40
40
40
40
40
40
40
40
40
40
40
40
40
40
40
40
40
40
40
40
40
40
