2
2
2
2
2
2
2
2
2
2
2
2
2
2
2
2
2
2
2
34
34
34
2
34
34
34
2
2
34
2
2
34
34
34
34
34
2
2
2
2
2
2
2
34
1
1
1
1
1
1
1
34
34
34
34
34
1
1
34
34
1
1
1
34
1
34
1
1
1
1
34
1
1
1
1
1
34
2
2
1
2
1
6
1
6
1
1
2
2
2
34
1
1
1
1
1
1
1
1
1
1
1
1
6
1
1
1
1
1
1
1
6
1
20
20
42
20
20
20
20
6
1
1
1
1
8
1
8
13
13
10
10
6
20
6
13
6
6
6
6
20
20
42
20
20
6
20
20
20
20
20
20
20
6
20
20
20
20
20
20
20
20
20
8
20
8
20
6
42
8
20
8
8
10
10
10
8
8
8
10
8
8
8
8
8
8
8
8
8
8
8
8
8
8
8
8
8
8
8
8
8
8
8
8
8
8
8
8
8
8
8
8
3
3
8
8
8
8
8
8
8
8
8
8
3
8
8
3
3
3
8
8
3
3
3
3
3
3
3
3
3
3
3
3
3
19
3
3
19
3
3
3
19
19
3
3
19
19
19
3
19
19
19
19
19
19
19
19
19
19
13
13
13
13
13
13
13
13
13
0
0
6
6
13
13
0
13
0
9
9
9
9
9
9
9
9
9
9
9
9
9
9
9
9
9
9
9
9
9
9
9
9
9
9
9
9
9
9
17
17
17
9
17
17
17
9
17
17
17
17
17
17
17
17
17
17
17
17
17
17
17
17
17
17
17
17
17
4
17
17
17
4
17
4
4
4
13
5
5
6
35
13
6
6
6
0
0
9
6
9
0
6
6
6
6
6
1
1
1
1
1
1
1
1
1
1
1
1
28
1
1
1
28
1
1
1
1
1
28
28
28
28
1
1
28
28
28
23
23
23
23
23
23
23
23
23
23
23
23
23
23
23
23
23
23
23
23
23
23
23
23
23
23
23
23
5
5
5
5
5
5
29
29
29
29
29
29
29
29
29
29
29
29
29
29
29
29
29
29
29
29
29
29
29
29
29
29
26
29
29
29
14
26
29
14
14
26
14
14
14
14
14
14
14
14
14
14
14
14
14
14
14
14
14
14
14
14
12
14
14
14
14
12
12
12
12
12
12
26
29
29
26
26
25
25
25
25
25
25
25
25
25
25
25
25
25
25
25
25
25
25
25
25
25
25
25
35
25
25
25
35
35
35
35
35
35
35
35
35
35
35
35
35
16
16
16
16
16
16
16
16
16
16
16
16
16
16
24
24
24
24
24
24
24
10
10
10
24
16
16
16
24
24
24
24
24
24
41
41
41
41
41
41
41
41
41
41
41
41
41
41
41
41
41
41
41
41
41
41
41
41
41
10
10
10
10
10
10
10
10
10
36
36
36
36
36
36
36
36
36
36
36
36
36
36
36
36
2
2
2
2
2
2
2
36
2
2
2
2
2
2
7
36
36
36
36
36
7
36
7
7
30
31
31
31
31
31
31
31
31
31
31
31
31
31
31
31
31
31
31
31
31
31
30
30
27
30
27
30
27
30
27
30
30
30
30
30
27
30
27
27
27
30
27
27
27
27
27
27
27
27
27
27
27
27
27
27
27
27
27
27
27
27
27
27
27
27
27
27
27
15
15
15
21
15
27
15
21
21
21
21
21
21
21
21
22
39
22
22
22
22
22
22
22
22
22
22
22
22
22
22
39
39
22
22
39
37
39
39
39
33
39
39
39
37
37
37
39
37
37
37
37
37
39
40
33
40
43
43
40
40
40
37
37
38
37
37
39
40
39
37
33
37
39
37
43
43
43
43
43
43
43
43
33
43
43
43
33
38
38
43
37
33
37
37
43
40
32
43
39
40
40
40
39
39
38
40
38
38
38
43
43
37
38
37
38
37
38
40
38
40
37
40
37
40
37
37
37
37
37
37
37
37
33
33
33
37
33
33
33
33
37
40
33
33
33
33
37
37
37
37
37
37
37
37
37
37
37
37
37
37
37
37
37
37
37
37
37
37
37
37
37
33
33
33
33
33
33
33
33
33
33
33
33
33
33
33
33
33
33
33
33
33
33
33
33
33
43
43
43
40
40
33
43
40
40
40
40
40
40
40
40
40
40
40
40
40
40
40
40
40
40
40
40
40
40
40
40
40
40
40
40
40
40
40
40
40
40
