13
1
2
1
2
2
13
6
1
6
6
6
2
13
13
0
1
1
1
1
1
1
1
1
2
8
1
1
1
6
1
0
6
6
6
4
4
4
4
4
4
4
6
1
6
6
6
6
6
6
6
6
6
6
6
6
6
6
6
6
6
6
6
6
6
6
1
13
6
40
6
0
8
6
6
13
1
6
6
6
6
6
4
4
6
6
6
4
4
4
4
4
4
4
4
4
6
6
6
6
6
6
6
6
6
6
6
6
6
6
6
6
1
6
6
6
6
6
6
6
6
1
1
1
1
1
6
1
6
1
1
1
1
1
1
1
1
1
1
1
1
1
2
2
2
2
2
13
2
2
13
2
2
2
1
1
1
1
1
1
2
2
2
2
2
2
1
1
2
2
2
10
2
2
1
2
2
2
2
2
40
2
2
2
2
1
1
2
2
1
1
2
2
1
8
8
1
1
2
2
1
1
1
2
2
1
8
1
8
8
2
1
1
1
1
13
13
1
34
10
6
13
1
13
1
1
1
1
1
6
6
6
6
6
1
1
1
1
1
1
6
1
6
6
6
6
6
6
20
8
6
8
8
20
6
6
42
42
6
8
8
8
8
42
8
8
8
8
42
8
42
42
42
42
8
20
42
8
8
42
42
42
42
42
42
42
42
42
42
42
42
8
42
42
8
42
42
42
42
42
42
42
42
8
8
8
8
8
8
8
8
8
8
8
8
8
8
8
8
8
8
8
3
8
8
8
3
3
8
8
19
19
8
3
19
3
19
19
19
19
19
19
19
19
19
19
19
19
19
19
19
19
19
19
19
19
19
19
19
19
19
19
19
19
19
19
19
19
19
13
13
13
13
13
13
13
0
0
0
0
0
0
0
9
9
0
9
9
9
9
9
9
9
9
9
9
9
9
9
9
9
9
9
9
9
9
9
9
9
9
9
9
9
17
17
9
9
17
17
17
17
17
17
17
17
17
17
17
17
17
17
17
17
17
17
17
17
17
17
17
17
17
17
17
4
4
4
4
4
4
4
4
4
4
4
4
4
4
6
6
6
6
6
6
6
6
6
6
6
1
6
1
1
28
28
28
28
28
28
28
28
28
28
28
28
28
28
28
28
28
28
28
28
28
23
28
23
28
28
28
28
23
23
23
23
23
23
23
23
23
23
23
23
28
23
23
23
23
23
23
23
23
23
23
23
23
23
5
23
5
5
5
23
29
26
29
29
29
26
29
29
29
26
29
29
29
29
26
26
29
26
26
26
26
26
26
26
26
26
26
26
26
26
26
26
26
26
26
26
14
26
14
14
26
26
14
14
26
14
14
14
14
14
14
14
14
14
14
14
14
14
14
14
14
12
12
12
12
14
14
12
12
12
14
25
25
25
25
25
25
25
25
25
25
25
25
25
25
35
25
35
35
35
35
35
35
35
35
35
35
35
35
35
35
35
10
10
10
35
16
35
35
16
16
16
16
16
16
16
16
16
16
16
16
16
41
41
41
24
41
41
41
41
41
41
41
41
41
41
41
41
41
41
41
41
41
41
41
41
41
41
41
41
41
41
41
41
41
41
41
41
41
41
10
10
10
10
10
10
10
10
36
36
36
36
36
36
36
36
36
36
36
36
36
36
7
2
2
7
2
2
2
2
2
2
2
2
2
7
7
7
7
7
7
7
7
7
7
7
7
7
7
7
7
31
31
31
31
31
31
31
31
31
31
7
31
7
31
31
31
31
31
31
31
31
31
31
31
31
30
30
30
30
30
30
27
30
30
30
27
30
30
30
27
30
30
30
27
27
27
27
27
27
27
30
27
27
27
30
27
27
27
27
27
27
27
27
27
27
27
27
27
27
27
27
27
27
27
15
15
15
15
15
15
15
21
21
21
21
21
21
21
21
21
21
21
21
21
21
21
21
21
22
22
22
22
22
22
22
22
22
22
22
22
22
22
39
39
22
22
39
39
39
39
39
39
39
39
39
39
39
39
39
39
39
39
39
39
39
39
39
39
39
39
38
38
38
38
38
38
38
38
38
38
38
38
38
38
38
38
38
38
38
38
38
37
38
38
37
37
37
37
37
37
37
37
37
37
37
37
37
37
37
37
37
37
37
37
37
37
37
37
37
37
37
33
33
33
33
33
33
33
33
33
33
33
33
33
33
33
33
33
33
33
33
33
40
40
40
40
40
40
40
40
40
40
40
40
40
40
40
40
40
40
