2
2
2
2
1
2
34
34
34
34
34
34
34
34
34
1
34
6
6
8
6
6
8
8
8
1
20
20
42
6
6
42
8
8
8
8
8
8
8
8
8
8
8
42
42
20
42
20
42
42
42
42
20
42
42
42
42
8
8
8
8
8
8
8
8
8
8
8
8
8
8
3
3
8
3
3
3
3
3
3
3
3
3
3
3
3
3
3
3
3
3
3
3
3
19
19
3
3
19
19
3
3
19
19
19
19
19
3
3
3
19
19
19
19
19
19
19
19
13
13
13
13
13
13
6
13
13
0
0
0
0
9
0
0
0
0
0
0
0
9
9
0
0
9
9
0
9
9
9
9
9
9
9
9
9
9
9
17
17
17
17
17
17
17
9
17
17
17
17
17
17
17
17
17
17
17
17
17
17
17
4
4
4
17
4
17
4
4
4
4
4
4
6
8
6
6
6
6
6
6
6
6
6
6
20
34
10
10
10
10
6
10
10
13
13
1
1
1
1
1
1
1
13
1
1
1
5
1
1
13
13
1
1
13
9
9
0
9
9
0
9
13
9
9
9
9
9
9
9
9
9
9
9
13
9
9
9
9
9
9
9
9
9
9
9
9
9
9
9
23
9
9
23
23
23
9
23
23
9
17
17
17
17
17
17
17
17
17
17
17
17
23
5
23
5
5
5
5
5
5
5
5
5
5
5
5
5
5
29
29
29
5
5
5
5
5
29
5
5
5
29
5
5
5
29
5
5
14
29
14
29
14
26
14
14
14
14
14
14
14
14
14
14
14
14
14
14
14
14
14
14
14
14
12
14
14
14
14
12
12
12
12
14
14
12
12
12
12
12
12
12
12
12
12
12
12
12
12
12
14
12
12
12
12
12
12
12
12
12
12
12
12
12
12
12
12
12
12
12
12
12
12
12
12
12
12
12
12
12
12
12
12
12
12
12
12
12
12
12
12
12
12
12
12
12
12
12
12
12
12
12
12
12
12
25
25
25
25
25
25
25
25
25
25
25
25
25
25
25
25
35
35
35
25
35
35
35
35
35
35
35
35
35
35
35
35
35
35
10
16
16
16
16
16
16
16
16
16
16
16
16
16
16
16
16
16
16
16
16
16
16
16
16
24
24
24
24
24
24
24
24
24
24
24
24
24
24
24
24
24
24
24
24
24
24
41
41
41
41
41
41
41
41
41
41
41
41
41
41
41
41
41
41
10
10
10
10
10
10
10
10
10
10
10
36
36
36
36
36
36
36
36
36
36
36
36
36
36
36
36
36
36
36
36
36
36
30
30
30
30
36
30
2
2
2
2
2
2
2
2
2
2
2
2
2
2
2
2
2
2
7
2
7
7
7
7
7
31
31
31
31
31
7
31
31
31
31
31
31
31
31
31
31
31
31
31
31
31
31
31
31
31
31
31
31
31
31
31
30
30
30
30
30
30
30
30
30
30
30
30
27
30
27
27
27
30
27
30
27
27
27
27
27
27
27
27
27
27
27
27
27
27
27
15
15
15
15
27
27
27
15
21
21
15
15
15
15
21
21
21
21
21
21
21
21
21
21
21
21
22
22
22
22
22
22
22
22
22
22
22
22
22
22
22
22
22
39
39
39
39
39
39
39
39
39
39
39
39
39
39
39
39
39
39
39
39
39
39
39
39
39
39
39
39
38
39
39
39
38
38
38
38
38
38
38
39
38
39
38
38
38
38
37
38
38
38
38
37
38
38
38
38
37
38
38
37
38
38
38
37
37
38
37
37
37
37
37
37
37
37
37
37
37
37
37
37
37
37
37
37
37
37
37
37
37
37
37
18
37
37
33
33
33
33
33
33
33
33
33
33
33
33
33
40
33
33
40
40
33
40
40
40
40
40
40
40
40
40
40
40
40
40
40
40
40
40
40
40
40
40
40
