1
2
1
2
1
2
1
2
34
2
6
6
1
1
6
34
1
1
2
6
6
34
6
6
34
6
34
6
1
34
1
34
34
1
1
1
1
1
1
1
1
1
1
1
6
1
6
6
6
6
6
6
6
6
6
6
6
1
1
6
6
1
1
8
8
20
1
20
8
6
6
6
6
6
6
6
6
6
6
6
6
6
6
6
6
6
6
6
6
6
6
20
20
6
20
20
20
20
20
20
20
20
6
20
8
8
8
20
20
6
20
20
20
20
20
20
20
20
1
34
8
1
20
8
20
8
8
8
13
6
20
20
20
34
8
20
34
2
34
20
34
34
20
20
42
20
8
34
34
8
8
34
34
20
8
8
20
8
8
34
8
8
8
8
8
8
8
8
8
8
8
8
8
8
8
8
8
8
8
8
8
8
8
8
8
8
8
8
8
8
8
8
8
8
8
8
8
8
3
8
8
8
8
8
8
3
8
8
3
3
3
3
3
3
3
3
3
3
3
3
3
3
19
3
3
19
19
3
3
3
19
19
3
3
19
19
19
19
19
19
19
19
19
19
19
19
13
13
13
13
13
13
13
13
13
13
13
13
13
6
6
6
6
6
0
0
9
9
9
9
9
9
9
9
9
9
9
9
9
9
9
9
9
9
9
9
9
9
9
9
9
9
9
9
9
17
17
9
17
17
17
17
17
17
17
17
17
17
17
17
17
17
17
17
17
17
17
17
17
17
17
17
17
17
17
5
5
5
13
13
13
5
5
0
9
9
17
40
1
6
6
6
1
1
1
1
1
1
1
1
1
1
1
1
1
1
1
1
1
1
28
28
28
28
28
1
23
23
28
28
23
28
28
28
23
23
23
23
23
23
23
23
23
23
23
23
23
23
23
23
23
23
23
23
23
23
5
5
5
5
5
5
29
29
29
29
29
29
29
29
29
29
29
29
29
29
29
29
29
26
26
29
26
29
29
29
26
26
26
26
26
26
26
26
26
26
26
26
14
14
14
14
26
26
14
14
14
14
14
14
14
14
14
14
14
14
14
12
12
12
12
12
12
12
12
12
12
12
12
29
26
26
25
25
25
25
25
25
25
25
25
25
25
25
25
25
25
35
35
35
35
35
35
35
35
35
35
35
35
35
35
35
35
35
16
16
16
16
16
16
16
16
16
16
16
16
16
16
16
16
16
16
24
24
24
16
16
24
24
16
16
24
24
24
24
24
24
24
41
41
24
41
41
41
41
41
41
41
41
41
41
24
24
41
16
24
16
16
16
24
16
24
24
24
16
24
16
24
41
41
41
41
41
41
41
41
24
24
41
41
41
41
16
24
24
24
24
24
24
24
10
10
10
10
10
10
10
10
9
10
36
36
36
36
36
36
36
36
36
36
36
36
36
36
36
36
2
2
2
2
2
2
2
2
2
2
2
2
2
2
2
2
2
2
2
2
2
2
7
7
7
7
7
7
7
7
7
7
7
7
7
7
31
31
31
31
31
31
31
31
31
31
31
31
31
31
31
31
31
31
31
30
30
31
30
30
27
30
30
30
30
30
30
30
27
30
30
27
27
30
30
27
27
30
30
27
27
30
27
27
27
27
27
27
27
27
27
27
27
27
27
27
21
15
15
27
15
15
27
15
15
21
15
15
15
15
15
21
21
21
21
21
21
21
21
21
21
21
21
21
21
21
21
22
22
22
22
22
22
22
22
22
22
22
22
22
22
22
22
22
22
22
22
22
39
39
39
39
39
39
22
39
39
39
39
39
39
39
39
39
39
39
39
39
39
39
39
39
39
39
39
39
38
38
38
38
38
38
38
38
38
38
38
38
38
38
38
38
38
38
37
38
38
38
38
38
38
38
38
38
38
38
38
38
38
38
38
38
38
38
38
38
38
38
38
38
38
38
38
38
38
38
38
38
38
38
38
38
38
38
38
38
38
38
37
37
37
37
37
37
37
37
37
37
37
37
37
37
37
37
37
37
37
37
37
37
37
37
37
37
18
33
37
18
33
33
33
33
33
33
33
33
33
33
33
40
40
40
40
40
40
40
40
40
40
40
40
40
40
40
40
40
40
40
40
40
40
40
40
40
40
40
40
