2
2
2
2
1
2
2
2
2
2
2
2
2
2
2
2
0
2
2
2
2
2
2
2
2
2
2
2
2
2
2
2
2
2
2
2
2
2
2
2
2
2
2
2
2
2
2
2
2
2
2
2
2
2
2
2
2
2
2
2
2
2
2
2
2
2
2
2
2
2
2
2
2
2
2
2
2
2
2
2
2
2
2
2
2
2
2
2
2
2
1
2
2
2
2
1
1
1
1
1
2
1
1
2
1
1
1
1
1
6
1
1
1
2
1
1
1
1
1
1
1
1
1
1
1
1
1
1
13
13
1
1
1
13
1
13
13
13
1
1
1
1
13
13
13
13
13
20
13
42
8
42
42
20
20
8
8
42
42
8
8
8
8
8
8
8
8
8
8
8
8
8
8
8
8
8
8
8
8
8
8
8
8
8
8
8
8
8
8
8
8
8
8
8
8
8
8
8
8
8
8
8
8
3
8
8
3
8
8
8
3
3
3
3
3
3
3
3
3
3
3
3
19
3
3
3
19
3
19
19
19
19
19
19
19
19
19
19
19
19
19
19
19
19
19
19
19
19
19
19
19
19
0
13
0
13
13
13
13
13
13
0
9
9
9
9
9
9
9
9
9
9
9
9
9
9
9
9
9
9
9
9
9
9
9
9
9
9
9
9
9
9
9
9
9
9
9
17
9
17
17
17
9
17
17
17
17
17
17
17
17
17
17
17
17
17
4
17
17
17
4
4
4
4
4
4
4
4
4
4
6
4
6
4
6
6
6
6
0
0
0
6
6
6
6
6
6
1
1
1
6
6
1
1
1
28
28
28
28
28
1
28
28
28
28
28
23
28
23
23
28
23
23
23
23
23
23
23
23
23
23
23
23
23
23
23
23
23
23
23
23
23
23
23
23
23
23
23
23
23
23
23
5
5
5
5
5
5
29
14
29
29
29
14
29
29
29
14
26
29
26
26
26
26
29
29
26
26
26
26
26
26
26
26
26
26
26
14
14
14
26
26
26
26
14
14
14
14
14
14
14
14
14
14
14
14
14
14
14
14
14
14
14
14
14
14
14
12
14
14
12
14
12
14
14
14
25
25
25
25
25
25
25
25
25
25
25
25
25
25
25
25
35
35
35
35
35
35
35
35
35
35
35
35
35
35
35
35
35
16
16
16
16
16
16
16
16
16
16
16
16
16
16
16
41
41
24
24
24
24
24
24
24
24
24
16
24
16
41
41
41
24
24
24
41
41
41
41
41
41
41
41
41
41
41
41
41
41
41
41
41
41
41
41
41
10
10
10
35
10
10
10
10
10
10
10
10
10
10
36
36
36
36
36
36
36
36
36
36
36
36
36
36
36
36
36
36
36
2
2
36
2
2
2
2
2
2
7
7
7
7
7
7
7
7
7
7
31
31
31
31
31
19
31
31
31
31
31
31
31
31
31
31
31
31
31
31
31
31
31
31
31
31
31
31
31
30
30
19
30
30
30
30
30
27
19
19
30
30
30
30
30
30
19
19
30
27
19
27
27
30
27
40
19
30
27
27
19
27
27
19
30
27
27
19
27
30
27
19
19
27
27
27
15
21
21
42
21
21
21
21
21
21
21
21
21
21
15
21
21
21
21
21
21
21
22
22
22
21
21
40
21
40
21
21
21
21
21
21
21
21
21
21
21
21
21
21
21
21
21
21
21
21
21
21
21
21
39
21
21
21
21
21
21
21
21
21
39
21
21
21
21
21
21
21
21
21
21
22
21
21
21
21
21
21
21
21
21
39
39
39
39
39
39
39
39
39
39
39
39
39
39
39
39
39
39
39
39
39
39
39
39
39
39
38
38
38
38
38
38
38
38
38
38
38
38
38
38
38
38
38
38
38
38
38
38
38
38
38
38
38
38
38
38
38
38
38
38
37
38
38
38
37
37
38
38
37
37
37
37
37
37
37
37
37
37
37
37
18
37
37
37
37
37
37
37
37
37
37
37
37
37
37
33
33
33
33
33
33
33
33
33
40
33
33
33
40
40
40
33
40
40
40
40
40
40
40
40
40
40
40
40
40
40
40
40
40
40
40
40
