6
6
34
6
6
34
6
1
6
6
6
6
6
6
6
6
34
6
6
6
6
6
6
6
6
8
8
4
40
8
3
8
3
3
3
3
3
13
3
3
0
13
13
3
13
3
3
40
0
3
3
3
3
3
3
19
3
3
3
5
3
3
3
5
3
3
3
5
3
3
3
19
3
3
19
5
19
3
3
5
3
3
3
5
19
13
13
13
13
13
13
6
13
0
6
6
6
6
6
6
0
6
6
0
0
0
0
0
0
0
0
0
0
0
0
0
0
0
0
0
0
0
0
0
0
0
0
9
9
0
0
9
9
9
9
9
9
13
17
17
17
17
17
17
17
17
17
17
17
17
13
6
6
6
6
6
6
6
4
4
4
1
6
6
6
29
29
6
6
6
6
6
6
1
14
6
1
6
6
14
14
12
14
1
14
14
12
6
1
29
5
5
1
1
1
1
1
1
1
1
1
1
1
1
1
1
1
1
1
1
1
1
40
28
1
28
28
28
28
28
23
23
23
23
23
23
23
23
23
23
23
23
23
23
23
23
5
23
23
23
23
23
23
23
5
23
5
5
40
23
5
5
5
5
5
5
14
14
5
29
29
14
14
14
14
14
14
26
29
12
29
29
29
26
14
29
29
26
14
26
29
14
14
26
29
14
14
14
29
14
14
14
14
14
14
14
14
14
14
14
14
14
14
14
14
14
14
14
14
14
14
14
14
14
14
14
14
14
14
14
12
12
12
12
12
12
12
12
25
25
25
25
25
25
25
25
25
25
25
25
25
25
25
25
25
25
25
35
35
35
35
25
35
25
25
35
35
35
35
35
35
35
35
35
35
35
35
25
35
35
16
16
16
16
24
16
16
16
16
16
16
16
24
41
41
24
24
24
24
24
24
24
24
24
24
24
24
24
24
24
24
24
24
41
24
41
41
41
41
41
41
41
41
41
41
41
41
41
41
41
41
41
41
41
41
41
10
10
10
10
10
10
10
10
10
10
10
10
10
10
36
36
10
10
10
36
36
36
36
36
36
36
36
36
36
36
36
36
36
36
36
36
36
36
36
36
36
36
36
36
36
2
2
2
2
2
2
2
2
2
2
2
2
2
2
2
2
2
2
2
2
2
2
2
7
2
7
7
7
7
7
7
7
31
31
7
7
31
7
31
31
31
31
31
31
31
31
31
31
31
31
31
31
31
31
31
31
31
31
31
31
31
30
30
30
30
30
30
30
30
30
30
30
30
30
30
30
27
30
27
27
27
30
27
30
30
27
27
27
27
27
27
27
27
27
27
27
27
27
27
15
27
27
27
27
27
27
15
15
15
15
15
27
21
21
21
21
21
21
21
21
39
39
21
40
21
22
22
22
22
22
22
22
22
22
22
22
22
22
22
22
22
22
22
22
22
39
39
39
39
39
39
39
39
39
39
39
39
39
39
39
39
39
39
39
39
39
39
39
38
38
38
38
38
38
38
38
38
38
38
38
38
38
38
38
38
38
38
38
38
38
38
37
37
37
37
37
33
33
33
37
37
37
37
37
37
18
18
33
18
18
18
18
18
18
18
18
37
33
33
33
33
33
33
33
33
33
33
33
33
33
33
40
33
33
40
40
33
33
40
40
40
40
40
40
40
40
40
40
43
40
40
43
40
40
40
40
40
40
40
