20
20
20
20
20
20
34
34
20
34
20
1
20
20
42
6
20
20
6
20
20
20
20
42
42
42
42
42
8
42
42
8
8
8
8
8
8
8
8
8
8
8
8
8
8
8
8
8
8
8
8
8
8
8
8
8
8
8
8
8
8
8
8
8
8
8
8
8
8
8
8
8
8
8
8
8
8
8
8
8
8
8
8
8
8
8
8
8
8
8
8
3
8
3
3
3
3
3
3
3
3
3
3
3
3
3
19
3
4
13
13
13
13
6
0
0
0
9
9
9
0
9
9
9
9
9
9
0
9
9
9
9
9
9
9
9
9
17
9
9
9
9
17
9
9
17
9
9
17
17
17
17
17
17
17
17
17
17
9
17
17
17
17
17
17
17
17
17
17
17
17
17
17
17
4
4
17
4
4
4
4
4
4
4
4
6
6
6
6
6
6
6
6
6
6
6
6
6
1
1
1
1
1
1
13
1
1
1
1
1
1
1
1
1
1
1
1
1
1
1
1
1
1
1
1
1
1
1
1
1
1
1
1
1
23
1
1
28
28
1
23
28
28
28
23
23
23
23
23
23
23
23
23
23
23
23
23
23
23
5
5
5
5
5
5
5
1
5
5
5
5
5
5
29
5
1
5
5
5
5
29
5
1
5
5
5
5
5
29
5
5
5
29
5
5
29
29
5
5
5
5
5
23
5
5
5
5
40
5
5
5
40
5
40
14
14
14
14
14
14
14
14
14
14
14
14
12
12
14
14
12
12
29
14
14
12
29
14
14
12
29
12
14
14
14
14
14
14
29
14
14
12
29
14
14
12
26
14
14
14
29
14
14
12
26
14
14
14
14
14
14
14
14
14
14
14
14
14
14
14
14
12
14
12
14
12
12
12
14
12
12
12
14
12
12
12
12
12
12
12
29
12
14
25
25
25
25
25
25
25
25
25
25
25
25
25
25
25
25
25
25
25
25
35
35
35
35
35
35
35
35
35
35
12
1
1
35
10
10
35
16
16
16
16
16
16
16
16
16
16
16
16
16
16
16
24
16
16
16
24
24
24
24
24
41
41
41
41
41
41
41
41
41
41
41
41
41
41
41
41
41
41
41
41
41
41
41
41
41
41
41
41
10
10
10
10
10
10
10
10
10
10
10
36
36
36
36
36
36
36
36
36
36
36
36
2
2
36
2
2
2
2
2
2
2
2
2
2
2
2
2
2
2
7
7
7
7
7
7
7
7
7
7
7
7
7
7
7
7
31
7
7
7
31
31
31
31
31
31
31
31
31
31
31
31
31
31
31
31
31
31
31
31
31
30
30
30
30
30
30
30
30
30
30
30
30
27
30
30
30
30
30
27
30
27
27
27
27
27
27
27
27
27
27
27
27
27
27
27
27
27
27
27
27
27
15
15
15
27
15
15
15
15
15
15
15
15
15
21
21
21
21
21
21
21
21
21
21
21
21
22
21
21
21
22
22
21
21
22
22
22
22
22
22
22
22
22
22
22
22
22
22
22
39
39
39
39
39
39
39
39
39
39
39
39
39
39
39
39
39
39
39
39
39
39
39
39
38
38
38
38
38
38
38
38
38
38
38
38
38
38
38
38
38
38
38
38
38
37
37
38
37
37
37
37
37
37
37
37
37
37
37
37
37
37
37
37
37
37
37
37
37
37
37
18
37
37
37
33
33
33
33
33
33
33
33
33
33
33
33
40
33
40
40
33
40
40
40
40
40
40
40
40
40
40
40
40
40
40
40
40
40
40
40
40
40
40
40
40
