1
6
1
1
6
1
6
10
1
1
6
6
10
10
10
20
20
20
20
1
4
4
20
20
20
20
20
20
20
20
20
6
20
6
6
1
20
20
1
1
20
20
1
0
20
1
10
1
20
40
10
6
40
40
40
40
8
8
8
8
8
8
8
8
8
8
8
3
8
8
8
3
8
8
8
8
3
8
8
8
8
8
8
3
3
3
3
3
3
3
3
3
3
3
3
3
3
3
3
3
19
3
3
3
3
3
3
3
19
19
3
19
19
19
19
19
19
19
19
19
13
13
13
1
13
0
0
0
0
9
0
9
9
9
0
0
0
0
0
0
9
9
0
0
9
0
9
9
9
9
9
9
9
9
9
9
9
9
9
9
9
9
9
9
9
9
9
9
17
17
17
17
17
17
17
17
17
17
17
17
17
17
17
17
17
17
17
17
4
4
4
4
4
4
4
4
4
4
4
4
4
6
6
6
6
6
6
6
6
6
6
6
6
6
6
1
1
1
1
1
1
1
1
1
1
1
1
1
1
1
1
1
1
1
1
1
1
1
1
1
1
1
1
1
1
1
28
28
28
28
28
28
28
23
28
28
28
23
28
23
23
23
23
23
23
23
23
23
23
23
23
5
23
5
5
28
5
29
29
29
29
29
29
29
29
29
29
26
29
14
14
14
26
26
29
26
26
26
29
26
26
26
26
26
26
14
26
26
14
14
26
26
26
14
26
26
26
26
26
26
14
14
26
26
14
14
14
14
12
14
14
14
12
14
14
12
12
12
12
12
12
12
12
12
12
12
14
14
12
25
25
25
25
25
25
25
25
25
25
25
25
25
25
25
25
25
25
25
25
35
35
35
35
35
35
35
35
35
35
35
35
35
35
35
10
10
10
10
16
16
16
16
16
16
16
16
16
16
16
16
16
16
16
16
24
16
24
24
24
24
24
24
24
24
24
24
24
41
41
41
41
41
41
41
41
41
41
41
41
41
41
41
41
41
41
41
41
10
10
10
10
10
10
10
10
10
36
36
36
36
36
36
36
36
36
36
36
36
36
36
2
2
2
2
2
2
2
2
2
2
2
2
2
2
2
7
7
7
7
7
7
7
7
7
7
7
7
7
7
7
7
7
7
7
7
31
31
31
31
31
31
31
31
31
31
31
31
31
31
30
31
30
30
30
30
30
30
30
30
30
27
30
30
30
30
30
30
30
27
27
27
27
27
27
27
27
27
27
27
30
27
27
27
27
27
27
27
27
27
27
15
15
15
15
15
15
15
15
15
15
15
15
15
15
21
21
21
21
21
36
21
21
21
21
21
21
21
21
22
22
22
22
22
22
22
22
22
22
22
22
39
39
39
22
39
39
39
39
39
39
39
39
39
39
39
39
39
39
39
39
39
39
39
39
39
39
39
39
39
39
39
37
37
33
33
33
33
33
33
33
33
33
33
33
40
33
33
40
40
40
40
40
40
40
40
40
40
40
40
40
40
40
40
40
40
40
40
40
40
40
40
40
