34
34
20
20
20
20
20
34
20
20
20
20
20
20
6
20
6
4
4
6
42
4
4
42
42
6
6
6
8
8
8
8
8
8
8
8
8
8
8
8
6
6
0
0
8
8
8
8
8
8
8
8
8
8
8
8
8
8
8
3
8
3
3
8
3
3
8
3
8
3
3
3
3
3
3
3
3
3
3
3
3
3
3
3
3
3
3
3
3
3
3
3
3
3
3
3
3
3
3
3
3
3
3
3
3
3
3
3
3
19
3
19
3
0
13
4
6
6
6
6
6
6
4
6
4
6
6
6
6
6
6
6
6
6
6
6
6
6
6
6
6
6
6
6
6
6
6
6
6
6
6
6
6
6
6
6
6
6
6
6
6
6
6
5
13
13
6
6
6
4
6
13
6
4
6
4
6
4
6
4
6
13
6
13
13
13
1
12
1
13
1
14
1
29
29
14
1
14
14
14
14
1
13
10
9
9
9
9
9
9
9
5
9
1
1
1
1
1
1
1
1
1
1
1
1
1
1
1
1
1
1
1
1
1
1
1
1
1
1
1
1
1
1
1
28
28
28
23
23
23
23
23
23
28
23
23
23
23
23
23
28
28
23
23
23
23
23
23
5
23
23
5
5
40
5
13
1
5
5
5
12
12
14
14
12
12
14
14
12
14
14
14
14
14
14
14
14
14
14
14
14
14
14
14
14
14
14
14
14
14
14
14
14
12
14
14
14
14
14
14
14
14
14
14
14
14
14
14
14
14
12
14
14
14
12
14
12
12
12
14
12
12
12
12
4
12
12
14
25
25
25
25
25
25
25
25
25
25
25
25
25
25
25
25
25
25
25
35
35
35
35
35
35
25
25
25
25
25
25
35
35
35
35
35
16
16
16
16
16
16
16
16
14
14
5
4
0
0
9
16
16
9
9
16
16
16
16
16
16
16
16
16
16
16
16
16
16
16
16
16
16
16
16
16
41
41
41
41
41
41
41
24
24
41
41
41
41
41
41
41
41
41
41
41
41
41
41
41
41
41
41
41
41
41
41
41
41
41
41
41
41
41
41
41
10
10
10
10
40
40
10
10
10
10
10
10
10
10
10
10
10
10
10
36
36
36
36
36
36
36
36
36
36
36
36
36
36
36
36
36
2
2
2
2
2
2
2
2
2
2
2
2
2
2
2
2
2
2
2
7
7
7
7
7
7
7
7
7
7
7
7
7
7
7
7
31
31
31
31
31
31
31
31
31
31
31
31
31
31
31
31
31
31
31
31
31
31
31
30
30
30
30
30
30
30
30
30
30
30
30
30
30
30
30
30
30
30
30
27
30
27
30
30
30
30
30
27
27
30
30
30
30
27
27
27
27
27
27
27
27
27
27
27
27
27
27
27
27
15
15
15
15
15
15
21
21
21
21
21
21
21
21
21
21
21
21
21
21
21
21
21
21
21
22
21
21
22
22
22
21
21
21
21
21
21
22
39
21
22
22
22
22
39
39
39
22
39
39
39
39
39
39
39
39
39
39
39
39
39
39
22
39
39
39
22
39
39
39
39
39
39
39
39
39
39
39
39
39
39
39
39
39
39
39
39
39
39
39
39
39
39
39
39
39
39
39
39
39
38
38
38
38
38
38
38
38
38
38
37
38
37
37
38
38
38
37
37
38
38
38
38
38
38
37
37
37
37
37
18
37
37
33
37
37
37
37
37
37
37
37
37
37
37
37
37
33
40
43
43
43
43
43
43
43
43
43
43
43
43
43
43
43
43
43
43
43
43
43
43
43
43
43
43
43
43
43
43
43
43
43
43
43
43
43
43
43
43
43
33
33
33
33
33
43
43
43
43
40
40
40
40
40
40
40
40
40
40
40
40
40
40
40
40
40
40
40
40
40
40
40
40
40
40
40
40
