20
20
20
1
20
20
42
20
20
20
10
1
20
6
8
8
8
8
8
34
1
1
1
1
1
1
1
1
1
1
32
32
1
1
34
34
34
1
1
1
1
34
34
1
34
1
6
1
34
6
34
34
6
6
6
34
34
20
6
6
20
20
10
34
34
34
34
34
20
6
34
34
20
20
20
20
4
34
6
4
10
10
20
6
4
4
4
20
4
6
6
6
4
6
6
6
4
6
6
6
6
8
6
6
4
8
6
6
4
6
6
6
6
6
6
6
4
6
6
6
4
6
6
8
6
8
6
6
6
8
8
8
8
8
8
8
8
8
8
8
8
8
8
8
8
8
8
8
6
8
8
8
8
8
8
8
8
8
8
6
8
8
8
8
8
8
8
8
8
8
8
8
8
8
8
8
8
8
8
8
8
3
3
8
8
3
3
8
3
3
19
8
3
3
3
8
3
3
3
8
3
3
3
3
19
19
19
3
19
19
19
19
19
19
19
4
4
3
4
4
9
17
4
17
17
17
4
17
17
9
9
9
9
9
9
9
9
9
9
9
9
9
9
9
9
9
9
9
9
9
9
9
9
9
9
9
9
9
9
9
9
9
9
9
17
17
17
17
17
17
17
17
17
17
17
17
17
17
17
17
17
17
17
17
17
17
4
17
4
17
4
17
4
17
17
17
17
17
17
17
17
4
13
23
5
23
28
28
28
28
28
28
23
23
23
28
23
28
28
23
23
23
28
28
23
23
28
28
23
23
23
23
23
23
23
23
23
40
23
23
23
40
28
23
5
5
40
5
5
5
28
14
5
5
20
14
21
15
15
15
21
15
6
6
20
6
6
13
6
6
12
26
6
1
14
5
28
28
1
1
1
1
1
1
1
1
29
29
28
28
29
1
28
1
29
29
28
1
29
29
29
29
29
29
29
29
29
26
28
29
29
14
14
14
29
14
14
14
14
14
14
14
14
12
14
40
14
14
14
12
14
21
21
12
14
20
20
40
12
5
23
40
14
29
29
40
40
40
28
23
21
28
28
25
25
25
25
25
25
25
25
25
25
25
25
25
25
25
25
35
35
25
35
35
35
35
35
35
35
35
35
35
35
35
25
35
41
16
41
16
16
16
16
16
16
16
16
24
41
41
24
10
24
24
24
24
24
24
24
24
41
24
24
24
24
24
16
24
24
24
24
24
24
24
24
41
41
41
41
41
41
41
41
41
41
41
41
41
41
41
41
24
24
41
41
41
41
41
24
41
41
41
41
41
41
41
41
41
41
10
10
10
10
10
34
32
36
36
36
36
7
7
7
10
10
36
10
10
10
36
36
36
36
36
36
34
36
2
2
2
2
2
2
2
2
2
2
2
2
2
2
2
2
2
2
2
2
2
2
2
7
7
7
7
7
7
7
7
7
31
31
7
7
7
7
7
7
31
7
31
31
31
7
7
31
31
31
31
31
31
31
31
31
31
31
31
31
31
26
26
29
32
31
32
26
40
26
26
27
31
26
26
14
40
12
12
14
14
26
12
14
14
14
14
14
14
14
12
14
14
12
12
14
14
14
14
12
26
12
12
12
14
12
12
21
14
12
13
40
40
40
33
33
40
40
33
30
30
30
21
40
33
40
40
40
33
33
40
40
33
33
40
40
33
40
40
40
33
40
40
40
33
40
40
40
33
33
40
40
33
33
40
40
33
33
40
40
33
33
40
40
33
40
40
40
33
40
40
21
33
40
40
40
32
33
40
33
33
33
40
33
33
33
33
40
33
33
33
33
33
33
33
33
33
33
33
33
33
33
33
33
33
33
33
33
33
33
33
33
33
33
33
33
33
33
33
33
33
33
33
33
33
33
33
33
33
33
33
33
33
33
39
33
33
33
39
39
37
33
38
38
39
27
39
33
39
39
39
39
39
39
39
39
39
39
39
39
39
39
39
22
39
39
39
39
39
39
39
39
39
39
39
39
39
39
39
39
39
39
39
39
39
38
38
38
38
38
39
38
38
39
39
39
39
38
38
39
38
38
38
38
38
38
37
37
37
37
38
37
37
37
37
37
37
37
37
37
37
37
37
37
37
37
37
37
37
37
37
37
37
37
33
18
33
33
33
33
37
33
33
33
33
33
33
33
33
33
33
33
40
33
33
33
40
40
40
40
40
40
40
40
40
40
40
40
40
40
40
40
40
40
40
