0
6
0
0
6
6
6
6
1
6
1
6
6
6
6
6
6
6
6
6
6
6
6
6
6
6
13
2
2
2
6
6
10
6
2
13
6
6
2
10
10
2
2
6
2
2
6
2
13
2
1
6
6
6
6
2
6
2
6
6
2
0
6
2
2
6
2
2
2
6
2
2
2
2
2
6
6
6
6
6
6
6
2
2
6
6
6
6
6
6
6
6
6
6
6
6
6
6
6
6
6
6
6
6
6
6
6
6
6
6
6
6
6
6
6
6
6
6
6
6
6
8
6
6
6
6
6
6
6
6
6
6
13
6
13
1
1
1
1
8
8
8
8
6
8
8
13
13
1
1
1
1
10
8
8
13
6
13
13
13
13
13
8
8
8
1
6
1
1
8
1
1
1
1
40
1
1
8
8
8
40
40
1
34
40
10
10
8
8
8
8
8
8
13
8
10
8
8
8
8
8
6
6
8
8
8
8
8
20
20
8
40
40
20
8
20
8
20
20
8
20
20
20
20
20
20
20
20
20
20
20
6
6
20
20
20
20
20
20
20
20
20
6
8
20
20
42
42
8
20
20
8
20
20
42
8
10
10
8
8
8
8
20
20
16
12
16
12
12
12
22
22
16
16
8
8
8
8
8
3
3
3
8
8
3
3
3
8
8
19
19
3
3
19
19
19
3
3
19
19
3
3
19
19
3
3
19
19
19
19
19
19
19
19
19
19
19
19
19
19
19
19
19
19
19
19
19
19
19
19
19
19
19
19
19
19
19
19
19
19
19
19
19
13
13
13
13
13
0
9
25
25
25
25
9
9
9
9
9
9
9
9
9
9
9
9
9
9
9
9
9
9
9
9
9
9
9
9
9
9
9
9
9
9
17
17
9
9
17
9
17
17
17
17
17
17
17
17
17
17
17
17
17
17
17
17
17
17
17
17
17
4
17
4
4
4
4
4
4
4
4
4
4
4
4
4
17
12
40
40
6
6
6
6
6
6
6
1
1
1
1
28
28
28
28
1
28
28
23
28
28
28
23
28
23
23
28
28
28
23
23
28
23
23
23
23
23
23
23
23
23
23
23
23
23
23
23
23
23
23
23
23
23
23
23
23
23
23
23
5
23
23
23
23
23
23
5
5
5
5
23
5
26
29
29
29
14
40
26
29
14
26
26
29
29
29
26
29
14
26
26
29
14
26
26
26
14
14
26
26
14
26
14
14
14
26
26
14
14
14
14
14
14
14
14
14
14
14
14
14
14
14
14
14
14
14
14
14
14
14
14
14
14
12
12
12
12
12
12
26
26
26
26
25
25
25
25
25
25
25
25
25
25
25
25
25
35
35
35
35
35
35
35
35
35
35
35
35
35
35
35
16
16
16
16
16
16
16
16
16
16
16
16
24
24
24
24
24
24
24
24
24
24
24
24
24
24
24
24
24
24
24
24
24
24
24
24
41
41
41
41
41
41
41
41
41
41
41
41
41
41
41
41
41
41
41
41
41
41
35
10
10
10
10
10
10
10
10
10
10
36
36
36
36
36
36
36
36
36
36
36
36
36
36
2
2
7
2
7
2
2
2
2
7
7
7
7
7
7
7
7
31
7
7
7
31
31
31
31
31
31
31
31
31
31
31
31
31
31
31
31
31
31
31
31
31
31
31
31
31
31
31
31
30
30
30
30
30
30
30
30
30
30
30
30
30
27
30
30
27
27
27
27
27
27
27
27
27
27
27
27
27
27
27
27
27
27
27
27
27
27
27
27
27
27
27
27
27
27
15
15
15
15
15
12
21
21
21
21
21
21
21
21
21
21
21
21
22
22
21
21
36
22
22
21
22
22
22
22
22
22
22
22
22
39
22
22
22
39
22
39
39
39
39
39
39
39
39
39
39
39
39
39
39
39
39
39
39
38
38
38
38
38
38
38
38
38
38
38
37
37
37
37
37
37
37
37
38
37
37
37
37
37
37
37
37
37
37
37
37
37
37
37
37
37
37
37
37
37
37
37
37
37
37
33
37
37
37
33
33
33
33
33
33
33
33
33
33
33
33
40
40
40
40
40
40
40
40
40
40
40
40
40
40
40
40
40
40
