20
1
13
20
20
20
20
20
20
20
20
20
20
20
20
20
8
42
8
20
20
20
20
20
8
8
20
42
42
20
42
42
20
42
8
8
42
8
8
8
8
8
8
8
8
8
8
8
8
8
13
8
8
8
8
8
8
8
8
8
8
8
8
3
3
8
8
6
3
3
3
13
3
3
3
3
3
3
3
3
3
3
3
3
3
3
3
19
3
3
3
19
19
3
3
19
19
6
13
4
13
40
13
13
6
6
6
13
13
40
13
13
40
0
0
0
0
0
0
0
0
0
0
0
0
0
0
0
0
0
0
0
0
0
0
0
0
0
0
0
0
0
0
0
0
13
0
0
13
6
13
6
6
6
6
6
6
6
6
6
6
4
17
4
4
4
17
4
4
4
4
4
4
6
13
6
6
13
5
6
6
6
13
5
13
40
40
23
40
23
23
23
23
23
23
23
23
23
23
23
23
23
23
23
40
23
23
23
40
23
23
40
40
23
23
23
40
23
23
23
5
5
23
5
23
23
23
23
23
23
23
23
5
23
23
23
5
5
5
5
5
5
5
5
29
29
5
5
5
14
14
14
14
14
14
14
14
14
14
14
14
14
14
14
14
14
14
14
14
14
14
14
14
14
14
14
14
14
14
14
14
12
14
14
14
14
14
14
14
14
14
14
14
12
12
12
14
12
12
14
14
12
14
14
14
12
12
14
14
12
12
12
12
12
12
12
12
12
25
25
25
25
25
25
25
25
25
25
25
25
25
25
25
25
25
25
35
35
35
35
35
35
35
35
35
35
35
32
1
13
13
0
6
10
16
16
16
16
16
16
16
16
16
16
16
16
16
16
16
16
16
16
24
24
24
24
24
24
10
10
10
10
24
16
16
16
41
41
41
24
41
41
41
41
41
41
41
41
41
41
41
41
41
41
41
41
41
41
41
41
41
41
41
41
41
41
41
41
41
41
16
24
24
24
24
24
24
24
10
10
41
41
41
41
10
10
10
10
10
10
10
10
36
36
36
36
36
36
36
36
36
36
36
36
36
27
2
2
2
2
2
2
2
2
2
2
2
2
2
2
7
7
7
7
7
7
7
7
7
7
7
7
7
7
7
7
7
7
7
7
7
7
31
7
31
31
7
31
31
31
31
31
31
31
31
31
31
31
31
31
31
31
31
30
30
30
30
30
30
30
30
30
30
30
30
30
30
30
30
30
30
30
30
30
30
30
27
27
27
30
30
30
27
30
27
27
27
30
30
27
27
27
27
27
27
27
27
27
27
15
15
15
15
15
15
21
21
21
21
21
21
21
21
21
21
21
21
21
21
22
21
21
21
21
21
22
22
22
22
22
22
22
22
22
22
22
22
22
22
39
22
22
39
39
39
39
39
39
39
39
39
39
39
39
39
39
39
39
39
39
39
38
38
38
38
38
38
38
38
38
38
38
38
38
38
38
38
38
38
38
38
38
37
38
38
38
38
38
38
38
38
38
38
38
38
38
38
38
38
38
38
38
38
37
38
37
37
38
37
37
37
37
37
37
37
37
37
37
37
37
18
18
37
37
37
37
37
37
37
37
37
18
33
18
37
33
33
33
33
33
33
33
33
33
33
33
33
33
33
40
40
40
40
40
40
40
40
40
40
40
40
40
40
40
40
40
40
40
40
40
40
40
40
40
