2
2
2
2
2
2
1
1
1
1
2
2
2
2
2
2
2
2
6
2
6
2
2
6
6
1
1
1
2
2
2
2
34
10
10
2
6
1
1
1
2
6
34
2
1
1
34
34
20
8
20
20
20
8
34
1
34
34
34
1
1
34
1
1
1
1
8
6
20
8
8
8
8
20
42
8
20
42
20
20
42
42
20
20
20
8
20
20
20
20
20
20
20
20
20
20
20
20
20
20
20
20
20
20
20
42
42
42
42
42
42
42
8
8
42
8
8
8
8
8
8
8
8
8
8
8
8
8
8
8
3
8
3
8
3
3
3
3
3
3
3
3
3
3
3
3
3
3
3
3
3
3
19
3
19
3
19
19
19
19
19
19
19
19
19
19
19
19
19
19
19
13
13
13
13
13
13
0
13
0
0
0
9
0
9
0
0
0
9
0
0
0
9
9
0
9
9
9
9
9
9
9
9
9
9
9
9
9
9
9
9
9
9
9
9
9
9
9
9
17
17
17
17
17
17
17
17
17
17
17
17
17
17
17
17
4
4
4
17
4
17
4
4
4
4
4
4
4
4
4
4
4
6
6
6
6
6
6
6
6
6
6
6
6
6
12
12
1
12
1
1
1
1
1
1
1
1
1
1
1
1
1
28
28
1
28
28
28
28
1
1
28
28
28
28
28
28
23
23
23
23
23
23
23
23
23
23
23
23
23
23
23
23
23
23
23
23
23
23
23
23
23
23
23
23
23
23
23
5
5
23
5
23
5
5
5
5
5
5
5
29
29
29
29
29
29
29
29
29
29
29
29
29
29
29
29
29
29
29
26
26
26
29
26
26
14
26
26
26
26
26
26
26
14
14
14
14
14
26
14
14
14
14
14
14
14
14
14
14
14
14
14
14
14
14
12
12
12
12
12
14
12
12
12
12
12
12
26
25
25
25
25
25
25
25
25
25
25
25
25
25
25
25
35
35
35
35
35
35
35
35
35
35
35
35
35
35
35
35
35
10
35
16
16
16
16
16
16
16
16
16
16
16
16
16
16
16
16
16
24
24
24
24
24
24
24
24
24
24
24
24
24
24
24
24
24
41
41
41
41
41
41
41
41
41
41
41
41
41
41
41
41
41
41
41
41
41
41
41
41
41
10
10
10
10
10
10
10
36
36
36
36
36
36
36
36
36
36
36
36
36
36
36
2
2
2
2
2
2
2
2
2
2
7
7
7
7
7
7
7
7
7
7
7
7
7
7
31
31
31
31
31
31
31
31
31
31
31
31
31
31
31
31
31
31
31
31
31
31
31
31
31
31
31
31
31
31
31
30
30
30
30
30
17
30
30
30
30
30
30
30
17
30
17
30
30
30
30
30
30
27
27
30
30
30
27
27
27
17
27
30
27
27
27
27
27
27
27
27
17
15
15
15
15
15
15
15
15
15
15
27
15
21
21
15
21
21
21
21
21
21
21
21
21
21
21
21
21
21
21
21
21
21
21
21
21
21
21
21
21
21
21
21
21
21
21
21
21
22
22
21
22
22
22
22
39
39
39
22
39
22
22
22
39
22
39
39
39
39
39
39
39
39
39
39
39
39
39
39
39
39
39
39
39
39
39
39
39
39
39
39
39
39
39
39
39
39
39
39
39
39
39
39
39
39
39
39
39
39
39
39
39
39
39
38
38
38
38
38
38
38
38
38
38
38
38
38
38
38
38
38
38
38
38
38
38
37
38
37
37
37
37
37
37
37
37
37
37
37
37
37
37
37
37
37
37
37
37
37
37
37
37
37
37
37
37
33
33
33
33
33
33
33
33
33
33
33
33
33
33
40
33
40
33
33
40
40
40
40
40
40
40
40
40
40
40
40
40
40
40
40
40
40
40
40
