20
1
1
1
1
1
1
1
1
1
1
20
20
4
1
1
1
1
1
20
6
20
1
1
1
4
6
6
6
6
6
6
6
6
6
0
8
6
6
6
8
6
6
6
6
6
8
8
8
8
8
6
6
6
8
8
8
6
6
8
42
8
8
8
42
6
6
8
8
8
8
8
8
6
8
8
8
8
6
8
42
8
8
8
8
8
8
8
8
8
8
8
8
8
8
8
8
8
8
8
8
8
8
3
3
3
3
3
3
3
3
3
3
3
3
3
19
3
3
3
19
3
3
3
19
3
3
3
19
3
3
19
19
19
19
19
19
19
19
19
19
19
19
19
19
0
9
4
4
4
4
6
6
6
6
6
6
6
6
6
0
0
0
0
0
9
9
9
9
9
9
9
9
9
9
9
9
9
9
9
9
9
9
9
9
9
9
9
0
0
0
0
0
0
13
6
13
6
6
6
6
6
6
6
6
6
6
6
6
6
6
6
6
6
6
6
6
6
6
6
6
6
6
6
6
6
6
6
6
6
6
6
6
6
6
6
6
6
6
6
6
6
5
5
5
5
5
28
5
13
13
5
5
0
0
5
0
5
5
5
5
5
5
5
5
5
5
5
5
5
5
13
6
14
5
26
26
5
5
29
26
5
29
29
29
26
29
26
26
26
26
29
26
26
26
5
14
26
26
5
12
26
26
26
26
14
26
26
26
14
13
13
14
34
13
13
5
34
13
13
5
34
13
40
26
26
12
12
14
5
26
12
26
26
29
14
26
5
14
5
25
25
25
25
25
25
25
25
25
25
25
25
25
25
25
25
25
25
25
25
25
25
25
25
25
25
25
25
25
25
35
25
35
35
35
35
35
35
35
35
35
32
32
34
35
35
35
16
16
16
16
16
16
16
16
16
16
16
16
16
16
24
24
24
24
24
24
24
24
24
24
24
24
24
24
24
24
24
24
24
24
24
24
24
41
41
24
41
41
41
41
41
41
41
41
41
41
41
24
10
10
10
10
10
10
10
10
10
36
36
36
36
36
36
36
36
36
36
36
36
36
36
36
6
36
7
2
7
7
7
7
2
2
2
7
7
7
7
7
7
7
7
7
7
7
7
7
7
7
7
31
7
7
31
7
31
31
7
31
31
31
31
31
31
31
31
31
31
31
31
31
31
31
31
31
31
31
31
31
31
31
31
31
31
31
31
30
31
30
40
30
5
30
23
31
31
30
30
30
23
33
40
40
30
30
31
30
30
31
31
31
23
30
30
30
30
30
31
31
23
31
27
27
27
15
15
15
15
15
15
15
21
15
15
15
15
15
17
30
15
15
15
15
15
15
15
15
21
21
21
21
21
21
21
21
21
21
21
22
21
39
21
21
21
21
22
21
21
22
21
22
21
22
21
21
22
39
21
39
39
39
39
39
39
39
39
39
39
39
39
21
21
39
39
39
39
39
39
39
39
39
39
39
39
22
22
39
22
22
39
39
39
39
39
39
39
39
22
22
39
39
39
39
39
39
39
39
39
39
39
39
39
39
39
39
39
39
39
39
39
39
39
39
39
39
39
39
39
39
38
38
38
38
38
37
37
38
38
38
37
38
38
38
38
38
38
37
37
37
37
37
37
37
37
37
38
38
38
38
38
38
38
38
37
38
37
37
38
37
37
37
37
37
37
37
37
37
37
37
37
37
37
37
37
37
37
37
37
37
37
37
18
18
37
33
33
33
33
33
33
33
33
33
33
33
33
33
33
33
33
33
33
33
33
33
33
40
40
40
40
40
40
40
40
40
40
40
40
40
40
40
40
40
40
