2
6
6
6
6
6
6
6
6
6
6
6
6
6
6
6
6
6
6
6
6
6
6
1
1
1
6
1
6
1
1
1
2
1
1
1
1
1
6
6
6
6
1
6
1
10
2
10
1
6
6
1
6
6
1
1
1
1
1
6
6
1
1
2
2
2
2
2
2
34
1
1
1
6
6
6
6
6
6
6
13
8
2
6
8
1
1
1
1
2
2
1
2
2
2
1
34
1
2
1
1
2
1
1
1
6
6
8
6
6
6
6
6
6
6
6
6
6
6
6
6
6
6
6
6
6
6
8
6
6
6
6
6
6
6
6
6
8
13
13
6
6
6
6
6
8
6
8
8
8
8
8
8
8
8
8
8
42
42
8
8
8
8
42
8
8
42
6
8
6
8
8
8
42
8
6
8
8
8
8
8
8
42
42
8
8
8
8
8
8
8
8
8
8
8
8
8
8
8
8
8
8
8
8
8
8
8
8
8
8
3
8
12
8
3
3
3
3
19
3
19
3
19
19
19
3
19
19
3
3
19
19
19
3
19
19
19
3
19
19
19
19
19
19
19
19
19
19
19
19
19
19
19
19
19
19
19
19
19
19
19
13
13
13
40
13
13
40
8
3
8
13
19
0
19
9
17
9
9
9
9
17
9
9
17
9
9
9
17
9
17
9
17
9
9
9
17
17
17
17
17
17
17
17
17
17
17
9
17
17
17
17
17
17
4
17
17
17
17
17
17
17
4
19
4
17
4
17
4
4
4
17
4
19
17
19
4
21
4
15
4
4
4
21
12
12
6
6
13
13
6
6
13
1
1
13
1
1
1
28
1
1
1
1
1
5
1
13
1
28
40
5
1
1
1
28
28
28
13
13
23
23
23
23
23
23
23
23
23
23
23
23
23
23
23
23
23
23
23
23
23
23
23
23
23
23
23
23
23
23
23
23
5
5
23
23
5
5
29
29
29
29
29
29
29
29
29
29
29
29
29
29
29
29
29
29
26
29
29
29
29
29
29
29
26
29
29
29
14
26
26
29
26
26
29
14
26
26
26
26
14
26
26
26
26
26
26
14
14
14
26
14
14
14
14
14
14
14
14
14
14
14
26
14
14
14
25
25
25
25
25
25
25
25
25
25
25
25
25
25
25
35
35
35
35
35
35
35
35
35
35
35
12
35
35
23
35
35
35
35
16
16
16
16
16
16
16
16
16
16
16
16
16
16
16
16
16
16
24
24
16
24
24
24
24
24
24
24
24
24
24
24
24
24
24
24
24
24
41
41
41
41
41
41
41
41
41
41
41
41
41
41
41
41
41
41
41
41
41
41
41
41
41
41
10
10
10
10
10
10
10
36
36
36
36
36
36
36
36
36
36
36
36
36
2
2
36
2
2
2
2
2
2
2
2
2
2
2
2
2
7
7
7
7
7
7
7
7
7
7
31
31
31
31
7
31
31
31
31
31
31
31
31
31
31
31
31
31
31
31
31
31
31
31
31
31
31
31
31
30
30
30
30
30
30
27
27
27
27
27
30
27
27
27
27
27
27
27
27
27
27
27
27
27
27
27
27
27
15
27
27
27
15
27
27
27
27
27
27
15
15
27
15
15
15
15
15
15
15
21
21
21
21
21
21
21
21
21
21
21
21
22
21
21
21
22
22
22
22
22
22
22
22
22
22
22
22
22
39
39
22
39
39
39
39
39
39
39
39
39
39
39
39
39
39
39
39
39
39
39
38
38
38
38
38
38
38
38
38
38
38
38
38
38
38
38
38
38
38
38
38
38
38
38
38
38
37
38
38
38
38
38
38
38
38
38
38
38
38
38
38
38
38
38
37
37
37
38
38
37
37
37
37
37
37
37
37
37
37
37
37
37
37
37
37
37
37
37
37
37
37
37
18
18
33
33
33
33
33
33
33
33
33
33
33
33
33
33
33
33
33
33
33
33
40
40
40
40
40
40
40
40
40
40
40
40
40
40
40
40
40
40
40
40
40
40
