34
34
20
8
8
16
42
8
34
20
34
34
34
34
34
34
8
34
20
20
20
20
20
20
20
8
13
3
8
1
8
8
8
13
8
8
8
13
8
8
3
3
3
8
8
3
1
8
1
1
3
3
3
3
3
3
1
1
3
1
1
3
3
3
1
1
3
3
1
3
3
3
1
3
3
3
3
3
3
3
3
3
3
3
3
19
3
19
3
19
3
3
3
13
13
13
13
13
13
1
1
1
6
6
6
6
6
6
0
0
0
0
0
0
0
0
0
0
0
0
0
0
0
0
0
0
0
0
0
0
0
0
0
0
0
0
0
0
0
0
0
0
0
0
9
9
9
13
9
5
13
9
9
5
13
0
0
5
13
4
4
5
9
4
4
4
4
4
4
13
6
1
13
5
5
6
6
6
6
6
1
6
21
6
6
6
6
6
1
1
1
1
1
1
1
1
1
1
1
1
1
1
1
1
1
1
1
1
1
1
1
1
1
1
28
28
28
1
23
28
28
28
23
23
23
28
23
5
23
23
23
23
23
23
5
23
23
23
5
23
5
5
5
5
5
5
5
5
5
40
5
5
40
40
40
5
40
13
14
14
14
40
14
14
14
14
14
26
14
14
14
14
14
14
14
14
14
14
14
14
14
14
14
14
14
14
14
14
14
14
14
14
14
40
14
14
14
14
14
14
14
17
14
14
14
14
14
12
12
40
12
21
12
40
12
12
12
17
12
12
12
6
12
12
12
25
14
5
5
25
25
25
25
25
25
25
25
25
25
25
25
25
25
35
35
35
35
35
35
35
35
35
35
35
35
35
40
16
35
10
10
10
10
16
16
16
16
16
16
16
16
16
16
24
16
16
16
24
24
24
24
24
24
24
24
24
24
24
24
24
24
24
24
41
41
41
41
41
41
41
41
41
41
41
41
41
41
41
24
24
24
10
10
10
10
10
10
10
10
10
10
10
36
36
36
36
36
36
36
36
36
2
2
2
2
2
2
2
2
2
2
2
2
2
2
2
2
2
2
2
2
2
7
7
7
7
7
7
7
7
31
7
7
7
7
7
7
7
7
31
31
31
31
31
31
31
31
31
31
31
31
31
31
31
31
31
31
31
30
31
30
30
30
30
30
30
30
30
30
30
30
30
30
27
27
27
27
27
27
27
27
27
27
27
27
27
27
27
27
27
27
27
27
27
27
27
27
27
27
15
27
27
27
15
15
15
15
15
15
21
21
21
21
21
21
36
36
36
21
21
21
21
22
22
22
22
21
22
22
22
21
22
22
22
21
21
21
21
22
22
22
22
22
22
22
22
22
22
40
21
21
39
33
22
30
22
33
27
17
22
17
17
30
22
30
21
17
33
22
22
17
22
30
17
17
39
27
17
17
39
22
22
30
22
39
22
21
39
39
39
17
39
39
39
21
39
39
39
21
39
39
39
39
39
39
39
39
39
39
39
39
33
39
39
39
39
39
39
39
39
39
39
39
39
39
39
39
39
39
39
39
39
39
38
39
39
39
39
38
38
38
39
39
38
39
39
39
39
38
38
38
38
37
37
38
38
37
38
38
37
38
38
38
38
38
38
37
38
37
38
38
38
38
37
38
38
38
38
38
38
38
38
38
38
38
38
38
38
37
38
37
38
37
37
37
37
37
37
37
37
37
18
18
37
37
37
37
37
37
37
18
18
37
37
37
18
37
37
37
18
37
18
33
33
33
33
33
33
33
33
33
33
33
33
40
40
40
40
40
40
40
40
40
40
40
40
40
40
40
40
40
40
40
40
40
40
40
40
40
40
40
40
