2
2
2
1
20
20
20
20
20
20
42
42
20
20
20
20
20
20
20
20
20
20
20
20
20
20
42
42
42
42
20
42
42
42
42
42
42
42
20
20
42
6
20
20
8
20
42
20
20
42
42
42
42
42
42
42
42
42
42
42
42
42
8
42
8
8
8
8
8
8
8
8
8
8
8
8
8
8
3
3
3
3
3
3
3
3
3
3
3
3
3
3
3
3
3
3
3
3
3
3
3
3
3
3
3
3
19
19
3
3
19
3
19
19
19
19
19
19
19
19
19
19
19
19
19
9
9
13
0
13
13
0
13
0
0
0
0
0
9
9
9
0
9
17
9
9
9
9
17
9
9
9
9
9
9
9
9
9
9
9
17
9
9
9
17
9
9
17
17
17
17
17
17
9
17
17
17
17
17
17
17
17
17
17
17
17
4
4
4
4
4
17
17
4
4
4
4
4
4
4
4
4
4
4
4
4
6
15
6
6
6
6
6
6
6
6
6
6
6
6
6
6
6
1
1
1
1
1
1
1
1
1
1
1
1
1
1
1
1
1
28
23
1
1
1
28
1
28
23
23
28
23
23
23
23
23
23
23
23
23
23
23
23
23
23
23
23
23
23
23
23
23
23
23
23
23
23
5
5
5
5
5
5
5
5
5
5
5
5
29
5
5
29
29
29
29
5
5
5
5
5
5
5
5
29
5
5
5
5
29
5
5
5
14
5
14
14
14
5
14
14
5
5
14
14
5
14
14
14
14
14
5
14
14
14
14
14
14
14
14
14
14
14
14
12
12
12
12
12
12
14
29
5
29
5
5
5
29
5
5
29
13
29
29
14
14
14
29
14
29
14
14
12
26
12
12
12
26
12
12
12
26
12
26
12
12
12
26
12
26
12
12
12
12
12
12
12
26
12
12
12
12
12
12
12
12
12
12
12
12
12
12
12
12
12
12
12
25
25
25
25
25
25
25
25
25
25
25
25
25
25
25
25
25
35
35
35
35
35
35
35
35
35
35
35
35
35
35
16
35
16
16
16
16
16
16
24
24
24
24
24
24
24
24
24
24
24
24
24
24
24
24
24
24
24
24
24
24
24
24
24
24
24
24
24
24
41
41
41
41
41
41
41
41
41
41
41
41
41
41
41
41
41
41
41
41
10
10
10
10
10
10
10
10
10
10
10
36
36
36
36
36
36
36
36
36
36
36
2
2
36
2
2
2
2
2
2
2
2
2
2
2
7
7
7
7
7
7
7
7
7
7
7
7
7
7
7
31
7
7
7
7
7
7
31
31
31
31
31
31
31
31
31
31
31
31
31
31
31
31
31
31
31
30
31
31
31
30
31
30
30
30
30
30
30
30
30
30
30
30
30
30
27
30
30
30
27
30
27
27
27
27
27
27
27
27
30
30
27
27
27
27
15
27
27
15
15
15
15
15
15
27
15
15
15
15
15
15
15
21
15
21
21
21
21
21
21
21
35
35
28
28
22
22
22
22
22
22
22
22
22
22
22
22
39
22
22
22
39
22
22
22
39
39
22
22
39
39
39
39
39
39
39
39
39
39
39
22
39
39
39
22
22
33
33
39
39
38
39
37
32
33
37
40
38
38
38
37
38
37
37
37
37
37
37
37
38
38
43
38
38
40
37
38
38
38
38
40
37
37
37
37
38
37
33
33
33
37
33
33
38
37
33
37
38
38
37
37
37
38
40
37
37
37
37
37
37
37
37
33
37
37
37
33
37
33
40
40
43
43
37
37
43
33
33
33
33
33
37
33
37
33
37
33
33
33
43
33
37
33
37
33
37
37
37
43
37
43
43
33
37
43
43
43
43
33
43
33
43
43
43
43
43
43
43
33
37
43
43
33
37
43
34
34
37
43
43
43
40
40
33
33
33
33
33
33
33
33
43
40
40
43
33
33
33
43
43
33
40
43
43
33
33
33
33
40
40
40
40
40
40
40
40
40
40
40
40
40
40
40
40
40
40
40
40
40
40
40
40
40
40
40
40
40
40
40
40
40
40
40
40
40
40
40
