2
2
2
2
2
1
2
2
2
2
2
2
2
2
2
2
2
2
2
2
2
2
2
2
2
2
2
2
1
2
2
2
2
2
2
1
8
2
2
2
2
2
2
2
2
2
2
2
2
2
1
2
1
1
1
1
1
1
6
1
2
1
1
2
2
2
2
2
1
1
2
1
1
2
1
2
2
1
1
1
6
6
6
6
6
6
1
1
1
6
6
6
6
13
6
6
1
6
6
1
1
1
6
6
13
13
1
1
1
6
6
6
6
6
6
1
1
1
20
8
42
8
20
1
20
20
1
6
20
20
6
42
42
42
8
8
8
42
8
42
8
42
42
42
8
42
42
1
20
8
20
20
1
1
1
1
33
40
40
40
40
43
43
13
40
43
13
40
1
13
8
8
8
8
3
3
3
3
3
13
3
1
3
3
3
1
1
3
3
40
3
3
19
13
1
10
19
3
1
3
3
3
3
3
3
3
3
10
3
19
3
3
3
3
23
3
19
19
19
19
19
19
19
19
19
19
19
19
19
19
19
19
19
19
19
19
19
19
19
19
19
19
19
19
19
19
19
19
19
19
13
13
13
4
13
13
4
6
0
4
0
6
6
6
0
0
0
0
0
0
0
0
0
9
9
9
0
9
9
9
9
9
9
9
9
9
9
9
9
9
9
9
9
9
9
9
17
9
17
9
17
17
17
17
17
17
17
17
17
17
17
17
17
17
17
17
17
17
17
17
17
17
17
17
17
17
4
4
4
4
4
5
10
10
10
13
13
13
13
13
10
13
0
13
13
13
13
13
5
13
13
40
5
13
28
40
28
13
23
23
28
23
23
28
23
28
28
23
23
28
23
23
23
23
23
28
5
23
23
23
5
23
5
23
5
23
23
23
5
5
5
23
5
23
5
5
5
5
5
5
5
23
5
5
14
5
5
5
14
23
5
40
14
12
12
12
14
12
14
29
29
29
29
29
14
14
29
29
29
29
29
29
29
29
29
29
29
29
29
29
29
29
29
29
29
29
29
26
29
29
29
29
26
26
14
26
26
26
14
26
14
14
14
14
26
14
14
14
14
14
14
14
14
14
14
14
14
14
12
12
12
12
12
12
12
12
12
12
12
12
12
25
25
25
25
25
25
25
25
25
25
25
25
25
25
25
25
25
25
25
25
25
35
35
35
25
35
35
35
35
35
35
35
35
35
6
35
35
16
16
16
16
16
16
16
16
16
16
16
16
16
16
24
24
24
24
24
24
24
24
24
24
24
24
24
24
24
24
24
24
24
24
24
24
41
41
41
41
41
41
41
41
41
41
41
41
41
41
41
41
41
10
10
10
10
10
10
10
10
10
10
10
10
24
10
10
10
34
24
10
36
10
10
36
36
36
36
36
36
36
30
36
36
30
30
30
30
7
7
7
7
7
7
7
7
7
7
7
7
7
7
7
7
7
7
7
7
7
7
7
31
31
31
31
31
31
31
31
31
31
31
31
31
31
31
31
31
31
31
31
31
31
31
31
31
31
31
31
31
31
30
30
30
30
30
30
30
30
30
30
31
30
30
30
31
31
30
31
30
32
23
30
30
31
30
30
30
30
30
30
30
30
30
27
27
30
30
30
30
30
30
30
27
27
30
30
30
27
27
15
4
15
15
4
4
4
4
4
4
4
15
15
15
15
30
15
21
21
21
21
21
21
21
21
21
21
21
21
21
22
22
21
21
21
22
22
22
22
21
21
22
21
21
21
22
21
21
21
22
22
22
22
22
21
22
22
22
22
22
39
22
22
22
39
39
39
39
39
39
39
39
39
39
39
39
39
39
39
39
39
39
39
39
39
39
39
39
39
39
39
39
39
39
39
39
39
39
39
39
39
39
39
39
39
39
39
39
39
39
39
39
39
39
39
39
39
39
39
39
39
39
39
39
39
39
39
38
39
39
39
38
38
38
38
39
39
39
39
39
38
38
38
38
38
38
38
37
37
37
37
37
37
37
37
37
37
37
37
37
37
37
37
37
37
37
37
37
37
37
37
37
37
37
18
37
37
33
33
33
33
33
33
33
37
33
33
33
33
33
33
33
33
33
33
33
40
40
40
40
40
40
40
40
40
40
40
40
40
40
40
40
40
40
40
