20
20
20
20
20
20
20
20
20
20
20
42
42
20
42
42
20
42
42
42
42
42
20
20
42
20
42
42
42
8
8
42
42
8
42
8
8
8
8
8
8
8
8
8
8
8
3
8
3
3
3
3
3
8
13
3
3
8
3
3
3
3
3
3
3
3
3
3
3
3
3
3
3
3
19
3
19
3
19
3
19
3
5
3
5
5
19
19
19
5
5
3
13
3
13
13
13
13
4
0
6
6
6
6
6
6
6
0
0
0
0
0
0
0
0
0
9
0
0
0
9
0
9
9
9
9
0
0
9
0
9
0
9
9
9
0
9
0
9
9
9
9
9
40
40
9
4
4
4
4
4
4
4
4
4
4
4
4
4
4
4
4
4
4
4
4
4
4
4
4
4
4
4
6
4
6
6
4
4
6
6
0
9
0
0
6
6
6
1
6
1
6
6
6
1
1
1
1
1
1
1
1
28
1
28
28
1
1
1
28
1
1
1
28
28
28
23
23
28
28
23
23
23
23
23
23
23
23
23
23
23
23
23
23
5
5
5
23
5
5
5
5
5
5
5
5
5
5
5
13
5
29
29
29
29
1
29
29
29
29
29
29
14
29
29
29
29
29
29
29
29
26
29
29
29
26
26
29
29
26
29
26
29
26
26
14
26
14
14
14
29
14
14
14
26
14
14
14
26
14
12
12
12
12
12
12
12
12
12
12
12
12
12
12
12
12
12
12
29
12
26
25
25
25
25
25
25
25
25
25
25
25
25
25
25
25
25
25
35
25
25
25
25
35
35
35
35
25
35
35
6
1
1
35
16
16
24
16
24
16
16
24
24
24
24
16
16
24
24
24
24
24
24
24
24
24
24
24
24
24
24
24
24
24
24
24
24
24
24
41
41
24
41
41
41
41
41
41
41
41
41
41
41
41
41
41
41
41
41
41
41
41
10
10
10
10
10
10
10
10
10
10
10
36
36
36
36
36
36
36
30
36
36
36
36
36
30
2
2
2
2
2
2
2
2
2
2
2
2
2
2
2
2
2
2
2
7
7
7
7
31
31
31
31
31
31
31
31
31
31
31
31
31
31
31
31
31
31
31
31
31
31
31
31
31
31
31
31
31
31
31
30
30
30
30
30
30
30
30
30
27
30
30
30
27
27
30
27
27
27
27
27
27
27
27
27
27
27
27
27
27
27
27
27
27
27
27
27
27
27
27
27
27
27
27
27
27
15
15
15
15
15
15
21
21
21
21
21
21
21
21
21
21
21
21
21
21
21
21
21
21
21
21
21
21
21
21
21
21
21
21
21
22
22
22
22
22
22
22
22
22
39
39
39
39
39
39
39
39
39
39
39
39
39
39
39
39
39
39
39
39
38
38
38
38
38
38
38
38
38
38
38
38
38
38
38
38
38
38
38
38
38
38
37
37
37
37
37
37
37
37
37
37
37
37
37
37
37
37
37
37
37
37
37
37
37
37
37
37
18
37
37
37
37
33
37
18
37
18
37
37
33
33
37
18
37
33
18
33
33
33
43
33
33
33
43
33
33
33
34
33
33
33
33
40
33
33
33
33
43
33
43
43
43
43
33
43
43
43
33
43
33
33
33
33
33
40
33
43
43
43
43
40
43
43
43
43
43
43
33
40
40
40
40
40
40
40
40
40
40
40
40
40
40
40
40
40
40
40
40
40
40
40
40
40
40
40
40
40
