2
1
1
2
2
2
2
2
2
2
2
2
2
2
2
2
2
2
2
2
2
2
2
2
2
2
2
2
2
2
2
2
2
2
2
2
2
2
2
2
2
2
2
1
2
1
1
1
1
1
1
2
1
1
1
1
1
1
1
1
2
1
13
2
1
8
3
2
1
1
1
6
1
1
6
1
1
2
13
13
13
2
8
6
13
13
6
6
6
6
13
13
6
0
6
0
6
6
6
6
6
6
20
20
6
8
6
13
8
8
8
6
8
8
6
6
6
6
6
6
6
6
6
6
6
6
6
6
6
6
6
6
6
6
6
6
6
6
6
6
6
6
6
6
6
6
6
6
6
6
6
6
6
6
6
6
6
6
6
6
6
6
8
6
6
6
13
6
6
8
6
6
13
13
13
8
6
6
6
8
20
8
8
6
6
6
6
8
13
13
13
6
40
6
6
6
6
20
6
13
8
8
20
42
20
8
8
20
42
8
8
8
42
42
8
8
8
13
7
7
8
10
10
10
10
10
10
10
10
10
10
10
10
10
10
10
10
0
10
10
10
10
10
10
3
8
10
3
8
3
3
3
3
8
3
8
8
8
3
3
3
3
3
3
3
8
19
3
3
3
19
3
3
3
19
3
3
3
19
19
19
19
19
19
19
19
19
19
19
19
19
19
19
19
19
19
19
8
4
13
13
13
13
6
6
6
0
9
9
9
9
9
17
17
17
9
9
9
9
9
9
9
9
9
9
9
9
9
17
9
17
17
17
17
17
17
17
17
17
17
17
17
17
17
17
17
17
17
17
17
17
17
17
17
17
17
17
17
17
17
17
4
4
4
4
17
4
40
4
4
21
21
21
4
21
6
6
6
6
6
6
6
6
6
6
1
6
1
1
1
1
1
1
1
28
1
28
28
28
28
28
28
28
28
28
28
28
23
23
28
23
28
23
23
23
23
23
23
23
23
23
23
23
23
23
23
23
23
23
23
23
23
23
23
23
23
23
23
23
23
23
23
23
5
5
5
5
5
28
29
29
29
29
29
29
29
29
29
29
29
29
29
29
29
29
29
29
29
29
29
29
29
29
26
26
26
26
26
26
14
26
26
14
14
26
26
14
14
14
14
14
14
14
14
14
14
14
14
14
14
14
14
14
14
14
14
14
14
14
14
14
14
14
12
12
12
12
26
25
25
25
25
25
25
25
25
25
25
25
25
25
25
25
25
25
25
25
25
25
25
25
25
25
25
25
25
25
25
25
25
25
25
25
35
35
35
35
35
35
35
35
35
35
35
35
10
10
24
10
16
16
16
16
16
16
16
16
16
16
16
16
16
16
16
16
16
16
16
16
24
16
24
24
24
24
24
24
34
41
41
24
24
24
24
24
24
41
41
41
24
24
41
41
41
41
41
41
41
41
41
41
41
41
41
41
41
41
41
41
41
41
41
41
41
41
41
41
41
41
41
41
41
41
41
41
41
34
10
10
10
10
34
32
32
40
40
10
10
36
36
36
36
36
36
36
36
36
36
36
36
36
36
36
36
36
36
36
36
36
30
7
7
7
2
2
2
7
2
2
2
7
7
7
7
7
7
7
7
7
7
7
7
7
7
7
7
31
31
31
31
31
31
31
31
31
31
31
31
31
31
31
31
31
31
31
31
31
31
31
31
31
31
31
31
31
30
30
30
30
30
30
30
30
30
30
30
30
30
30
30
30
30
30
30
30
30
30
30
30
27
27
27
27
27
27
27
27
27
27
27
27
27
27
27
27
15
15
27
27
15
15
27
21
15
15
15
15
15
21
21
21
21
21
21
21
21
21
22
22
22
22
22
22
22
22
22
22
22
22
22
22
22
22
22
39
39
39
39
39
22
39
39
39
39
39
39
39
39
39
39
39
39
39
39
39
39
39
39
39
39
39
38
38
38
38
37
38
37
38
38
38
38
38
38
38
38
38
38
38
38
38
37
37
38
38
37
38
38
38
38
38
38
38
38
38
38
38
38
38
38
38
38
38
37
37
37
37
37
37
37
37
37
37
37
37
37
37
37
37
37
37
37
37
37
37
37
37
37
37
37
37
33
33
37
33
33
33
33
33
33
33
33
33
33
33
33
33
33
33
33
40
33
40
40
33
40
40
40
40
40
40
40
40
40
40
40
40
40
40
40
40
40
40
40
