20
20
20
20
20
20
16
16
16
16
20
1
42
1
20
8
8
8
42
8
8
8
8
8
8
8
8
8
8
8
8
8
8
8
8
8
8
8
8
8
3
3
3
3
3
3
3
3
3
3
3
3
3
3
3
3
3
3
3
3
3
3
3
3
3
3
19
19
19
19
19
19
19
19
19
19
19
13
13
13
13
13
13
13
0
0
0
0
0
0
0
0
0
0
0
0
9
0
0
0
0
9
9
9
9
9
9
9
9
17
17
9
9
17
17
9
9
17
17
17
17
17
17
17
17
17
17
17
17
17
17
17
4
17
17
17
4
4
4
4
4
4
4
4
4
4
4
4
4
4
4
4
4
4
4
4
6
6
6
6
6
6
6
6
6
6
6
6
6
6
1
1
1
1
1
1
1
1
1
1
1
1
1
1
1
1
1
1
1
1
1
1
1
1
1
1
1
28
23
23
23
23
23
23
23
23
23
23
23
23
23
1
23
23
23
23
23
23
23
23
23
23
23
23
23
23
5
5
5
5
5
5
29
29
5
29
29
29
29
29
29
5
5
29
29
29
29
5
29
5
5
29
29
5
5
29
29
29
5
29
29
29
5
29
14
29
29
29
14
14
29
14
14
14
14
14
14
14
14
14
14
14
14
14
14
14
14
14
14
14
14
14
14
14
12
14
12
12
12
12
12
12
12
25
25
25
25
25
25
25
25
25
25
25
25
25
25
25
25
25
25
25
25
25
35
35
35
35
35
35
25
25
25
35
35
35
35
35
35
10
10
10
10
10
16
16
16
16
16
16
16
16
16
16
16
16
16
16
16
16
35
35
35
35
41
24
41
41
41
41
24
24
24
41
24
41
41
41
41
24
41
34
34
10
34
6
10
41
41
41
41
41
41
41
41
41
41
41
41
41
41
41
41
41
41
41
41
41
41
41
41
41
41
41
41
41
10
10
10
10
10
10
10
36
36
36
36
36
36
36
36
36
36
36
36
2
2
2
2
2
2
2
2
2
2
2
2
2
2
2
2
2
2
7
7
7
7
7
7
7
7
7
7
7
7
7
7
7
7
31
31
31
31
31
31
31
31
31
31
31
31
31
31
31
31
31
31
31
31
30
30
31
30
30
31
30
30
30
31
30
30
30
30
30
30
30
30
30
27
27
27
27
27
27
30
27
27
27
30
30
27
27
27
27
27
27
30
27
27
27
15
15
15
27
27
27
15
15
15
15
15
15
15
15
21
21
21
21
21
21
21
21
36
36
21
21
21
21
21
21
21
21
21
21
21
22
22
22
22
22
22
22
22
22
22
22
22
22
22
22
21
21
22
22
22
22
22
22
22
22
22
22
22
22
22
22
22
22
22
22
22
22
22
22
22
22
22
22
22
39
39
39
39
39
38
38
38
38
38
38
38
38
38
38
38
38
38
38
38
38
38
38
38
37
38
38
38
38
38
38
38
38
38
38
38
38
38
38
38
38
37
38
38
38
37
38
37
37
38
37
37
37
37
37
37
37
37
37
37
37
37
18
37
37
37
37
37
37
37
33
33
33
33
33
33
33
33
33
33
33
33
33
33
33
33
33
33
33
33
33
40
40
40
40
40
40
40
40
40
40
40
40
40
40
40
40
40
40
40
40
40
40
40
40
40
40
40
40
40
40
40
40
40
40
40
40
40
40
40
40
40
40
40
40
40
40
40
40
40
40
40
40
40
40
40
40
40
40
40
40
40
40
40
40
40
40
40
40
40
40
40
40
40
40
40
40
40
40
40
40
40
40
40
40
40
40
40
40
40
40
40
40
40
40
40
40
40
40
40
40
40
40
40
40
40
40
40
40
40
