8
8
8
8
8
20
8
34
2
6
6
8
8
8
8
8
8
8
8
8
8
8
8
8
8
8
8
8
8
8
8
8
8
8
8
8
8
8
8
8
8
8
8
42
8
8
8
8
8
8
8
42
8
10
6
6
12
12
35
12
12
12
12
12
1
12
12
1
6
6
6
6
6
6
6
6
6
6
1
12
6
6
6
12
6
6
12
12
8
12
12
12
12
16
16
6
16
6
16
12
12
12
12
12
12
12
4
6
6
6
8
8
8
8
8
8
8
8
8
8
8
8
8
12
8
1
3
1
13
8
13
1
13
13
13
12
8
40
8
1
8
8
3
13
13
5
3
3
23
5
13
19
23
5
19
19
19
5
19
19
5
5
19
19
19
5
19
19
19
5
19
19
19
5
19
19
19
5
19
13
13
13
13
6
6
6
6
0
0
6
6
6
6
6
6
0
6
6
6
6
6
0
0
0
0
9
9
0
9
9
9
0
9
9
9
9
9
9
9
9
9
9
9
0
9
9
9
9
9
9
17
17
9
17
17
9
17
17
17
17
17
17
17
17
17
17
17
17
17
17
17
17
17
17
17
13
4
4
17
9
17
4
13
13
4
17
9
5
4
17
17
4
43
13
5
1
1
1
1
1
1
1
1
1
1
1
1
1
1
1
1
1
1
1
1
28
28
28
23
28
28
28
28
23
28
28
28
28
28
28
23
23
23
23
23
23
23
23
23
23
23
23
23
23
23
23
23
23
23
23
23
23
23
23
23
23
23
23
23
23
5
5
5
5
5
5
29
29
29
29
29
29
26
29
29
29
29
29
29
29
29
29
29
29
26
29
29
29
14
14
14
14
14
14
14
14
14
14
14
14
14
14
14
14
14
14
14
14
14
14
14
14
14
14
14
14
14
14
14
14
14
14
12
12
12
14
14
12
12
12
12
12
12
12
25
25
25
25
25
25
25
25
25
25
25
25
25
25
25
25
25
25
25
25
25
25
35
35
35
35
35
35
35
35
35
35
35
35
35
35
10
35
23
10
34
10
10
10
16
16
16
16
16
16
16
16
16
16
24
16
16
16
24
24
24
16
16
24
16
24
24
24
24
24
24
24
24
24
24
24
24
24
24
24
24
24
24
24
41
41
41
41
41
41
41
41
41
41
41
41
41
41
41
41
41
41
41
41
41
41
24
24
24
24
10
10
10
10
10
10
10
10
36
36
36
36
36
36
36
36
36
36
36
36
36
36
36
2
2
2
2
2
36
2
2
2
2
2
2
2
2
2
2
2
2
7
7
7
7
7
7
7
7
31
7
7
7
7
31
31
31
31
31
31
31
31
31
31
31
31
31
31
31
31
31
31
31
31
31
31
31
30
30
30
30
30
30
30
30
30
30
30
30
30
30
30
30
30
27
30
27
30
27
27
27
27
27
27
27
27
27
27
27
27
27
27
27
27
27
27
27
27
27
27
27
27
15
15
15
15
15
15
21
21
21
21
36
21
21
21
21
21
21
21
21
21
21
21
21
21
21
21
21
21
21
21
22
21
22
22
22
22
22
22
39
39
39
39
39
39
39
39
39
39
39
39
39
39
39
39
39
39
39
39
39
39
39
39
39
39
39
39
39
39
39
39
39
39
37
37
37
37
37
37
37
37
37
37
37
37
37
37
37
37
37
37
37
37
37
37
18
18
33
33
33
33
33
18
33
33
33
33
33
33
33
33
33
40
40
40
40
40
40
40
40
40
40
40
40
40
40
40
40
40
40
40
40
40
40
