1
1
1
34
2
10
14
20
15
21
22
8
8
8
8
8
8
8
8
34
34
34
34
2
34
34
34
34
34
34
2
34
34
34
34
2
2
2
2
34
1
2
2
8
34
6
34
34
34
34
8
8
8
34
34
2
34
2
2
34
34
2
2
2
2
2
2
2
34
34
34
34
34
34
34
1
32
32
34
34
32
20
20
32
32
20
8
34
34
34
34
34
34
20
20
20
20
20
20
20
20
42
20
20
20
42
42
42
8
42
42
8
8
8
8
8
8
8
8
8
8
8
8
8
8
8
8
8
8
8
8
8
8
8
8
8
8
3
3
3
3
3
3
3
3
3
3
3
3
3
3
3
19
19
3
3
3
3
3
3
3
19
3
3
3
3
19
19
19
19
3
19
19
19
19
3
23
19
19
19
19
19
19
3
19
19
19
19
23
19
19
19
19
19
19
19
19
13
13
13
13
13
13
13
13
0
13
0
9
0
0
0
0
0
0
0
9
9
9
9
9
9
9
9
9
9
9
9
9
9
9
9
9
9
9
9
9
9
9
9
9
9
9
9
17
17
17
9
17
17
17
17
17
17
17
17
17
17
17
17
17
4
4
4
17
17
17
4
4
4
4
4
4
6
6
4
4
6
4
6
6
6
6
6
6
6
6
6
6
6
6
6
1
1
1
1
1
1
1
1
1
1
1
1
1
1
1
1
1
1
1
1
1
1
1
28
28
28
28
28
23
23
23
23
28
23
23
23
23
23
23
23
23
23
5
23
23
23
23
23
23
23
5
23
23
5
5
5
5
5
5
5
5
5
5
23
29
14
26
14
26
29
26
26
29
14
26
29
29
29
29
26
26
14
29
26
26
26
26
26
26
14
14
14
14
14
14
14
14
14
26
14
14
14
14
14
14
14
14
14
14
14
14
14
14
14
14
14
14
12
14
14
12
12
12
12
12
12
12
12
12
12
12
12
12
12
25
25
25
25
25
25
25
25
25
25
25
25
25
25
25
35
35
35
35
35
35
35
35
35
35
35
35
35
35
35
35
16
16
16
16
16
16
16
16
16
16
16
16
16
16
16
16
16
16
16
16
16
24
24
24
24
24
24
24
24
16
24
24
24
16
24
24
24
24
24
24
24
41
41
41
41
41
41
41
41
41
41
41
41
41
41
41
41
41
41
41
35
10
10
10
10
10
10
10
36
36
36
36
36
36
36
36
36
36
36
36
36
36
36
36
36
2
2
2
2
2
2
2
2
2
2
2
2
2
2
2
2
2
2
2
2
7
7
7
7
7
7
7
7
7
7
7
7
7
7
7
31
31
31
31
31
31
31
31
31
31
31
31
31
31
31
31
31
31
31
31
30
31
30
30
30
30
30
30
30
30
30
30
30
30
30
30
30
30
30
30
30
30
30
30
30
30
30
30
30
30
27
27
27
27
27
27
27
15
27
15
15
15
15
15
15
15
15
15
15
15
15
21
39
21
21
21
21
21
21
21
21
21
21
22
22
39
22
21
22
22
22
22
22
22
22
22
22
22
22
39
22
39
39
39
39
39
39
39
39
39
39
39
39
39
39
39
39
39
39
39
39
39
38
38
38
38
38
37
38
38
38
38
38
38
38
38
38
38
38
38
38
38
38
38
38
38
37
37
38
38
37
37
38
38
38
38
38
38
38
38
38
38
38
38
38
37
37
37
37
37
33
37
37
33
33
37
37
33
18
37
37
37
18
33
33
33
33
33
33
33
33
33
33
33
33
33
33
33
33
33
33
33
33
33
33
33
33
33
33
40
40
40
40
40
40
40
40
40
40
40
40
40
40
40
40
40
40
40
40
40
40
40
40
40
40
40
40
