42
42
42
42
42
42
42
20
42
20
20
20
20
20
20
20
20
42
42
42
20
42
20
42
42
20
42
42
8
8
8
8
8
8
6
8
8
8
8
8
8
8
8
8
8
8
8
8
8
3
8
8
8
3
8
8
8
3
3
3
3
3
3
3
23
23
3
3
3
3
3
3
3
3
3
3
3
3
3
3
3
3
3
3
3
3
3
3
5
19
3
3
19
19
4
4
13
13
13
13
6
13
6
6
6
6
6
6
6
6
6
6
6
6
6
0
0
0
0
0
0
0
0
0
0
0
0
9
9
0
0
9
9
9
0
9
9
9
0
9
9
9
9
9
9
17
17
17
17
17
17
17
17
17
17
17
17
17
17
17
17
17
17
17
17
17
4
17
4
13
6
10
6
6
6
6
6
6
6
6
6
6
6
6
6
6
6
1
1
14
5
1
14
5
1
6
14
1
1
6
5
29
14
5
23
5
23
28
28
5
5
5
29
14
14
14
14
14
14
14
14
14
14
14
14
14
14
14
14
14
14
14
14
14
26
14
14
14
14
29
14
14
14
14
14
14
14
14
14
14
14
14
14
14
14
14
14
14
14
14
14
12
12
12
14
12
12
12
12
12
12
12
12
12
12
12
12
12
12
12
14
12
12
12
12
12
12
12
12
12
12
12
12
12
12
12
12
12
12
12
14
12
12
12
12
12
12
12
12
12
12
12
12
12
12
12
12
12
12
12
14
12
12
12
12
12
12
12
12
12
12
12
12
12
12
12
12
12
12
12
12
12
12
12
12
25
12
25
25
25
25
25
25
25
25
25
25
25
25
25
35
25
35
35
35
35
35
35
35
35
35
35
35
35
35
35
10
16
16
16
16
16
16
16
16
16
16
16
16
16
16
16
24
16
24
24
24
24
24
41
41
41
41
41
41
41
41
41
41
41
41
41
41
41
41
41
41
41
41
41
41
41
41
41
41
41
41
41
41
41
41
41
41
10
10
10
10
10
10
10
10
10
36
36
36
36
36
36
36
36
36
36
36
36
36
2
2
2
2
2
2
2
2
2
2
2
2
2
2
2
2
2
2
2
7
7
7
7
7
7
7
7
7
7
7
7
7
31
31
31
7
31
31
31
31
31
31
31
31
31
31
31
31
31
31
31
31
31
31
31
31
31
30
30
30
30
30
27
27
30
30
30
30
30
27
27
27
27
27
27
27
27
27
27
27
27
27
27
27
27
27
27
27
27
27
27
27
27
27
27
27
27
27
27
15
15
15
15
15
15
21
21
21
21
21
21
21
21
22
22
22
22
22
22
22
22
22
22
22
22
22
22
22
39
39
39
39
39
39
39
39
39
39
39
39
39
39
39
39
39
39
39
39
39
39
39
39
38
38
38
38
38
38
38
38
38
38
38
38
38
38
38
38
38
38
38
38
38
37
37
38
37
37
37
38
37
38
37
37
37
37
37
37
37
33
37
18
37
33
37
18
37
37
37
18
18
33
18
33
33
33
33
33
33
37
18
33
33
33
33
33
33
40
40
40
40
40
40
40
40
40
40
40
40
40
40
40
40
40
40
40
40
40
40
40
40
40
