40
40
40
40
33
40
40
40
40
40
40
40
19
19
19
19
40
11
11
1
1
19
19
19
5
3
3
3
2
2
2
2
2
2
34
34
34
34
34
34
34
34
34
34
34
34
34
34
34
43
32
34
20
20
43
20
20
20
20
32
34
20
20
34
34
2
2
13
13
13
13
13
2
2
13
13
2
43
43
43
2
2
2
2
10
10
10
10
10
10
10
10
10
10
10
10
10
10
10
10
10
10
10
10
10
10
10
20
34
8
3
4
8
3
8
4
8
8
8
8
8
3
8
8
8
8
8
8
8
8
8
8
8
8
8
8
8
8
8
8
8
8
8
8
8
8
8
8
42
8
8
8
8
8
8
8
8
8
8
8
8
8
8
8
8
8
8
8
8
3
3
3
3
3
3
19
19
19
19
19
3
19
19
19
19
3
3
19
3
19
3
19
19
19
19
19
19
19
19
19
19
19
19
19
19
19
19
19
19
5
19
19
19
19
8
3
13
13
13
13
13
13
6
6
6
0
9
6
6
0
0
0
0
0
0
9
0
9
0
0
0
9
9
9
9
9
9
9
9
9
9
9
9
9
9
9
9
9
9
9
17
9
9
17
17
17
17
17
17
17
17
17
17
17
17
17
17
17
17
17
17
17
17
17
4
17
4
4
17
17
4
4
4
6
4
5
6
29
6
29
29
1
6
14
6
12
29
1
12
29
29
14
14
14
29
29
14
14
14
14
14
14
14
14
29
26
14
26
29
29
14
29
1
1
1
1
1
1
1
1
1
1
1
1
1
1
1
1
1
28
1
1
1
1
1
1
1
28
28
28
28
28
28
28
28
28
28
28
28
23
23
23
23
23
23
23
23
23
23
23
23
23
23
23
23
23
23
23
23
23
23
23
23
23
23
23
23
23
23
5
5
5
23
23
26
26
26
26
26
29
29
29
29
29
29
29
29
29
26
29
29
26
14
26
26
26
14
26
14
26
14
26
14
26
14
14
14
14
14
14
14
14
14
14
14
14
14
14
14
14
14
14
14
14
14
14
14
14
14
12
12
12
14
12
12
12
12
12
12
12
12
12
25
25
25
25
25
25
25
25
25
25
25
25
25
25
25
25
25
25
25
25
25
25
25
25
25
25
25
35
35
35
35
35
25
35
35
35
35
35
35
35
35
16
16
16
16
16
16
16
16
16
16
16
16
16
16
16
16
16
16
16
16
16
16
16
16
16
16
16
24
24
24
41
41
41
24
41
41
41
41
41
41
41
41
41
41
41
41
41
41
41
41
41
41
41
41
41
41
10
10
10
10
10
10
10
10
10
10
10
10
10
36
36
36
36
36
36
36
36
36
36
36
36
36
36
36
36
2
36
2
2
2
2
2
2
2
2
2
2
2
2
2
2
2
2
2
7
7
7
7
7
7
7
7
7
7
7
7
7
31
31
7
31
31
31
31
31
31
31
31
31
31
31
31
31
31
31
31
31
31
31
31
31
31
31
31
31
31
30
30
30
30
30
30
30
30
27
30
30
30
27
30
30
30
27
30
30
27
27
27
27
27
27
27
27
27
27
27
27
27
27
27
27
27
27
27
27
27
15
15
27
27
15
15
15
15
15
15
15
15
15
15
15
21
15
21
21
21
21
21
21
21
21
22
22
21
22
22
22
22
22
22
22
22
22
22
22
22
22
39
39
39
22
22
22
39
39
39
39
39
22
39
39
39
22
39
39
39
22
39
22
39
22
39
22
39
39
22
39
39
39
39
39
39
39
39
39
39
39
39
39
39
39
39
39
39
39
39
39
39
39
39
39
39
38
38
38
38
38
38
38
38
38
38
38
38
38
38
38
38
37
37
38
38
37
37
37
37
37
37
37
37
37
37
37
37
37
37
37
37
37
37
37
37
37
37
37
37
37
37
33
37
37
37
33
33
33
33
33
33
33
33
33
33
40
40
40
40
40
40
40
40
40
40
40
40
40
40
40
40
40
40
40
40
40
40
40
40
40
40
40
40
40
