34
34
34
34
34
34
34
1
13
20
20
6
6
1
6
3
3
1
1
6
34
20
1
6
34
34
20
20
34
20
20
42
20
20
34
20
20
20
20
20
20
34
20
20
20
20
20
20
20
20
20
20
20
20
20
20
20
20
20
20
20
20
20
20
20
6
42
20
8
8
8
8
8
8
8
8
8
8
8
8
8
8
8
8
8
8
8
8
8
8
8
8
3
8
8
8
3
8
8
8
3
3
8
8
3
8
8
8
3
3
8
3
3
3
3
3
3
3
3
3
3
3
3
3
3
3
3
19
19
19
13
13
0
0
9
9
9
9
17
0
9
0
0
0
9
9
0
9
9
9
9
9
9
9
9
9
9
9
9
9
9
9
9
9
9
9
9
9
9
9
9
9
9
9
17
17
17
17
17
17
17
17
17
17
17
17
17
17
17
4
17
17
4
17
4
4
4
4
4
4
4
4
4
4
4
4
6
6
6
6
6
6
6
6
6
6
6
1
1
1
1
1
1
1
1
1
1
1
1
1
1
28
28
28
28
28
28
28
28
1
1
1
28
28
28
28
23
23
28
23
23
23
23
23
23
23
23
23
23
23
23
23
5
5
23
5
5
5
5
5
5
5
5
5
5
5
5
5
5
14
14
29
29
14
26
29
26
14
14
29
29
29
29
29
29
14
26
14
26
14
26
26
26
14
26
26
26
14
26
26
26
14
14
14
14
14
14
14
14
14
14
14
14
14
14
14
14
14
14
14
14
14
14
14
14
14
14
12
12
14
14
12
12
12
12
14
14
12
12
12
12
25
25
25
25
25
25
25
25
25
25
25
25
25
25
25
35
25
25
35
35
35
35
35
35
12
35
35
35
35
35
35
10
10
10
10
16
16
16
16
16
16
16
16
16
16
16
16
16
16
16
16
16
16
24
24
24
16
24
10
24
41
41
41
41
41
41
41
41
41
41
41
41
41
41
41
41
41
41
41
41
41
41
41
41
41
41
41
41
41
41
41
41
41
41
41
41
41
40
10
10
10
10
10
10
10
10
10
36
36
36
36
36
36
36
30
36
36
36
36
30
36
2
2
2
2
2
2
2
2
2
2
2
2
2
2
2
2
2
2
2
2
2
2
7
7
7
7
7
31
31
31
31
31
31
31
31
31
31
31
31
31
31
31
31
31
31
31
31
31
31
31
31
31
31
31
31
31
31
30
30
30
30
30
30
30
30
30
30
30
30
30
30
30
30
30
30
30
30
30
27
27
27
27
27
27
27
27
27
27
27
27
27
27
27
27
27
27
27
27
27
27
27
27
15
15
15
15
15
15
15
21
21
30
21
21
21
21
21
21
21
21
36
21
33
33
33
33
21
33
21
21
33
21
21
21
21
21
21
21
21
22
21
21
22
22
22
22
22
22
22
22
39
39
22
22
39
39
39
39
39
39
39
39
39
39
39
39
39
39
39
39
39
39
39
39
39
39
38
39
38
38
38
38
38
38
38
38
38
38
38
38
38
38
38
38
38
38
38
38
38
38
38
38
38
38
38
38
38
38
38
38
38
38
38
38
38
38
38
38
38
38
38
38
38
37
37
37
37
37
37
37
37
37
37
37
37
37
37
37
37
37
37
37
37
37
37
37
37
18
33
18
33
33
33
33
33
33
33
33
33
33
33
40
33
33
40
40
40
40
40
40
40
40
40
40
40
40
40
40
40
40
40
40
40
40
40
40
40
40
40
