34
2
1
6
6
8
8
8
8
6
42
6
42
4
13
8
8
8
8
8
8
8
8
8
8
8
8
8
8
8
8
8
8
8
3
8
8
3
3
3
8
3
8
8
8
3
3
3
8
3
3
8
3
3
3
3
3
19
3
19
19
19
3
3
19
3
3
3
19
3
3
19
3
19
3
19
13
0
13
13
6
6
13
13
13
0
0
0
0
0
0
9
9
0
0
9
9
0
9
9
9
9
9
9
9
9
9
9
9
9
9
17
9
17
9
17
17
17
17
17
17
17
17
17
17
17
17
17
17
4
17
17
17
17
17
4
4
4
4
4
4
4
4
4
4
4
4
4
4
4
4
4
4
6
6
6
6
6
6
6
6
6
6
6
6
6
6
6
1
1
1
1
1
1
1
1
1
1
1
1
1
1
1
1
1
1
1
1
1
1
1
1
1
28
1
1
23
28
28
23
28
28
28
23
23
23
23
28
23
23
23
23
23
23
23
23
23
23
23
23
23
23
23
23
5
5
5
5
23
5
29
29
29
29
29
29
29
29
29
29
29
1
29
29
29
29
29
29
29
29
29
29
29
29
29
29
29
29
29
29
29
29
29
29
29
29
26
29
29
29
29
29
29
29
29
29
29
29
14
29
29
14
14
29
29
14
14
29
29
12
14
14
14
12
14
14
29
35
25
25
25
25
25
25
25
25
25
25
25
25
25
25
25
25
25
25
25
25
25
35
25
25
25
25
35
35
35
35
16
10
10
10
10
10
10
16
16
16
16
16
16
16
16
16
16
16
16
16
16
16
16
16
16
16
16
10
41
41
41
24
24
10
10
24
24
24
24
24
24
24
24
24
24
24
24
41
24
41
41
41
41
41
41
41
41
41
41
41
41
41
41
41
41
41
10
10
42
42
42
10
10
10
10
10
10
10
10
36
36
36
36
36
36
36
36
36
36
36
2
2
2
2
2
2
2
2
2
2
2
2
2
2
2
2
2
2
2
2
2
2
2
2
7
7
7
7
7
7
7
7
7
7
7
7
7
7
31
31
31
31
31
31
31
31
31
31
31
31
31
31
31
31
31
31
31
31
31
31
30
30
30
30
30
30
30
30
30
30
30
30
30
30
30
30
30
30
30
30
30
30
30
27
27
30
27
27
27
27
27
27
27
27
27
27
15
27
15
15
15
27
27
15
15
15
15
15
15
15
21
21
21
21
21
21
21
21
21
21
21
21
21
21
21
21
21
21
21
21
21
21
21
22
22
22
22
22
22
22
22
22
22
22
22
22
22
22
39
39
22
22
39
22
22
39
39
39
39
39
39
39
39
39
39
39
39
39
39
39
39
38
38
38
38
38
38
38
38
38
38
38
38
38
38
38
38
38
38
38
38
38
38
38
38
38
38
38
38
38
38
38
38
38
38
38
38
38
38
38
38
38
38
38
38
38
37
37
37
37
37
37
37
37
37
37
37
37
37
37
37
37
37
37
37
37
37
37
37
37
37
37
37
33
33
33
33
33
33
33
33
33
33
33
33
33
33
40
40
40
40
40
40
40
40
40
40
40
40
40
40
40
40
40
40
40
40
40
40
40
40
40
