13
6
6
6
34
2
2
34
34
1
1
6
1
1
6
1
1
6
20
6
1
1
6
6
20
6
1
8
8
1
6
20
1
1
1
20
6
8
8
8
8
20
20
8
10
2
34
2
2
34
34
34
34
34
2
2
2
2
2
2
2
2
2
1
2
1
2
2
2
1
2
6
2
2
2
2
2
2
2
2
2
2
2
2
2
2
2
2
2
2
2
2
2
2
2
2
2
2
2
2
2
2
2
2
2
2
2
2
2
2
2
2
2
2
2
34
1
2
1
34
2
2
1
1
1
2
2
2
1
2
2
2
2
6
6
2
6
6
2
6
34
2
2
34
1
20
34
20
1
20
8
8
8
42
8
8
42
42
42
8
42
42
8
8
8
8
6
8
6
20
20
6
8
8
8
8
20
8
8
6
8
8
13
13
8
8
8
1
8
40
3
13
20
40
19
13
8
8
3
8
8
19
8
6
8
8
8
8
8
8
8
8
8
8
8
8
8
8
8
8
8
8
8
8
8
8
8
8
8
8
8
8
8
8
8
8
8
8
8
8
8
8
8
8
8
3
3
3
3
3
3
3
3
3
3
3
3
19
19
19
19
19
19
19
19
19
19
19
19
19
13
17
19
13
13
0
0
0
0
9
9
0
9
9
9
0
9
9
9
9
9
9
9
9
9
9
9
9
9
9
9
9
9
9
9
9
9
9
17
17
9
17
17
17
17
17
17
17
17
17
17
17
17
17
17
17
17
4
17
17
17
17
17
17
17
4
4
17
17
4
4
4
4
4
4
4
4
4
4
4
4
6
6
6
6
6
6
6
6
6
6
6
1
6
1
1
1
1
1
1
1
1
1
1
28
1
1
28
28
1
1
28
28
28
1
1
28
28
28
28
28
28
1
28
28
28
28
28
28
28
23
23
23
23
23
23
23
23
23
23
23
23
23
23
23
23
23
23
23
23
23
23
23
23
23
5
5
5
5
5
5
29
26
26
14
29
14
29
26
26
26
26
29
29
26
26
14
26
26
26
14
26
26
26
14
26
26
26
14
26
26
26
14
14
26
26
14
14
14
14
14
26
14
14
14
26
14
14
14
14
14
14
14
14
14
14
14
14
14
14
12
14
12
12
12
12
12
12
12
12
12
25
25
25
25
25
25
25
25
25
25
25
25
25
25
25
25
25
25
25
35
35
35
35
35
35
35
35
35
35
10
35
35
35
35
35
16
16
16
16
16
16
16
16
16
16
16
16
16
16
24
24
24
24
24
24
24
24
24
24
24
24
24
41
41
41
41
41
24
41
41
41
41
41
41
41
41
41
41
41
41
41
41
41
41
41
41
41
41
41
16
24
24
24
16
24
24
24
24
24
16
16
41
24
24
24
24
24
24
41
41
41
41
41
41
41
41
41
41
41
41
41
41
41
41
41
24
10
10
10
10
36
10
36
36
36
36
36
36
36
36
36
36
36
36
36
36
36
36
7
7
7
7
2
2
2
2
2
2
2
2
2
2
2
2
2
2
2
2
2
7
7
7
7
7
7
7
7
7
7
31
31
31
31
31
31
31
31
31
31
31
31
31
31
31
31
31
31
31
31
31
31
31
31
31
31
31
31
31
31
31
31
31
30
30
30
30
30
30
30
30
30
30
30
30
27
30
30
30
27
30
27
30
30
30
27
30
27
27
27
30
27
27
30
30
27
27
30
27
27
27
27
27
27
27
27
27
27
15
15
15
15
15
15
40
15
21
21
21
21
21
21
21
21
21
21
21
21
21
21
21
21
21
21
22
22
22
22
22
22
22
22
22
22
22
22
39
39
39
39
39
39
39
39
39
39
39
39
39
39
39
39
38
39
38
38
38
38
38
38
38
38
38
38
38
38
38
38
38
38
38
38
38
38
38
38
38
38
38
38
38
38
37
38
38
37
37
37
37
37
37
37
37
37
37
37
37
37
37
37
37
37
37
37
37
37
37
37
37
37
37
33
18
18
33
33
33
33
33
33
33
33
33
33
33
33
40
40
40
40
40
40
40
40
40
40
40
40
40
40
40
40
40
40
40
40
40
40
40
40
40
40
40
40
