20
6
6
6
6
20
20
6
20
20
20
20
20
20
20
20
6
42
6
8
8
8
8
8
8
8
8
8
8
8
8
8
8
8
8
8
3
8
8
8
3
8
8
8
3
8
8
8
3
8
8
8
3
3
3
3
3
3
3
3
3
3
3
3
3
3
3
3
3
3
3
3
19
19
3
3
19
3
3
0
13
0
9
13
13
0
0
0
0
0
0
0
0
0
9
9
9
0
0
9
0
0
9
9
9
9
9
9
9
9
9
17
9
9
17
17
17
9
17
17
17
17
17
17
17
17
17
17
17
17
17
17
17
4
4
17
17
4
4
4
4
4
4
4
4
4
6
4
6
4
6
4
6
6
6
6
6
6
6
6
6
6
6
6
1
6
6
1
1
1
1
1
1
1
1
1
1
1
1
1
1
1
1
1
1
1
1
1
1
1
1
1
1
1
1
1
28
23
1
23
23
23
23
23
23
1
28
23
23
23
23
23
23
23
23
23
23
23
23
23
23
23
23
23
5
5
5
5
5
5
5
5
5
5
5
5
5
5
5
1
1
5
5
5
5
5
5
5
5
5
5
5
5
29
5
5
5
5
29
5
5
5
5
5
29
5
5
5
5
40
29
5
5
14
29
5
26
14
14
14
14
14
14
14
14
14
14
12
14
12
14
12
12
12
12
12
12
26
12
12
12
12
12
12
12
14
12
12
26
29
29
1
12
12
14
14
14
14
14
14
14
14
14
14
14
14
14
14
12
14
14
14
14
12
12
12
12
14
12
12
12
12
14
12
12
12
12
12
12
12
14
12
12
12
12
12
25
25
25
25
25
25
25
25
25
25
25
25
25
25
25
25
25
25
25
25
25
25
35
35
35
35
35
35
35
35
35
35
35
35
35
35
35
35
35
35
35
35
35
35
35
16
16
35
35
35
35
35
35
35
16
16
16
16
16
16
16
16
16
16
16
16
24
24
24
24
24
24
24
24
24
24
24
24
24
24
24
24
24
24
41
41
41
41
41
41
41
41
41
41
41
41
41
41
41
41
41
41
41
41
41
41
41
41
41
41
24
10
10
10
10
10
10
10
10
10
10
10
10
10
10
10
10
10
36
36
36
36
36
10
36
36
36
36
36
36
36
36
36
36
36
36
36
36
36
2
2
2
2
2
2
2
2
2
2
2
2
2
2
2
2
2
2
2
2
7
7
7
7
7
7
7
7
7
7
7
7
7
7
7
7
7
7
7
7
7
7
7
7
7
7
31
31
31
31
31
31
31
31
31
31
31
31
31
31
30
30
30
30
30
30
30
30
30
30
30
30
30
30
27
30
30
30
30
30
30
30
27
27
27
27
27
27
27
30
27
30
30
27
27
27
27
27
27
27
27
15
15
15
15
15
15
15
15
15
15
15
15
15
15
15
15
21
15
21
21
15
21
21
21
21
21
21
21
21
21
21
21
21
22
21
21
21
22
21
21
22
22
22
21
22
22
22
22
22
22
22
22
22
39
39
39
39
39
39
39
39
39
39
39
39
39
39
39
39
39
39
39
39
39
39
39
39
39
39
39
39
39
39
39
39
39
39
39
39
39
39
39
39
38
38
37
37
38
38
38
38
38
38
38
37
38
38
37
37
37
37
37
37
38
38
38
38
38
38
38
38
38
38
37
38
38
38
38
37
38
37
37
37
38
37
37
37
37
37
37
37
37
37
37
37
37
37
37
37
37
37
18
18
18
18
18
18
37
37
37
37
37
37
37
37
18
33
33
33
37
33
33
33
33
33
33
33
33
33
33
33
33
33
33
40
40
40
40
40
40
40
40
40
40
40
40
40
40
40
40
40
40
40
40
40
