1
13
1
3
19
4
20
3
1
34
34
34
34
1
1
1
2
1
34
1
34
34
34
34
34
34
34
34
34
34
20
20
20
34
34
20
20
20
20
20
20
20
20
20
20
20
42
20
20
20
6
8
8
8
6
8
8
8
8
8
8
8
8
8
8
8
8
8
8
8
8
8
8
8
8
8
8
8
8
8
8
8
8
8
8
8
8
8
8
8
8
8
3
3
3
3
3
3
3
3
3
3
3
3
3
3
3
3
3
3
3
3
3
3
3
3
3
3
3
3
3
3
3
19
3
3
3
19
3
3
3
19
3
3
19
19
19
19
19
19
19
19
19
19
19
19
19
19
19
19
19
19
19
40
13
40
13
13
13
13
6
40
13
0
0
0
0
0
0
0
0
0
0
0
9
9
9
9
9
9
9
9
9
9
9
9
9
9
9
9
9
9
9
9
9
9
9
9
9
9
9
9
9
17
17
17
17
17
17
17
17
17
17
17
17
17
17
17
17
17
17
17
17
17
17
4
17
17
4
4
4
4
4
4
6
6
6
40
6
6
6
6
6
6
6
6
6
4
6
6
6
6
6
6
6
6
6
6
6
6
6
6
6
6
6
6
1
1
1
1
1
1
1
1
1
1
28
28
28
1
28
28
1
28
28
28
1
23
28
28
28
28
23
23
23
23
23
23
23
23
23
23
23
23
23
23
23
23
23
23
23
23
23
23
23
23
23
23
5
5
5
5
5
5
29
29
5
29
29
29
29
29
29
29
29
29
29
29
29
29
29
29
29
29
29
29
29
29
26
26
29
29
26
29
14
14
14
26
14
14
14
14
14
14
14
14
14
14
14
14
14
14
14
14
14
14
14
14
14
14
12
12
12
14
12
12
12
12
6
6
26
12
25
25
25
25
25
25
25
25
25
25
25
25
25
25
25
35
35
25
35
35
35
35
35
35
35
35
35
35
35
35
35
35
12
12
35
35
35
35
16
16
16
16
16
16
16
16
16
16
16
16
16
16
24
24
24
24
24
24
24
24
24
24
24
24
24
24
24
16
24
41
41
41
41
41
41
41
41
41
41
41
41
41
41
41
41
41
41
10
10
10
10
10
10
10
10
10
10
10
10
10
36
36
36
36
36
36
36
36
36
36
36
36
36
36
36
36
36
36
36
36
36
36
36
36
36
2
2
2
2
2
2
2
2
2
2
2
2
2
2
2
2
2
2
2
2
2
2
2
2
2
7
2
7
7
7
7
7
7
7
7
7
7
21
31
7
31
31
31
31
31
31
31
31
31
31
31
31
31
31
31
31
31
31
31
31
31
31
31
30
30
30
30
27
30
30
30
27
30
30
30
30
30
30
30
30
30
30
30
30
27
30
30
30
30
30
30
30
27
27
27
30
27
27
27
27
27
27
27
27
27
15
27
27
15
15
27
15
15
15
15
27
15
15
15
15
21
21
21
21
21
21
21
21
21
21
21
22
39
22
22
22
21
22
22
22
22
22
22
22
22
22
22
22
22
22
39
39
39
39
39
39
39
39
39
39
39
39
39
39
39
39
39
39
39
39
39
39
39
39
38
38
38
38
38
38
38
38
38
38
38
38
38
38
38
38
38
38
37
38
37
37
37
37
37
37
37
37
37
37
37
37
37
37
37
37
33
33
37
33
33
18
37
37
33
33
37
37
37
33
33
33
33
33
33
33
33
33
33
33
33
33
40
40
33
40
40
40
40
40
40
40
40
40
40
40
40
40
40
40
40
40
40
40
40
40
40
40
40
40
