32
1
6
6
1
6
6
1
34
6
6
1
1
34
1
1
34
34
1
1
1
20
6
20
20
8
8
8
8
8
8
8
8
8
8
8
8
8
8
8
8
8
8
8
8
8
8
8
8
8
8
8
8
8
8
8
8
8
8
8
8
8
8
8
8
8
8
8
8
8
8
8
8
3
8
3
8
3
3
3
3
3
3
3
3
3
3
3
3
19
4
19
19
13
13
13
13
13
0
13
0
0
0
0
17
0
0
0
0
0
0
0
9
0
9
9
9
9
9
9
9
9
9
9
9
9
9
9
9
9
9
9
9
9
9
9
9
9
17
17
17
17
17
17
17
17
17
17
17
17
17
17
17
17
17
17
17
17
17
17
4
4
4
4
4
4
6
4
6
6
4
6
6
6
6
6
6
6
6
6
6
6
6
6
6
6
6
6
6
6
6
1
1
1
1
28
1
28
28
28
1
28
28
23
23
23
28
23
23
23
23
23
23
23
23
23
23
23
23
23
23
23
23
23
23
23
23
23
5
23
5
5
5
23
5
5
5
23
5
5
5
28
5
5
23
5
29
29
29
29
29
29
26
26
26
26
26
26
26
26
26
29
26
26
26
26
29
26
29
29
26
26
26
26
26
26
14
14
14
14
14
14
14
14
14
14
14
14
14
14
14
14
14
14
14
14
14
14
14
14
14
14
14
14
14
14
14
12
21
35
12
12
21
1
29
12
12
25
25
25
25
25
25
25
25
25
25
25
25
25
25
25
35
35
35
35
35
35
35
35
35
35
35
35
35
34
35
35
35
35
35
35
35
16
16
16
16
16
16
16
16
16
16
16
16
16
24
24
24
24
24
24
24
24
24
24
24
24
24
24
24
24
24
24
24
24
24
24
24
24
24
24
24
24
24
24
24
24
24
24
24
24
24
10
10
10
10
10
10
10
10
10
10
36
36
36
36
36
36
36
36
36
36
36
36
36
36
2
36
36
2
2
2
2
2
2
2
36
36
36
36
2
2
2
2
2
2
2
2
2
2
2
2
2
2
2
36
2
2
2
2
7
7
7
7
7
7
7
7
7
7
7
7
7
7
7
7
7
7
31
7
7
7
31
31
31
31
31
31
31
31
31
31
31
31
31
31
31
31
30
30
30
30
30
30
30
30
30
30
30
30
30
27
27
30
30
30
27
27
30
30
30
30
30
30
27
27
27
27
27
27
27
27
27
27
27
15
27
27
27
15
15
15
15
15
15
15
21
21
21
21
21
21
21
21
21
21
21
21
21
21
21
22
22
22
22
22
21
21
22
22
22
39
39
39
39
39
39
39
39
39
39
39
39
39
39
39
39
39
39
39
39
39
39
39
38
38
38
38
38
37
38
38
38
38
38
38
38
38
38
38
38
38
38
38
37
38
38
38
38
37
37
37
37
37
37
37
37
37
37
37
37
37
37
37
37
37
37
37
37
37
37
37
37
18
37
33
33
33
33
33
33
33
33
33
33
33
33
40
33
33
40
40
40
40
40
40
40
40
40
40
40
40
40
40
40
40
40
40
40
40
40
40
40
40
40
