34
34
34
6
34
34
2
2
6
6
6
6
6
6
6
1
6
34
2
2
2
1
2
2
2
2
2
2
2
2
2
2
2
2
2
2
2
2
2
2
34
2
1
2
2
34
6
6
6
6
6
6
6
1
1
6
6
6
6
6
6
6
6
6
6
6
6
8
6
6
6
6
6
6
8
6
6
8
6
8
8
8
8
8
8
8
8
8
8
8
8
8
8
8
8
8
8
8
8
8
8
8
8
8
8
6
8
6
6
8
8
8
0
8
8
8
8
8
8
8
0
8
8
8
3
3
8
8
3
3
8
8
3
3
3
6
13
3
3
8
19
3
19
1
19
19
19
3
19
19
19
3
19
19
19
19
19
19
19
19
19
13
8
13
13
13
13
6
13
13
40
0
13
13
9
13
13
0
0
0
0
0
0
0
0
0
9
9
9
9
9
9
9
9
9
9
9
9
9
9
9
9
9
9
9
9
9
9
9
9
9
17
17
17
17
17
17
17
17
17
17
17
4
17
17
4
4
4
4
4
4
4
4
4
4
4
4
6
6
4
4
4
4
6
6
40
6
6
6
6
6
6
40
12
1
1
6
1
1
1
1
1
1
23
23
28
28
28
28
1
1
1
23
28
28
23
23
28
28
23
23
28
28
23
23
23
23
23
23
23
23
23
5
23
5
23
23
23
23
23
23
23
23
23
23
23
23
23
23
23
5
5
5
23
5
29
29
5
5
23
40
14
14
14
14
14
14
14
5
14
14
14
14
14
14
14
14
14
14
14
14
14
14
29
14
14
14
14
14
14
14
14
14
14
14
14
14
14
14
14
14
14
14
14
14
14
14
14
14
14
14
14
14
14
14
14
14
14
14
14
14
14
12
12
12
14
14
12
12
14
12
12
25
25
25
25
25
25
25
25
25
25
25
25
25
25
25
25
25
25
35
25
25
25
25
35
35
35
35
35
35
35
35
35
35
35
35
35
16
16
16
16
16
24
16
16
16
16
16
16
16
24
41
24
24
41
24
24
24
24
24
24
24
24
24
24
24
24
24
24
24
24
24
24
24
24
41
41
41
41
41
41
41
41
41
41
41
41
41
41
41
41
10
10
10
10
10
10
10
10
10
10
10
36
36
36
36
36
36
36
36
36
36
36
36
2
2
2
2
2
2
2
2
2
2
2
2
2
2
2
2
2
2
2
2
2
7
7
7
7
7
7
31
7
31
31
31
31
31
31
31
31
31
31
31
31
31
31
31
31
31
31
31
31
31
31
31
31
31
31
31
31
31
30
30
30
30
30
30
30
30
30
30
30
30
30
30
27
27
27
27
27
27
27
27
27
27
27
27
27
27
27
27
27
27
27
27
27
27
27
27
27
27
27
27
27
15
15
15
15
15
15
15
15
15
15
15
15
15
30
21
21
21
21
21
21
21
21
21
21
21
21
22
22
22
22
22
22
22
22
22
22
22
22
22
39
22
22
39
39
39
39
39
39
39
39
39
39
39
39
39
39
39
39
39
39
39
39
39
39
39
39
39
39
39
39
39
39
39
39
39
39
39
38
38
38
38
38
37
38
38
38
38
38
38
38
38
38
38
38
38
38
38
38
38
38
38
38
37
37
37
37
37
37
37
37
37
37
37
37
37
37
37
37
37
37
37
37
37
37
37
37
37
37
18
33
33
33
33
33
33
33
33
33
33
33
40
40
40
40
33
33
33
33
33
33
40
40
40
40
40
40
40
40
40
40
40
40
40
40
40
40
40
40
