8
8
8
8
8
8
8
3
8
8
8
3
3
3
8
8
8
8
8
8
8
8
3
8
3
5
19
3
5
3
3
3
5
3
3
3
3
3
19
3
19
3
3
3
19
19
19
3
19
3
19
3
19
19
19
3
5
5
19
19
19
19
6
0
13
13
13
13
6
6
6
6
6
6
6
6
6
6
0
0
0
0
0
0
0
9
0
9
0
9
9
9
9
9
9
9
9
9
9
9
9
9
9
9
9
9
9
9
9
9
9
9
9
9
9
9
9
9
17
17
17
17
17
17
17
17
17
17
17
17
17
17
4
4
4
4
4
4
6
6
6
6
6
6
6
6
6
6
6
0
6
6
6
6
6
6
1
1
1
1
1
1
1
1
1
1
1
1
1
1
1
1
1
1
1
1
23
28
28
28
28
28
23
28
23
23
23
23
23
23
5
23
23
23
5
23
23
23
23
23
5
5
5
5
5
5
5
5
5
5
14
5
5
13
5
5
5
5
29
29
29
29
29
14
29
29
29
29
29
5
29
29
26
14
14
26
14
14
14
26
29
26
14
26
26
26
26
26
14
14
14
14
14
14
14
14
14
14
14
14
14
14
14
14
14
14
14
14
14
14
14
14
14
4
4
12
12
4
4
12
12
4
4
12
12
29
29
25
25
25
25
25
25
25
25
25
25
25
25
25
25
25
25
25
35
35
35
35
35
35
35
35
35
0
29
5
16
6
35
35
35
16
16
16
16
16
16
16
16
16
16
16
16
16
16
41
24
24
24
24
24
24
24
24
24
24
24
24
24
24
24
24
24
24
24
41
41
41
41
41
41
41
41
41
41
41
41
41
41
24
10
10
10
10
10
10
10
10
10
10
10
10
36
36
10
10
36
36
36
36
36
36
36
36
36
36
36
36
36
36
36
36
36
36
2
2
2
2
2
2
2
2
2
2
2
2
2
2
2
2
7
7
7
7
7
36
7
7
7
7
7
7
7
7
7
31
31
31
31
31
31
31
31
31
31
31
31
31
31
31
31
31
31
31
31
31
31
30
30
30
30
30
27
15
30
27
27
30
30
30
27
15
27
15
27
15
30
30
27
15
30
27
27
30
30
15
15
15
27
27
15
15
15
15
15
15
27
15
15
15
21
15
15
15
15
15
15
15
15
15
21
21
15
6
6
21
21
21
21
21
21
21
21
22
21
22
21
22
22
21
21
22
21
21
21
22
21
21
21
21
22
21
21
22
22
22
22
22
22
21
22
22
22
22
22
22
22
22
22
22
22
22
22
22
22
22
22
22
22
22
22
22
22
22
22
22
22
22
22
22
22
39
39
39
39
39
39
39
23
38
38
38
38
39
38
38
38
38
38
38
38
38
38
38
38
38
38
38
38
38
38
38
38
38
38
38
38
38
38
38
37
38
37
37
38
37
38
37
38
37
37
37
37
37
37
37
37
37
37
37
37
37
37
37
37
37
37
37
37
37
37
37
37
38
37
37
37
37
37
37
37
37
33
37
37
37
37
37
37
33
33
43
33
33
43
43
43
40
43
43
43
43
43
43
43
43
43
40
43
40
40
40
43
43
43
43
43
43
43
43
43
40
40
43
43
43
43
43
43
43
43
40
40
40
40
40
40
40
40
40
40
40
40
40
40
40
40
40
40
40
40
40
40
40
40
40
40
40
40
40
40
40
40
40
40
40
40
40
40
40
40
40
40
