0
0
6
6
0
0
0
0
0
0
0
1
8
1
1
34
34
34
1
1
34
2
34
2
2
2
2
2
2
2
2
2
2
2
2
2
2
2
2
2
2
2
2
2
1
2
2
2
2
2
2
2
2
2
2
1
1
1
1
1
2
2
6
6
6
6
6
6
6
6
6
6
2
2
6
6
6
1
6
6
6
6
8
6
6
6
1
1
1
8
8
8
8
3
8
8
8
8
3
3
3
13
3
8
3
3
8
8
6
6
10
10
10
10
10
13
10
20
10
10
10
8
8
10
8
8
8
8
8
3
8
8
8
3
8
8
3
3
3
8
8
3
3
3
3
3
3
3
3
8
3
3
3
19
3
19
19
3
3
19
19
3
19
19
19
19
19
19
19
19
3
19
19
19
3
19
19
19
19
19
19
19
19
19
19
19
19
19
19
19
13
13
13
0
13
13
40
13
40
0
9
0
9
9
9
0
9
9
9
9
9
9
9
9
9
9
9
9
9
9
9
9
9
9
9
9
9
9
9
9
17
17
17
17
17
17
17
17
17
17
17
17
17
17
17
17
17
17
17
17
17
4
17
17
17
17
4
4
4
4
4
4
13
4
4
6
4
4
40
40
6
40
40
13
40
6
6
0
13
13
0
0
6
1
1
1
1
1
1
1
1
1
1
1
1
1
28
28
1
1
28
28
28
1
28
28
28
28
23
28
23
23
23
23
23
23
23
23
23
23
23
23
23
23
23
23
23
23
23
23
23
5
23
23
5
23
23
23
5
5
5
5
5
5
5
26
14
14
14
33
40
14
29
14
14
29
26
29
26
29
29
29
29
26
26
26
26
26
26
26
26
14
14
14
14
14
14
14
14
14
14
14
14
14
14
14
14
14
14
14
14
14
14
14
14
14
14
14
14
14
14
14
14
14
12
12
12
12
33
40
33
12
40
40
25
25
25
25
25
25
25
25
25
25
25
25
25
25
25
25
25
25
25
25
25
25
35
35
35
35
35
35
35
35
40
40
40
33
35
16
16
16
16
16
16
16
16
16
16
16
16
16
16
16
24
16
24
24
24
24
16
24
24
24
16
24
24
24
24
24
24
24
41
41
41
41
41
41
41
41
41
41
41
41
41
41
41
41
41
41
41
41
41
24
24
24
24
24
10
10
10
24
41
41
41
41
41
41
10
10
10
24
40
40
40
10
10
41
41
36
36
36
36
36
36
36
36
36
30
30
30
30
30
30
30
36
36
7
7
7
7
7
2
7
7
2
2
2
2
7
7
7
7
7
7
7
7
7
7
7
7
31
31
31
31
31
31
31
31
31
31
31
31
31
31
31
31
31
31
31
31
31
31
31
31
31
31
31
31
31
30
30
30
30
30
30
30
30
27
30
30
30
30
30
30
30
27
27
27
27
27
27
27
27
27
27
27
27
27
27
27
27
27
27
27
27
27
27
15
27
15
27
15
27
15
15
15
15
15
15
15
21
21
21
21
21
21
21
21
21
21
21
21
21
21
21
21
21
21
21
21
21
21
21
21
21
21
22
22
22
21
21
22
22
22
22
22
22
22
39
39
39
39
39
39
22
21
21
21
21
21
21
21
21
39
39
39
39
39
39
39
39
39
39
39
39
39
39
39
39
39
39
39
39
39
39
39
39
39
21
39
21
39
39
39
39
39
39
39
39
39
39
39
39
39
39
39
39
38
39
39
39
39
38
38
38
38
38
38
38
38
38
38
38
38
38
38
38
38
38
38
38
38
38
38
38
38
38
38
38
38
38
38
38
38
38
38
38
38
38
38
37
38
38
37
37
37
37
37
37
37
37
37
37
37
37
37
37
37
37
37
37
37
37
37
37
37
33
33
18
37
33
33
33
33
33
33
33
33
33
33
33
40
40
40
33
40
33
40
40
40
40
40
40
40
40
40
40
40
40
40
40
40
40
40
40
40
40
40
40
