34
34
34
34
34
34
34
1
34
34
34
34
34
34
34
34
34
34
1
34
2
2
2
2
2
2
2
2
2
8
2
2
2
2
2
2
2
2
2
2
34
34
8
8
20
34
20
2
34
1
1
1
1
8
34
1
20
1
20
1
34
1
1
1
1
34
34
1
1
1
1
20
6
34
1
6
1
20
1
8
1
1
1
1
13
1
1
8
1
1
1
1
6
1
1
6
6
1
8
1
6
6
1
1
1
8
20
42
42
1
1
1
1
1
8
8
1
1
8
1
8
8
8
8
8
8
8
8
42
8
8
8
8
8
8
8
8
42
42
8
8
8
8
8
8
8
8
8
8
8
8
8
8
8
8
8
8
8
3
8
8
8
3
3
3
3
3
3
3
3
3
8
3
3
3
3
8
8
5
8
19
19
19
3
19
19
19
19
19
3
19
19
19
19
19
19
19
19
19
19
19
19
19
19
19
19
19
19
19
19
19
13
13
13
13
13
0
13
13
0
13
13
0
0
9
9
9
9
0
0
9
0
0
9
9
9
9
9
9
9
9
9
9
9
9
9
9
9
9
9
9
9
9
9
17
17
9
17
17
17
17
17
17
17
17
17
17
17
17
17
17
17
17
17
17
17
17
17
17
17
17
17
17
17
17
17
17
13
13
4
6
4
6
6
13
6
0
9
9
0
9
6
6
6
1
6
1
1
1
1
1
1
1
1
1
1
1
1
1
1
1
28
28
28
28
28
28
28
28
1
28
28
1
28
23
23
28
23
23
23
23
23
23
23
23
23
23
23
23
23
23
23
23
23
23
23
23
23
23
23
23
23
23
23
5
5
5
5
5
23
29
29
29
14
29
29
29
29
29
29
29
29
29
29
29
29
29
29
29
26
14
26
26
26
14
26
14
14
14
14
14
14
14
14
14
26
14
14
26
14
14
26
14
14
14
14
14
14
14
14
14
14
14
14
14
14
14
14
14
14
14
14
12
12
14
12
14
12
26
29
12
25
25
25
25
25
25
25
25
25
25
25
25
25
25
25
25
25
25
25
25
25
25
35
35
35
35
35
35
35
35
35
35
35
35
35
35
35
16
16
16
16
16
16
16
16
16
16
24
16
24
24
24
24
10
10
10
24
24
24
24
24
24
24
24
24
24
24
24
24
24
24
24
24
24
24
41
24
41
24
41
41
41
41
24
24
24
24
24
24
24
24
24
24
24
10
10
10
36
36
36
36
36
36
36
36
36
36
36
40
36
36
36
36
36
36
2
2
2
2
2
2
2
2
2
2
2
2
2
2
2
2
2
2
2
7
7
7
7
7
7
7
7
7
7
7
7
7
7
7
7
7
7
31
7
31
31
31
31
31
31
31
31
31
31
31
31
31
31
31
31
31
30
30
30
30
30
30
30
30
30
30
30
30
30
30
30
30
30
30
30
30
30
30
30
30
30
30
30
30
30
30
30
30
30
30
30
30
30
27
30
30
30
27
15
15
15
15
15
15
21
21
21
21
21
21
21
15
21
21
21
21
21
21
21
21
21
21
22
22
22
22
22
22
22
22
22
22
22
21
22
22
22
22
22
22
22
22
21
22
21
22
22
21
21
22
22
22
22
22
22
22
22
22
22
22
21
21
22
22
22
39
39
39
39
39
39
39
39
39
39
39
39
39
39
39
39
39
39
39
39
39
39
39
39
39
39
39
39
39
39
39
39
39
39
39
39
39
39
39
39
39
39
39
39
39
39
39
39
39
39
39
39
39
39
38
38
38
38
38
38
38
38
38
38
38
38
38
38
38
38
37
38
38
38
38
37
38
37
38
38
38
37
37
38
38
38
38
38
38
38
38
37
37
38
38
37
37
37
37
37
37
37
37
37
37
37
37
37
37
37
37
37
37
37
37
37
37
37
37
37
37
37
18
18
33
33
33
33
33
33
33
33
33
33
33
40
40
33
40
40
40
40
40
40
40
40
40
40
40
40
40
40
40
40
40
40
40
40
40
40
40
40
40
