2
2
34
34
2
6
6
6
8
8
42
8
8
8
20
42
42
8
8
42
42
8
20
8
8
8
8
8
8
8
8
8
8
8
8
8
8
8
8
8
13
8
3
8
3
3
3
3
3
3
3
3
3
3
3
3
3
3
3
3
3
3
19
3
3
3
19
3
3
19
19
3
3
19
19
19
3
19
19
19
3
19
19
5
13
0
0
0
0
13
0
0
0
0
0
0
0
0
0
0
0
0
0
0
9
9
0
0
0
9
0
9
9
9
0
9
9
9
9
9
9
9
9
9
9
9
9
9
9
17
17
17
9
9
9
17
9
17
17
17
17
17
17
17
17
17
4
4
17
4
4
4
17
4
4
4
4
4
4
4
6
4
4
4
0
6
6
6
6
6
6
6
6
6
6
6
6
6
6
1
6
1
1
1
6
1
1
1
1
1
1
1
1
1
1
1
28
28
28
28
1
1
1
23
1
23
23
23
23
23
23
23
23
23
23
23
5
23
23
23
23
23
23
23
23
23
23
23
23
23
23
23
23
23
5
5
5
5
5
5
14
29
29
29
14
29
29
29
14
29
29
26
14
29
29
29
14
29
29
26
14
29
29
29
14
29
26
26
14
29
29
26
14
14
29
26
14
14
26
14
14
14
26
14
14
14
26
14
14
14
26
14
14
14
14
14
14
14
14
14
14
12
12
12
12
26
26
12
25
25
25
25
25
25
25
25
25
25
25
25
25
25
25
25
25
25
25
25
25
25
25
35
35
35
35
35
35
35
35
35
35
16
16
16
16
16
16
16
16
16
16
16
24
24
41
24
24
24
24
24
24
24
24
24
24
24
24
24
24
24
24
24
24
24
41
41
41
41
41
41
41
41
41
41
41
41
41
41
41
41
24
24
24
10
10
10
10
10
10
10
10
10
10
10
36
36
36
36
36
36
36
36
36
36
36
36
36
36
36
36
2
2
2
2
2
2
2
2
2
2
2
2
2
2
2
2
2
2
2
7
7
7
7
7
7
7
7
7
7
7
7
7
7
7
7
31
31
31
31
31
31
31
31
31
31
31
31
31
31
31
31
31
31
31
31
31
30
30
30
30
30
30
30
30
30
30
30
30
30
30
27
30
27
27
30
30
30
27
30
30
30
30
27
27
27
27
27
27
27
27
27
27
27
27
27
27
27
27
27
27
15
15
15
15
15
21
21
21
21
21
21
21
21
36
21
36
36
36
36
36
34
21
21
21
21
21
21
21
21
21
21
21
21
21
21
21
21
21
21
21
21
21
21
21
21
21
21
40
21
21
21
21
22
22
22
22
22
22
22
22
22
22
22
22
22
22
22
22
22
22
22
39
40
39
7
39
39
39
39
39
39
39
39
39
39
39
39
39
39
39
39
39
39
38
38
38
38
38
38
38
38
38
38
38
38
38
38
38
38
38
38
37
38
38
38
37
38
38
38
38
38
38
38
38
38
38
38
38
38
38
38
38
38
38
38
38
38
38
38
38
38
38
38
38
38
38
38
38
38
38
38
38
38
38
38
37
37
37
38
37
37
37
37
37
37
37
37
37
37
37
37
37
37
37
33
37
37
37
33
37
37
37
33
33
33
33
33
33
33
33
33
33
33
33
33
33
33
33
40
40
40
40
40
40
40
40
40
40
40
40
40
40
40
40
40
40
40
40
40
40
40
40
40
40
40
