1
1
1
34
1
1
20
8
8
42
42
20
42
42
20
20
20
42
6
4
42
8
6
8
8
8
8
8
8
8
8
8
8
8
8
8
8
8
8
8
8
8
8
3
8
3
3
8
3
3
3
3
3
3
3
3
3
3
3
3
3
3
3
3
3
3
3
3
3
3
3
3
3
3
3
3
4
19
4
13
4
13
4
13
13
13
0
0
17
17
17
9
9
9
0
0
0
0
9
9
9
9
9
9
9
9
9
0
9
9
9
9
9
9
9
9
9
9
9
9
9
9
9
9
9
9
9
17
17
17
17
17
17
17
17
17
17
17
17
17
17
17
17
17
17
17
17
4
4
4
4
4
4
4
4
4
4
4
4
6
6
6
6
13
6
6
6
6
6
6
6
6
6
6
1
1
1
1
1
1
1
1
1
1
1
1
1
1
1
1
1
1
1
1
1
1
1
1
1
1
1
1
1
28
1
1
28
1
1
1
1
1
1
1
1
1
1
28
23
23
23
28
23
23
23
23
23
23
23
5
5
5
5
5
5
5
29
29
5
14
29
29
5
5
29
29
29
29
29
29
5
14
14
29
14
5
14
14
5
14
14
14
14
14
14
14
14
14
14
14
14
14
14
14
14
14
14
14
14
14
14
14
14
14
14
14
14
14
14
14
14
14
14
14
14
14
12
12
12
12
12
12
14
14
12
12
25
25
25
25
25
25
25
25
25
25
25
25
25
25
25
25
25
25
35
35
35
35
35
35
35
35
35
35
14
14
25
25
25
25
35
35
35
35
35
35
35
16
16
16
16
16
16
16
35
16
16
16
16
16
16
16
16
16
16
16
16
16
16
16
16
16
16
16
16
16
16
16
41
41
41
41
24
24
24
24
24
24
41
41
41
41
24
41
41
41
41
24
41
41
41
41
41
41
41
41
41
41
41
41
41
41
41
41
41
41
41
5
10
10
10
10
10
10
10
10
10
10
10
36
10
36
36
10
10
36
36
36
36
36
36
36
36
36
36
36
36
2
2
2
7
2
2
2
2
2
2
2
2
2
2
2
2
2
2
2
2
2
7
7
7
7
7
7
7
7
7
7
7
7
7
7
7
7
7
7
7
7
7
7
31
7
31
31
31
31
31
31
31
31
31
31
31
31
31
30
30
30
30
30
30
30
30
30
30
30
30
30
30
30
30
30
30
27
30
27
27
27
27
27
27
27
27
27
27
27
27
27
27
27
27
27
27
27
27
27
27
27
27
27
27
15
27
15
15
15
15
15
15
21
21
21
21
21
30
31
21
21
21
21
21
21
21
21
21
21
22
22
22
22
22
22
22
22
22
22
22
39
39
22
22
22
22
39
39
39
39
39
22
22
22
21
21
21
21
21
21
21
21
21
21
21
21
21
21
21
21
21
21
21
21
22
22
40
22
22
22
22
22
21
21
22
22
22
22
22
22
22
22
12
40
40
40
40
32
7
32
21
32
32
43
22
32
32
34
32
21
22
22
43
32
35
32
32
39
40
39
39
38
39
40
39
34
7
39
39
40
39
39
39
39
39
39
39
39
39
39
39
39
39
39
39
39
39
39
39
39
39
39
39
38
38
38
38
38
38
38
38
38
38
38
38
38
38
38
38
38
38
38
38
38
38
38
38
38
38
38
38
38
38
38
38
38
38
38
38
38
38
38
38
43
43
37
37
37
37
37
43
38
43
37
37
37
40
43
37
43
40
33
37
33
40
33
33
33
40
33
33
40
40
33
40
33
33
33
33
33
33
33
33
33
33
33
33
33
33
33
33
33
33
33
40
40
40
40
40
40
40
40
40
40
40
40
40
40
40
40
40
