22
40
40
10
8
8
8
8
8
8
10
8
8
8
13
13
8
10
8
8
8
8
8
8
8
8
8
8
8
8
8
8
8
8
8
3
8
8
3
3
3
3
3
40
3
3
3
3
3
3
3
3
3
3
3
3
0
40
3
40
40
40
3
40
3
3
3
3
3
19
3
40
3
40
3
3
3
3
5
40
13
13
3
3
3
40
40
40
13
19
19
19
13
13
13
6
13
13
6
6
13
0
0
0
0
0
9
9
9
9
9
9
9
9
9
9
9
9
9
9
9
9
9
9
9
9
9
9
9
9
9
9
9
9
9
9
9
17
17
17
4
4
17
17
4
4
4
17
17
4
4
4
4
4
4
4
4
4
4
4
4
4
4
4
4
4
4
4
4
4
6
6
6
4
6
6
6
6
6
6
6
6
6
6
6
6
6
6
6
6
1
1
1
1
23
28
28
28
23
28
28
28
28
23
23
1
23
23
28
23
23
23
23
28
23
5
23
23
23
5
5
23
23
23
23
23
5
5
5
5
23
5
23
23
23
5
5
23
23
5
5
23
5
5
5
5
5
5
5
5
29
29
29
26
29
29
29
29
29
29
29
29
26
14
26
26
29
26
29
26
29
26
29
29
26
29
29
14
14
14
14
14
26
26
14
26
14
14
14
14
14
14
14
14
14
14
14
14
14
14
14
14
14
14
14
14
14
14
14
14
14
12
12
12
12
12
12
12
25
25
25
25
25
25
25
25
25
25
25
25
25
25
25
25
35
35
25
35
35
35
35
35
35
35
35
35
35
35
35
35
35
35
16
16
16
16
16
16
16
16
16
16
16
16
16
16
16
16
16
24
24
24
24
24
24
24
24
24
24
24
24
24
24
24
24
24
24
24
41
24
24
24
24
41
41
41
41
41
41
41
41
24
24
24
10
10
10
10
10
10
10
10
10
10
10
10
10
10
36
36
10
36
36
36
36
36
36
36
36
36
36
30
27
36
30
2
2
2
2
2
2
2
2
2
2
2
2
2
2
2
2
2
2
2
7
7
7
7
7
7
7
31
7
7
31
31
31
7
7
31
31
31
7
31
31
31
31
31
31
31
31
31
31
31
31
31
31
31
31
31
30
30
30
30
30
30
30
30
30
30
30
30
30
30
30
30
30
30
30
30
30
30
30
30
30
30
30
30
30
30
30
27
27
30
27
27
30
30
27
27
27
27
27
27
27
27
27
27
27
27
27
27
27
27
15
15
15
15
15
15
15
21
21
15
15
15
21
21
21
21
21
21
21
21
21
21
21
21
21
22
22
22
22
22
22
22
22
22
22
22
22
22
22
22
22
22
22
39
39
39
39
39
39
39
39
39
39
39
39
39
39
22
39
39
39
39
39
39
39
39
38
38
38
38
38
38
38
38
38
38
38
38
38
38
38
38
38
38
38
38
38
38
38
38
38
38
38
28
38
38
37
37
37
37
37
37
37
37
37
37
37
37
37
37
37
37
37
37
37
37
37
37
37
33
33
33
33
33
33
33
33
33
33
40
33
40
33
40
40
40
40
40
40
40
40
40
40
40
40
40
40
40
40
40
40
40
40
40
40
40
40
