34
34
34
34
34
2
2
34
10
34
10
34
1
34
1
10
1
2
6
10
13
40
19
19
3
13
3
40
3
3
1
10
34
6
1
1
1
1
20
8
1
1
1
40
6
6
1
1
1
34
34
6
6
1
8
8
8
8
8
8
8
8
8
42
42
42
8
8
8
8
42
42
8
8
8
8
8
8
8
8
8
8
8
8
8
8
8
8
8
8
8
8
8
8
8
8
8
8
8
8
8
3
8
8
8
8
8
3
3
3
3
3
3
3
3
3
3
3
3
3
3
3
3
3
3
3
3
3
3
3
19
3
19
19
19
3
19
19
19
19
19
19
4
13
13
13
13
13
13
13
13
13
13
0
13
0
0
0
0
9
0
0
0
0
9
9
9
9
9
9
9
9
9
9
9
0
9
9
9
9
9
9
9
9
9
9
9
9
9
9
9
9
9
17
9
9
17
17
17
17
17
17
17
17
17
17
17
17
17
17
17
17
17
17
17
17
17
4
4
17
17
4
4
4
4
4
4
4
4
4
4
4
4
4
4
6
6
6
6
6
6
6
6
6
6
6
6
6
6
6
1
1
1
1
1
1
1
1
1
1
1
1
1
1
1
28
1
1
1
28
28
28
28
1
28
28
28
28
28
28
28
28
28
28
28
28
28
23
23
23
23
23
23
23
23
23
23
23
23
23
23
23
23
23
5
23
5
5
23
23
5
5
5
5
5
5
5
5
29
29
40
33
29
29
29
29
29
26
29
26
26
26
29
29
26
26
14
14
26
26
26
26
26
26
14
26
26
26
14
14
14
14
14
14
14
14
14
14
14
14
14
14
14
14
14
14
14
14
14
14
14
14
14
14
14
14
14
14
14
12
12
12
12
40
14
40
29
40
25
25
25
25
25
25
25
25
25
25
25
25
25
25
25
25
35
25
35
35
35
35
35
35
35
35
35
35
35
35
35
35
6
35
35
35
16
16
16
16
16
16
16
16
16
16
16
16
24
24
24
24
24
24
24
24
24
41
24
24
24
24
24
24
24
24
24
24
24
41
41
41
41
41
41
41
41
41
41
41
41
41
41
41
41
41
41
41
35
35
10
10
10
10
10
10
10
10
36
36
36
36
36
36
36
36
36
36
36
36
36
36
36
36
36
36
36
36
36
36
2
2
2
2
2
2
2
2
2
2
2
2
2
2
2
7
7
7
7
7
31
31
31
31
31
31
31
31
31
31
31
31
31
31
31
31
31
31
31
31
31
31
31
31
31
31
31
31
31
31
31
31
30
30
27
27
30
30
30
30
30
30
27
15
27
27
30
30
30
30
27
30
27
27
27
27
27
27
27
27
27
27
27
27
27
27
27
27
27
27
27
27
15
15
15
15
15
15
15
15
15
15
15
21
15
30
15
21
21
36
21
15
21
21
21
21
21
21
21
21
21
21
21
22
21
21
21
21
21
21
21
22
21
22
22
22
22
22
22
22
22
22
22
22
22
22
39
39
39
22
39
22
39
39
39
39
39
39
39
39
39
39
39
39
39
39
39
39
39
39
39
39
39
39
39
39
39
38
38
38
38
38
38
38
38
38
38
38
38
38
38
38
38
38
38
37
37
38
38
37
37
37
37
37
33
33
37
33
33
37
37
37
37
37
37
33
33
33
37
18
37
37
37
18
33
33
18
33
33
33
33
33
33
33
33
33
33
33
33
40
40
33
40
40
40
40
33
40
40
40
40
40
40
40
40
40
40
40
40
40
40
40
40
40
40
40
40
