34
1
20
34
2
34
34
20
20
1
20
1
20
34
20
20
20
20
20
20
20
20
20
6
20
42
6
6
42
6
42
6
6
10
20
8
42
20
20
20
4
6
1
1
6
13
3
2
20
6
42
6
6
6
42
6
6
13
8
10
6
6
6
6
6
6
42
4
6
8
6
40
13
13
3
40
0
6
8
6
8
8
3
33
8
3
13
1
1
3
3
6
8
8
8
1
40
20
3
40
3
3
3
40
3
13
3
40
13
13
3
40
13
0
3
40
13
0
13
40
13
0
13
40
13
3
3
13
3
3
3
13
13
13
3
13
13
13
3
13
13
13
3
13
3
13
19
13
3
13
3
3
3
0
8
13
0
8
13
8
8
8
6
6
6
0
0
0
0
0
9
9
9
9
9
9
9
9
9
9
9
9
9
9
9
9
9
9
9
9
9
9
9
9
9
9
9
9
9
9
9
9
9
17
17
17
17
17
17
4
4
4
4
4
4
4
4
4
4
4
4
4
4
4
4
4
4
4
4
6
4
4
4
4
4
6
6
6
6
6
6
6
6
6
6
6
6
6
6
5
1
1
1
1
1
1
1
1
1
1
1
1
1
1
1
1
1
1
1
1
1
1
23
28
28
28
28
28
28
28
23
28
28
23
23
23
23
23
23
23
23
23
23
23
23
23
23
23
23
23
23
23
23
5
23
23
23
23
5
5
5
5
5
5
5
5
5
5
5
5
5
5
5
5
5
5
29
29
29
14
14
14
29
29
26
14
29
29
29
29
26
14
14
26
29
14
26
26
29
14
26
14
14
14
26
14
14
14
14
14
14
14
14
14
14
14
14
14
14
14
14
14
14
14
14
14
14
14
14
14
14
14
14
14
14
14
14
12
12
12
14
14
26
12
26
12
12
25
25
25
25
25
25
25
25
25
25
25
25
25
25
25
25
35
25
25
25
35
35
35
35
35
35
35
35
35
35
35
35
35
35
35
16
16
16
16
16
16
16
16
16
16
24
24
24
24
24
24
24
24
24
24
24
24
24
24
24
10
10
10
10
16
24
24
24
24
24
24
24
24
41
41
41
41
41
41
41
41
41
41
41
41
41
41
41
41
41
41
41
41
41
41
41
41
41
41
41
6
10
10
10
10
10
10
10
10
10
10
10
10
10
10
36
36
36
36
36
36
10
36
36
36
36
36
34
36
36
2
2
2
2
2
2
2
2
2
2
2
2
2
2
2
2
2
2
2
7
2
7
7
7
7
7
7
7
7
7
7
7
36
31
7
7
7
7
31
31
31
31
31
31
31
31
31
31
31
31
31
31
31
31
30
30
21
30
30
30
30
30
30
27
30
30
30
30
30
30
30
27
27
27
27
12
27
27
27
27
27
27
30
27
15
27
15
27
15
27
27
27
15
15
15
15
15
15
15
15
15
21
21
21
15
15
31
21
30
36
30
30
30
30
30
30
30
30
30
22
22
22
22
22
22
22
22
22
39
22
39
39
39
39
39
39
39
39
39
39
39
39
39
39
39
39
39
39
39
39
39
39
39
39
39
39
39
39
39
39
39
39
39
39
39
39
39
39
38
38
38
38
38
38
38
38
38
38
38
38
38
38
38
38
38
38
38
38
38
38
38
38
37
37
38
38
38
38
38
37
37
38
37
37
38
37
37
37
37
37
37
37
37
37
37
37
37
37
18
37
37
18
33
33
33
33
33
33
33
33
33
33
33
33
33
33
33
33
33
33
33
40
40
40
40
40
40
40
40
40
40
40
40
40
40
40
40
40
40
40
40
40
40
40
40
40
40
40
40
40
40
40
40
40
40
40
40
40
40
40
40
40
40
40
40
40
40
40
40
40
40
43
40
43
40
40
40
40
40
40
40
40
40
40
40
40
40
40
40
40
40
40
40
40
40
40
40
40
40
43
40
40
40
40
40
40
40
40
40
40
40
40
40
40
40
40
40
40
40
40
40
40
40
40
40
40
40
40
40
40
40
40
40
40
40
40
40
40
40
40
40
40
40
40
40
40
40
40
40
40
40
40
40
40
40
40
