34
34
34
34
34
2
2
2
2
2
2
2
2
2
2
2
2
34
8
8
8
8
2
8
8
1
1
2
2
2
2
2
2
2
2
2
2
2
0
2
1
2
2
2
2
0
2
2
2
2
2
2
2
2
1
2
2
2
2
2
2
2
2
2
2
2
2
2
2
2
2
2
2
2
2
2
2
2
1
2
2
2
2
2
2
1
2
2
2
2
2
2
1
2
2
2
2
2
2
2
2
2
2
2
2
2
2
2
6
2
1
1
2
1
2
2
2
2
2
2
8
2
2
1
2
2
2
2
2
6
2
6
6
2
2
2
2
6
6
6
6
2
2
6
6
6
2
6
6
6
6
2
2
2
6
2
2
6
2
2
13
2
2
2
13
13
13
13
13
13
6
6
6
6
6
6
13
6
13
13
13
13
13
13
13
13
13
13
13
13
13
13
13
6
6
13
13
13
2
8
1
13
13
8
2
6
20
8
8
8
8
8
8
8
42
42
42
20
42
42
42
42
42
8
42
20
42
42
42
42
42
42
42
42
42
8
42
42
42
8
42
42
42
8
8
42
8
8
42
8
42
8
42
6
42
8
8
8
10
10
42
8
8
8
8
8
8
1
8
42
8
8
8
20
40
8
8
8
8
13
8
8
8
8
42
8
13
13
13
40
3
1
3
3
19
19
3
19
19
3
3
3
3
3
40
19
19
19
19
19
19
19
19
19
19
19
19
19
19
19
19
19
19
19
19
19
19
19
19
19
19
19
19
19
19
19
19
19
23
19
19
19
19
19
19
23
19
19
19
19
19
19
19
19
13
13
5
5
13
13
0
9
9
9
17
17
9
9
17
9
17
9
9
9
9
9
9
9
9
9
9
17
9
9
9
9
9
9
9
9
9
9
9
17
9
9
17
17
9
17
17
17
17
17
17
17
17
17
17
17
17
17
17
17
17
17
17
17
17
17
17
17
17
4
4
4
4
4
4
4
4
4
4
4
4
4
6
6
6
6
6
6
6
21
6
6
6
6
6
1
1
1
28
1
28
28
1
28
28
28
28
28
28
28
28
28
28
28
28
28
28
23
23
23
28
23
23
23
23
23
23
23
23
23
23
23
23
23
23
23
23
23
23
23
23
23
23
23
23
23
23
23
23
23
23
23
23
23
5
5
23
5
5
29
29
29
29
29
26
26
26
29
29
26
29
29
29
26
26
26
26
26
29
29
29
26
26
26
26
26
26
26
26
26
26
26
26
14
26
14
14
14
26
14
26
14
14
14
26
14
26
14
14
14
14
14
14
14
14
12
14
14
12
12
12
14
12
12
12
14
12
12
25
25
25
25
25
25
25
25
25
25
25
25
25
25
25
25
25
25
25
25
25
35
35
35
35
25
25
35
35
35
35
35
35
35
16
16
16
16
16
16
16
16
16
16
16
16
16
16
16
16
16
16
16
16
24
24
24
24
16
24
24
24
24
24
24
24
24
24
24
24
24
24
24
24
24
41
41
41
41
41
41
41
41
41
41
41
41
41
41
41
10
10
10
10
10
10
10
10
10
10
10
10
10
10
10
10
36
36
36
36
31
36
36
36
36
30
30
7
2
2
36
2
2
2
2
2
2
2
2
2
2
36
36
36
2
2
7
7
2
2
36
36
7
7
7
36
36
31
31
31
31
31
31
31
31
31
31
31
31
31
31
31
31
31
31
31
31
31
31
31
31
31
31
31
31
31
31
31
31
30
30
30
30
30
30
30
30
30
30
30
30
30
30
30
31
30
30
30
30
30
30
30
30
27
27
27
27
27
27
27
27
27
27
27
27
27
27
27
27
27
27
27
27
27
27
27
15
15
15
15
15
15
15
21
21
21
21
21
21
39
22
21
21
21
22
21
21
22
22
22
22
22
22
22
22
22
22
22
22
22
39
39
22
39
39
39
39
39
39
39
39
39
39
39
39
39
39
39
39
39
39
39
39
39
39
39
38
38
37
38
37
37
37
37
37
37
37
37
37
37
37
37
18
37
37
37
37
37
37
37
37
37
37
18
37
37
37
33
33
33
33
33
33
33
33
33
33
33
33
33
33
33
33
33
33
33
33
40
40
40
40
40
40
40
40
40
40
40
40
40
40
40
40
40
40
40
