34
20
34
35
25
25
20
20
20
20
20
20
20
20
20
20
20
20
20
20
20
20
8
42
20
42
42
8
8
8
8
8
8
8
8
8
3
8
8
3
3
3
3
3
3
3
3
3
3
3
3
3
3
3
3
3
3
3
3
3
3
3
3
3
3
3
3
3
3
3
3
3
19
3
3
19
19
19
19
19
19
19
19
19
3
13
13
13
13
6
0
0
13
0
0
0
0
0
0
0
9
0
0
0
0
0
0
9
9
9
9
9
9
9
9
9
9
9
9
9
9
9
9
9
9
9
9
9
9
17
9
17
17
17
17
17
17
9
17
17
17
4
17
17
4
4
17
17
4
4
4
4
4
4
4
4
4
4
4
4
4
4
4
4
4
4
6
6
6
6
6
6
6
6
6
6
6
6
6
6
6
6
1
1
1
1
1
1
1
1
1
1
1
1
1
1
1
1
1
1
1
1
1
1
1
1
1
1
1
1
28
28
1
1
1
28
28
28
28
28
28
28
28
28
23
28
28
23
23
23
23
23
23
23
23
23
23
23
23
14
5
5
14
5
1
5
29
29
29
29
14
29
29
29
26
29
29
14
26
29
26
26
14
26
26
26
26
26
26
14
14
14
14
14
14
14
14
14
14
14
14
14
14
14
14
14
14
14
14
14
14
12
14
14
12
12
14
14
12
12
14
14
12
12
12
14
12
12
12
12
12
12
12
25
25
25
25
25
25
25
25
25
25
25
25
25
25
25
25
25
25
25
25
25
25
25
25
35
35
25
35
35
35
35
35
35
35
26
26
35
34
10
35
35
16
16
16
16
16
16
16
16
16
16
16
16
24
24
24
24
24
24
24
24
24
24
24
24
24
24
24
24
24
24
24
24
24
24
24
24
24
24
41
24
41
41
41
41
41
41
41
41
41
41
41
41
41
10
10
10
10
10
10
10
36
36
36
36
36
36
36
36
36
36
36
36
36
36
36
36
36
36
36
36
2
36
2
2
2
2
2
2
2
2
2
2
2
2
2
2
2
2
2
2
7
2
2
7
7
7
7
7
7
31
31
31
31
31
31
31
31
31
31
31
31
31
31
31
31
31
31
31
31
31
31
31
31
31
31
31
31
31
30
30
30
30
30
30
30
30
30
30
30
30
30
30
30
27
27
30
30
27
27
30
27
27
27
27
27
27
27
30
27
27
27
27
27
27
27
27
27
27
27
27
27
27
27
15
15
15
15
15
15
15
21
15
15
15
15
21
21
21
21
21
21
21
22
22
22
22
22
22
22
22
22
22
22
22
39
39
39
39
39
39
39
39
39
39
39
39
39
39
39
39
39
39
39
39
39
39
39
39
39
39
39
39
39
39
39
39
39
39
39
38
38
38
38
38
38
38
38
38
38
37
37
37
37
37
37
37
37
37
37
33
33
37
33
33
33
33
37
37
37
33
33
33
33
33
33
33
37
33
33
37
33
33
33
33
33
33
33
33
33
33
33
33
33
33
33
40
40
40
40
40
40
40
40
40
40
40
40
40
40
40
40
40
40
40
40
40
40
40
40
40
40
40
40
