13
13
13
34
13
34
34
34
34
34
34
34
34
34
34
34
34
34
34
34
1
8
8
20
8
8
8
8
8
20
8
1
1
8
8
8
8
8
8
8
8
8
8
1
3
3
19
5
5
23
5
5
5
5
5
23
5
5
5
5
5
5
5
13
13
13
5
6
13
1
6
6
13
8
8
8
8
8
8
8
8
8
8
8
8
8
8
8
8
8
8
8
8
8
8
8
8
8
3
8
8
8
8
8
3
3
3
3
3
3
3
3
8
3
3
3
19
3
3
19
19
19
19
3
19
3
19
19
19
3
19
19
19
19
19
19
19
19
19
13
13
13
13
6
13
6
6
13
13
0
6
0
0
0
0
0
0
9
9
9
9
9
9
9
9
9
9
9
9
9
9
9
9
9
9
9
9
9
9
9
9
9
9
9
17
9
9
9
17
17
17
17
17
17
17
17
17
17
17
17
17
17
17
17
17
17
17
17
17
17
17
17
17
4
4
9
4
4
4
5
13
1
1
5
5
5
5
29
5
5
29
1
29
23
5
28
23
23
5
5
5
5
5
5
23
23
5
5
5
5
5
5
5
23
5
5
5
5
5
5
5
13
23
23
23
23
23
5
5
1
4
1
14
1
4
6
6
4
4
6
4
12
12
12
12
16
1
29
29
1
29
29
5
6
1
6
6
29
29
29
29
29
29
29
29
29
29
29
29
29
29
29
29
29
29
26
26
26
26
26
26
26
26
26
26
26
26
26
26
26
26
26
26
14
14
14
14
14
14
14
14
14
14
14
14
14
14
14
14
14
14
12
12
12
12
12
12
12
12
12
12
12
12
26
12
25
25
25
25
25
25
25
25
25
25
25
25
25
25
25
35
25
35
35
35
35
35
35
35
35
35
25
25
35
25
25
25
35
16
16
16
16
16
16
16
16
16
16
16
16
16
16
16
16
24
16
16
16
16
16
16
16
24
24
24
24
24
24
24
24
24
24
24
24
24
24
24
24
24
24
16
24
24
24
24
24
24
24
41
41
41
41
41
41
41
41
41
41
41
41
41
41
41
10
10
10
10
10
10
10
10
10
10
10
10
10
10
10
10
10
36
36
36
36
36
36
36
36
36
36
36
36
36
36
36
15
2
2
2
2
2
2
2
2
2
2
2
2
2
2
2
2
2
7
7
7
7
7
7
7
7
7
7
7
7
7
7
7
7
7
7
7
31
31
31
31
31
31
7
31
31
31
31
31
31
31
31
31
31
31
30
30
30
30
30
30
30
30
30
30
30
30
30
30
30
30
30
30
27
30
30
27
15
30
30
30
15
30
30
30
15
30
30
30
15
27
27
27
15
27
27
27
15
36
15
15
15
15
15
21
15
15
21
15
15
21
21
21
21
21
21
21
21
22
21
21
22
21
21
21
21
21
21
21
21
22
22
22
22
22
22
22
22
22
22
22
22
39
39
39
39
39
39
39
39
39
39
39
39
39
39
39
39
39
39
39
39
38
38
38
38
38
38
38
38
38
38
38
38
38
38
38
38
38
38
38
38
38
38
38
38
38
38
38
38
38
38
38
38
38
38
38
38
38
38
38
38
37
38
38
38
38
38
38
38
38
38
38
38
38
38
38
38
38
38
38
38
38
37
38
38
40
38
37
37
37
37
37
37
37
37
37
37
37
37
37
37
33
37
37
37
37
37
33
37
37
37
33
33
33
33
33
33
33
33
33
33
33
33
33
33
40
33
33
40
40
40
40
40
40
40
40
40
40
40
40
40
40
40
40
40
40
40
40
40
40
40
40
40
