34
1
1
1
10
20
20
34
20
34
10
20
20
20
34
1
34
10
6
34
1
34
34
34
34
20
20
10
8
42
42
42
42
4
8
8
8
8
42
8
6
8
8
8
8
8
8
8
8
8
8
3
8
8
8
3
8
8
8
3
3
3
8
8
3
3
3
3
3
3
3
3
3
3
3
3
3
3
3
3
3
3
3
3
3
19
3
3
3
3
3
19
3
19
3
19
19
19
3
19
19
19
3
3
13
13
13
13
0
13
13
13
13
13
0
0
0
0
0
0
0
0
9
9
9
9
9
9
9
9
9
9
9
9
9
9
9
9
9
9
9
9
9
9
9
9
9
9
9
9
9
9
9
0
17
4
4
4
17
4
4
4
4
4
4
4
4
4
4
4
4
4
4
4
4
4
4
4
4
4
4
4
6
4
4
6
6
6
6
6
6
6
6
6
5
1
1
1
1
1
1
1
1
1
1
1
1
1
28
1
1
1
1
1
28
1
1
28
1
1
1
1
1
23
28
23
28
28
28
23
23
23
23
23
23
5
23
23
23
23
23
23
5
4
40
14
14
14
5
5
23
23
5
23
5
5
5
5
5
5
5
5
5
5
14
14
14
29
14
29
29
29
29
26
29
29
29
29
12
14
14
14
14
14
14
14
14
29
14
26
14
29
14
14
14
14
14
14
14
29
14
14
14
14
14
14
14
14
14
14
14
26
14
14
14
14
14
14
12
14
14
14
12
14
14
14
12
12
12
12
12
12
25
25
25
25
25
25
25
25
25
25
25
25
25
25
25
25
25
25
25
25
25
35
25
35
35
35
35
35
35
25
25
25
16
16
16
16
16
16
16
16
16
16
16
16
16
16
16
16
16
16
24
24
24
24
24
24
24
24
24
24
24
24
24
41
41
24
41
41
24
41
41
41
41
41
41
41
10
10
10
10
24
24
10
10
10
10
10
10
10
10
10
10
10
10
10
10
10
10
10
10
10
36
36
36
36
36
36
36
36
36
36
36
36
36
36
36
36
36
36
36
36
36
36
36
36
36
36
36
36
36
36
2
2
2
2
2
2
2
2
2
2
2
2
7
7
7
7
7
7
7
7
7
31
31
7
31
31
31
31
31
31
31
31
31
31
31
31
31
31
31
31
31
31
31
31
31
31
31
31
31
31
30
30
30
30
30
30
30
30
30
30
30
30
30
30
30
30
30
27
30
30
30
27
27
27
30
27
27
30
30
27
27
27
27
27
27
27
27
15
27
27
27
27
27
27
27
15
15
15
15
15
15
15
21
21
15
30
21
21
21
21
21
21
21
21
21
21
21
21
21
21
21
21
21
21
21
21
21
21
21
21
21
21
21
21
21
21
21
22
22
22
22
22
22
22
22
22
22
22
22
22
22
22
22
22
22
22
22
22
22
22
22
21
22
39
22
22
22
39
39
39
39
39
39
39
39
39
39
39
39
39
39
39
39
39
39
39
22
39
39
39
39
39
39
39
38
38
38
38
38
38
38
38
38
38
38
38
38
37
37
38
38
38
38
38
38
38
37
38
38
38
38
38
38
38
38
38
38
38
37
38
37
38
38
37
37
38
40
37
38
38
38
37
38
38
37
38
38
38
38
37
37
37
37
37
37
37
37
37
37
37
37
37
37
37
37
37
37
37
37
37
37
37
37
37
37
37
18
37
33
33
33
33
33
33
33
33
41
41
41
41
41
41
41
40
40
40
40
40
40
40
40
40
40
40
40
40
40
40
40
40
40
40
40
40
40
40
40
40
40
40
40
40
40
40
40
40
40
40
40
40
40
40
