2
2
2
2
2
2
2
2
2
2
2
2
2
2
2
2
2
2
2
2
2
2
2
2
2
2
2
2
2
2
2
2
2
2
2
2
2
2
2
2
2
2
2
2
2
2
2
2
2
2
2
2
2
2
2
2
2
2
2
2
2
2
2
2
2
2
2
2
2
2
2
2
1
2
2
2
2
2
2
2
2
2
2
2
1
1
1
20
20
20
42
20
6
6
20
6
42
42
42
42
42
42
42
20
6
6
20
42
42
20
42
8
6
8
8
8
8
3
3
3
8
8
8
8
8
8
8
8
8
8
42
8
8
8
8
8
8
8
8
8
8
8
8
8
8
6
8
8
8
8
13
8
8
8
1
8
8
8
8
8
8
3
3
3
3
3
8
8
3
3
3
3
3
3
3
3
3
19
3
3
8
3
3
3
3
3
3
3
3
3
3
3
3
19
3
3
3
19
3
3
3
19
19
19
19
3
19
19
19
19
19
19
5
5
13
13
13
13
0
0
9
9
9
9
9
9
9
9
9
9
9
9
9
9
9
9
9
9
9
9
9
9
9
9
9
9
9
9
9
9
9
9
9
9
9
9
9
17
9
17
17
17
17
17
17
17
17
17
17
17
17
17
4
4
17
17
4
4
4
4
4
4
4
4
4
4
4
4
4
4
4
4
4
6
6
6
6
6
6
6
6
6
6
6
6
6
6
1
1
1
1
1
1
1
1
28
28
28
1
1
1
1
28
1
1
28
28
1
28
23
28
1
28
28
28
28
28
23
23
23
23
23
23
23
23
23
28
23
23
23
28
23
23
23
23
23
23
23
23
23
23
23
23
23
5
5
5
5
5
5
29
29
29
29
26
26
26
26
29
26
26
26
26
26
26
26
26
26
26
26
26
26
26
26
26
26
26
26
26
26
26
26
14
14
26
26
14
14
26
26
14
14
14
26
14
14
14
26
14
14
14
14
14
14
14
14
14
14
14
14
14
12
12
12
12
12
12
12
25
25
25
25
25
25
25
25
25
25
25
25
25
25
25
25
25
25
25
35
25
35
35
35
35
35
35
35
35
35
35
25
35
16
16
16
16
16
16
16
16
16
16
16
16
16
16
16
16
16
16
16
16
35
35
35
35
35
16
16
16
16
16
16
16
16
16
16
16
16
16
16
16
16
16
16
16
16
16
16
41
41
41
41
41
41
41
41
41
41
24
24
41
41
41
41
41
41
41
41
41
41
41
41
41
41
41
41
41
41
41
41
35
10
10
10
10
10
10
10
10
36
36
36
36
36
36
36
36
36
36
36
36
36
36
36
36
36
36
36
36
2
2
2
2
2
2
2
36
36
36
36
36
36
36
36
36
2
2
2
2
7
2
2
2
2
2
7
7
7
7
7
7
7
7
7
31
31
31
31
31
31
31
31
31
31
31
31
31
31
31
31
31
31
31
31
31
31
31
31
31
31
31
31
31
31
31
31
31
31
30
30
27
30
30
30
27
30
30
30
30
30
30
27
27
30
30
30
27
30
27
27
27
27
27
27
27
27
27
27
27
27
27
30
27
27
27
27
15
15
15
27
15
15
15
15
21
21
21
27
30
21
21
21
40
22
22
22
21
21
21
22
22
22
22
22
22
22
22
22
22
21
22
22
22
22
22
22
22
22
39
39
39
39
39
39
39
39
39
39
39
39
39
39
39
39
39
39
39
39
39
38
38
38
38
38
37
38
37
37
38
38
38
38
38
38
37
38
37
38
38
38
37
38
38
38
38
38
38
38
38
38
38
38
38
38
38
38
38
37
38
38
37
37
37
38
37
37
38
38
37
37
37
37
37
37
37
37
37
37
37
37
37
37
37
37
37
37
37
18
18
18
18
33
33
33
33
33
33
33
33
33
33
33
40
33
33
33
33
40
33
40
40
40
40
40
40
40
40
40
40
40
40
40
40
40
40
40
40
40
40
40
