20
8
20
8
8
8
42
8
8
42
42
20
20
20
20
20
20
20
20
20
20
20
8
8
1
6
6
6
8
6
8
8
8
20
3
8
8
8
8
8
8
8
8
8
8
8
8
8
8
8
8
8
8
8
8
8
8
8
8
3
3
3
3
3
3
3
19
19
3
11
3
3
3
11
11
3
3
11
8
20
8
8
20
0
8
0
0
0
0
0
0
0
0
0
0
0
0
0
0
0
0
0
0
0
0
0
0
0
0
0
0
0
0
0
0
0
0
0
0
0
0
0
0
0
0
0
17
13
0
0
17
13
0
0
17
0
0
9
17
9
4
4
4
13
4
4
4
4
4
4
4
13
13
13
13
5
0
4
4
4
4
17
0
1
6
6
6
6
6
1
1
1
1
1
1
1
1
1
1
1
1
1
1
1
1
1
1
1
28
1
1
1
1
1
1
28
28
1
1
1
23
1
23
28
23
23
23
23
23
23
23
23
23
23
23
23
23
23
23
23
23
5
5
23
4
4
5
5
13
5
14
5
17
4
5
9
14
26
26
14
14
14
26
26
26
26
29
29
26
14
26
14
14
14
14
14
14
14
14
14
14
14
14
14
14
14
14
14
14
14
14
14
14
14
14
14
14
14
14
14
14
14
14
12
14
12
4
12
12
12
4
6
6
6
6
4
6
14
29
5
6
6
13
5
5
14
5
5
14
14
29
29
14
14
29
29
29
29
29
29
29
14
29
29
26
14
6
14
14
4
6
14
14
14
14
14
14
12
4
4
6
6
6
4
6
6
6
4
6
4
6
4
6
6
6
4
6
6
6
6
6
6
6
6
6
6
6
6
6
6
6
29
6
6
25
25
25
25
25
25
25
25
25
25
25
25
25
25
25
25
25
25
25
25
25
25
25
25
25
25
25
25
25
25
25
25
25
35
35
35
35
35
35
35
35
35
35
35
25
6
16
16
10
16
16
16
16
16
24
16
16
16
24
16
24
24
24
24
24
24
24
24
24
24
24
24
24
24
24
24
24
24
24
24
24
24
24
24
24
24
24
24
24
41
41
41
41
41
41
41
41
41
41
41
41
41
41
41
41
41
41
41
41
24
10
10
36
36
10
10
10
36
36
36
36
36
36
36
36
36
36
36
36
36
36
36
36
36
36
36
36
36
36
36
36
36
36
36
36
36
36
36
36
2
2
2
2
2
2
2
2
2
2
2
2
2
36
2
2
2
2
2
2
2
2
2
2
2
2
2
2
2
7
2
7
7
7
7
7
31
31
31
31
31
31
31
31
31
31
31
31
31
31
31
31
31
31
31
31
31
31
31
31
31
31
31
31
31
31
31
30
30
30
30
30
30
30
30
30
27
30
30
30
27
30
27
27
27
27
27
27
27
27
27
27
27
27
27
27
27
15
27
15
27
27
27
21
15
21
15
15
15
15
15
15
22
22
22
22
21
21
15
22
21
21
21
21
21
21
21
22
21
21
39
39
39
22
39
39
39
39
39
39
39
39
39
39
39
39
39
39
39
39
39
39
39
39
38
43
38
38
39
38
38
38
39
39
38
38
38
38
38
38
38
38
37
38
38
38
38
38
38
38
38
37
37
37
38
38
38
38
38
38
37
37
38
38
38
37
37
37
37
37
37
37
38
37
38
37
38
37
37
37
37
37
37
37
37
37
37
33
37
37
37
33
37
33
33
37
37
37
33
18
33
33
18
37
33
37
33
37
33
33
33
33
33
33
33
33
33
33
33
33
33
33
33
33
33
33
33
33
33
33
33
33
33
33
33
40
33
33
33
40
33
33
33
33
33
40
40
40
40
40
40
40
40
40
40
40
40
40
40
40
40
40
40
40
40
40
40
40
40
40
40
40
40
40
