2
2
2
2
2
2
2
2
2
2
2
2
2
2
2
2
2
2
2
2
34
2
2
2
2
2
2
6
2
2
2
2
34
2
2
2
2
2
2
2
2
2
1
2
2
2
2
2
2
2
2
2
2
2
6
2
6
2
2
2
2
2
2
34
1
2
2
6
2
34
34
6
34
34
2
2
2
34
34
34
2
34
6
6
34
6
6
6
6
6
6
6
6
6
6
6
6
6
6
6
6
6
6
42
6
42
6
6
6
6
6
6
6
6
8
6
6
6
6
42
42
8
8
6
42
8
8
42
20
42
42
42
6
6
8
8
8
8
8
6
6
8
8
8
8
8
8
8
8
3
3
3
19
3
3
3
19
3
3
3
19
3
3
3
19
3
19
3
19
19
19
19
19
19
19
19
19
19
19
3
19
19
19
19
19
19
19
19
19
19
19
19
19
19
19
19
19
19
19
19
19
19
19
19
19
19
19
13
19
13
19
3
40
40
13
13
40
40
13
40
19
13
13
40
0
0
0
0
0
0
0
0
13
0
0
0
13
0
0
0
13
40
0
0
13
13
0
13
13
13
13
13
13
13
13
40
40
40
40
40
19
19
19
19
19
19
19
19
19
19
19
19
19
40
19
40
40
19
19
19
40
19
40
40
40
40
4
11
4
4
4
40
40
40
40
40
6
40
40
40
40
13
13
40
1
1
1
40
1
40
1
1
1
1
1
28
28
28
28
28
28
28
28
28
28
28
28
28
23
28
28
28
28
28
23
28
28
28
28
28
28
28
28
23
23
23
23
28
23
28
23
40
28
23
23
23
28
28
23
23
28
28
23
40
28
23
23
40
23
28
5
28
23
5
29
29
29
29
29
29
29
29
29
29
29
1
1
28
1
28
28
28
1
1
1
28
26
29
26
14
26
26
12
12
1
26
26
26
26
26
14
26
26
14
14
14
26
14
14
14
14
14
14
14
14
14
14
14
28
14
14
14
14
14
14
14
14
26
26
26
26
29
28
25
25
25
25
25
25
25
25
25
25
25
25
25
25
25
25
35
35
35
25
25
35
35
35
35
35
35
6
40
40
35
40
16
16
16
16
16
16
16
16
16
16
16
16
16
16
16
16
16
16
16
24
16
24
24
24
24
24
24
24
24
24
24
24
24
24
24
24
41
41
41
41
41
41
41
41
41
41
41
41
41
41
41
41
41
41
41
10
10
10
10
10
10
36
36
36
36
36
36
36
36
36
36
36
36
36
36
36
36
36
36
7
2
2
2
7
2
2
2
2
2
7
7
7
7
7
7
7
7
7
7
7
7
31
7
7
31
7
31
31
31
31
31
31
31
31
31
31
31
31
31
31
31
31
31
31
31
31
31
31
31
31
30
30
30
30
30
30
30
30
30
30
30
30
30
30
27
27
30
30
27
27
30
27
27
27
27
27
27
27
27
27
27
27
27
27
27
27
27
27
27
27
27
27
27
27
15
15
15
15
15
15
21
21
21
21
21
21
21
21
21
21
21
21
21
21
21
21
22
22
22
22
22
22
22
22
22
22
22
22
39
22
39
39
39
39
39
39
39
39
39
39
39
39
39
39
39
39
39
39
39
39
39
38
38
38
38
38
38
38
38
38
38
38
38
38
38
38
38
38
38
38
38
38
38
38
38
38
38
38
38
38
38
38
38
38
38
38
38
38
38
38
38
38
37
38
38
37
37
37
37
37
37
37
37
18
37
37
37
37
37
37
37
18
37
37
37
18
37
37
37
37
37
18
18
37
33
33
33
33
33
33
33
33
33
33
33
33
33
33
33
33
33
33
33
33
40
40
40
40
40
40
40
40
40
40
40
40
40
40
40
40
40
40
40
