20
20
20
20
20
20
42
20
20
20
20
20
20
20
20
20
42
42
8
42
42
42
42
6
20
20
20
42
42
20
20
20
20
42
20
42
42
42
20
42
42
20
42
8
8
8
42
8
8
8
8
8
8
8
42
8
8
8
8
8
8
8
8
8
8
8
8
8
8
8
8
8
8
8
8
8
8
8
8
8
8
8
8
8
3
3
8
3
3
3
3
3
3
3
3
3
3
3
3
3
3
3
19
3
19
19
3
19
19
19
19
19
3
19
19
19
3
19
19
19
3
19
19
19
19
19
19
19
19
19
19
19
19
19
19
19
19
19
19
13
13
13
13
13
6
6
6
6
0
0
6
6
6
0
6
6
0
0
0
0
0
9
0
9
9
9
9
9
9
9
9
9
9
9
9
9
9
9
9
9
9
9
9
17
9
9
9
9
9
9
9
9
9
9
9
17
9
17
9
17
9
17
17
17
17
17
2
4
4
4
4
4
4
4
6
6
6
13
5
6
6
6
6
6
6
6
6
6
6
1
1
1
1
1
1
1
1
1
1
1
1
1
1
1
1
1
1
1
28
1
1
1
28
1
1
1
1
1
28
1
1
28
28
28
28
23
28
23
23
23
23
23
23
23
23
23
23
28
23
23
23
23
23
23
23
23
23
23
23
23
5
5
5
5
5
5
14
13
29
1
14
13
1
5
0
13
29
1
14
29
26
29
29
29
26
26
26
29
26
26
14
14
14
14
14
14
14
14
14
14
14
14
14
14
14
14
14
33
14
14
14
14
14
14
14
14
14
14
14
14
14
14
14
14
14
14
14
12
12
14
14
14
14
29
25
25
25
25
25
25
25
25
25
25
25
25
25
35
35
35
35
35
35
35
35
35
35
35
35
35
35
35
35
35
35
35
35
35
14
14
14
25
25
35
16
16
16
16
16
16
16
16
16
16
16
16
16
24
16
16
24
24
24
24
24
24
24
24
24
24
24
24
24
24
24
24
24
24
24
24
41
41
41
41
41
41
41
41
41
41
41
41
41
41
41
41
41
41
24
41
41
10
10
10
10
10
10
10
10
10
36
36
36
36
36
36
36
36
36
36
36
36
36
36
36
2
36
36
2
2
2
2
2
2
2
2
2
2
2
2
2
2
2
2
7
7
7
7
7
7
7
7
7
7
7
7
7
7
7
7
7
7
7
7
7
7
31
7
7
7
31
31
31
31
31
31
31
31
31
31
30
30
30
30
30
30
30
30
30
30
30
30
30
30
30
30
30
30
30
30
27
30
30
30
27
30
27
27
27
27
27
27
27
27
27
27
27
27
27
27
27
27
27
27
27
27
27
27
15
15
15
15
15
15
21
21
21
21
21
21
21
21
21
21
21
21
21
21
21
21
21
22
22
22
22
22
22
22
22
22
22
22
22
39
39
39
39
39
39
39
39
39
39
39
39
39
39
39
39
39
39
39
39
39
39
39
38
38
38
39
39
38
38
38
38
38
38
38
38
38
38
38
38
38
38
37
38
37
37
37
37
37
37
37
37
37
37
37
37
37
37
37
37
37
37
37
37
37
37
37
37
37
37
37
33
33
33
33
33
33
33
33
33
33
33
33
33
33
33
33
33
33
33
33
40
40
40
40
40
40
40
40
40
40
40
40
40
40
40
40
40
40
40
