34
34
34
8
34
34
2
2
34
34
34
1
34
34
34
34
34
1
1
34
1
34
34
34
34
34
1
1
1
32
1
34
20
1
1
1
1
1
1
1
0
13
1
1
1
1
1
1
1
1
13
1
0
1
1
1
1
1
13
13
13
1
13
13
13
40
13
13
1
13
13
13
40
13
13
40
13
20
20
13
6
20
20
20
13
6
20
13
20
20
6
1
20
8
1
8
42
42
20
20
20
6
6
6
20
20
20
20
40
6
6
4
6
20
20
20
20
1
40
8
8
8
6
8
40
8
6
8
40
6
8
8
8
8
8
8
8
10
8
8
8
8
8
8
8
8
8
8
8
8
8
8
8
8
3
3
3
3
3
3
3
3
3
3
3
3
3
3
3
3
3
3
3
19
19
19
3
19
19
19
3
19
19
19
19
19
19
19
19
19
19
19
19
19
19
19
19
19
19
19
19
19
19
19
19
19
19
19
19
19
19
19
19
19
13
13
13
13
13
13
13
13
0
13
0
0
0
0
9
9
9
0
0
9
9
9
9
9
9
9
9
9
9
9
9
9
9
9
9
9
9
9
17
9
9
9
17
9
9
17
17
17
17
9
17
17
17
17
17
17
17
17
17
17
17
17
17
17
17
17
4
17
17
17
17
4
4
4
4
4
4
4
4
4
4
4
4
4
4
6
6
6
6
6
6
6
6
6
6
6
6
6
1
1
1
1
1
1
1
1
1
1
1
1
28
28
28
28
28
28
28
23
23
23
23
23
23
23
23
23
23
23
23
23
23
23
23
23
23
23
23
23
23
23
23
23
23
23
23
23
23
23
23
23
5
5
5
23
5
5
5
5
5
5
29
29
29
29
29
29
29
29
29
29
29
29
29
29
29
29
29
29
29
29
29
29
29
29
26
29
29
26
26
26
26
26
14
26
26
26
14
14
14
14
14
14
14
14
14
14
14
14
14
14
14
14
14
14
14
14
14
14
14
14
14
12
12
12
12
12
12
26
26
25
25
25
25
25
25
25
25
25
25
25
25
25
25
25
25
35
35
35
35
35
35
35
35
35
35
35
35
35
35
35
10
10
16
16
16
16
16
16
16
16
16
16
16
16
16
16
16
16
16
16
16
41
24
24
41
41
41
41
41
24
24
24
24
41
41
41
41
41
41
41
41
41
41
41
41
41
41
41
41
41
41
41
41
41
41
41
41
41
41
41
41
41
41
41
10
10
10
10
10
10
10
10
36
36
36
10
10
36
36
10
16
16
16
16
16
16
10
36
36
36
21
36
36
21
36
21
21
21
21
21
21
21
21
21
21
41
41
10
10
24
10
10
10
10
10
10
41
41
41
10
21
21
21
36
36
36
36
36
30
30
30
30
30
30
30
30
30
2
2
2
2
2
2
2
2
2
2
2
2
7
7
7
7
7
7
7
7
30
30
30
30
30
30
30
31
30
30
30
30
30
30
30
31
31
31
31
7
7
31
31
31
31
31
31
31
31
31
31
31
31
31
31
31
31
31
31
31
31
31
31
31
31
31
31
31
31
31
31
31
31
31
31
30
30
30
30
30
30
30
30
30
30
30
30
27
27
27
27
27
27
27
27
27
27
27
27
27
27
27
27
27
27
27
27
15
27
27
27
15
27
15
15
15
15
15
15
15
21
21
21
21
21
30
21
21
21
21
22
22
21
21
21
21
21
22
22
41
41
41
41
41
21
21
21
22
22
22
22
22
22
22
22
22
22
22
22
22
22
22
22
39
39
39
39
39
39
39
39
39
39
39
39
39
39
38
38
39
38
38
38
39
38
38
38
38
38
38
38
38
38
38
38
38
38
38
38
38
38
38
38
38
38
37
38
38
38
37
37
37
37
37
33
33
37
37
37
37
37
37
37
37
37
37
37
37
37
37
37
37
37
37
33
37
37
37
33
33
33
33
33
33
33
33
33
33
33
33
40
33
33
40
40
40
40
40
40
40
40
40
40
40
40
40
40
40
40
40
40
40
40
40
40
40
40
