16
16
20
16
16
20
20
20
16
34
20
20
34
20
34
34
20
20
20
20
20
20
20
20
20
20
20
20
16
16
16
16
16
16
20
16
1
16
6
20
6
20
20
20
20
20
20
20
20
20
20
16
20
6
20
4
20
20
6
15
6
6
20
21
20
1
6
15
4
6
4
15
3
6
6
15
20
6
6
4
8
3
19
3
3
19
3
3
3
3
3
3
3
3
3
3
3
3
3
3
3
3
3
8
3
3
3
3
3
3
3
3
3
3
3
3
3
3
3
3
3
3
3
3
3
3
3
3
3
3
3
3
3
3
3
3
3
3
3
3
3
19
3
3
3
3
3
3
3
19
19
3
3
19
19
13
8
6
13
8
8
4
8
8
8
4
40
0
8
4
8
8
8
4
3
8
3
3
8
8
8
0
40
8
3
13
13
40
8
13
3
40
40
13
40
40
8
13
8
40
40
40
40
40
40
40
40
40
13
13
19
40
13
13
40
40
40
40
40
40
40
13
40
40
40
40
13
40
40
40
19
40
40
40
19
40
19
19
19
19
19
19
19
19
19
19
19
40
13
13
13
6
13
43
13
0
0
13
0
13
0
0
0
0
9
0
9
9
9
0
0
0
0
9
9
9
9
9
9
9
9
9
9
9
9
9
9
9
9
9
9
9
9
9
9
17
9
17
17
17
17
17
17
17
17
17
17
17
17
17
17
17
17
17
17
17
17
17
17
17
17
17
17
17
17
4
17
17
6
6
6
0
6
6
6
6
1
0
40
1
21
6
6
6
6
6
6
6
6
6
6
1
1
6
1
0
1
1
1
1
29
40
1
1
1
28
1
1
1
1
1
1
1
1
1
1
1
13
1
1
1
13
1
1
1
13
1
6
1
13
1
1
1
13
1
13
1
13
40
17
13
17
40
17
17
17
17
17
17
17
40
40
40
40
40
5
14
14
29
14
14
5
14
14
29
29
29
14
14
14
14
14
29
29
14
14
14
26
14
14
14
26
14
14
14
14
14
14
14
14
14
14
14
14
14
14
14
14
14
14
14
5
14
14
14
12
14
14
12
12
14
12
12
12
12
12
12
14
12
12
12
12
12
14
12
25
25
25
25
25
25
25
25
25
25
25
25
25
25
25
25
25
25
25
35
35
35
35
35
35
35
25
6
6
6
35
16
16
16
16
16
16
16
16
16
16
16
16
16
16
16
16
24
16
16
24
24
16
24
16
24
24
24
24
24
24
24
41
41
41
41
41
41
41
41
41
41
41
41
41
41
41
41
41
41
41
41
41
41
41
41
10
10
10
10
10
10
34
36
36
36
36
36
36
36
36
36
36
36
36
36
36
36
36
36
36
36
36
36
36
36
36
36
2
2
2
2
2
2
2
2
2
2
2
2
2
2
2
2
2
7
7
7
7
7
7
31
31
31
31
31
31
31
31
31
31
31
31
31
31
31
31
31
31
31
31
31
31
31
31
31
31
31
31
31
31
31
31
30
30
30
30
30
30
30
30
30
30
30
30
30
27
27
30
27
27
27
27
27
27
27
27
27
27
27
27
27
27
27
27
27
27
27
27
27
15
27
27
27
27
15
15
15
15
21
15
21
21
21
30
22
30
30
30
21
21
21
21
22
22
22
22
22
22
22
22
22
22
22
22
22
22
22
22
22
22
22
22
22
39
39
39
39
39
39
39
39
39
39
39
39
39
39
39
39
39
39
39
39
39
38
38
38
38
38
37
38
38
38
38
38
38
38
38
37
38
38
38
38
38
38
38
38
38
38
37
37
38
38
37
37
37
37
38
37
37
38
38
38
37
38
37
38
38
38
37
37
37
37
37
37
37
37
37
37
37
37
38
37
37
37
37
37
38
37
37
37
37
37
37
33
33
33
33
37
37
37
37
37
37
37
37
33
33
37
37
33
33
37
37
33
33
37
37
33
33
33
33
33
33
33
33
33
33
33
33
33
40
40
40
40
40
40
40
40
40
40
40
40
40
40
40
40
40
40
40
40
40
40
40
40
40
40
40
40
