2
2
2
2
2
2
2
2
2
2
2
2
34
40
35
35
35
25
34
8
8
8
34
1
2
2
2
2
2
2
2
2
2
2
2
2
2
2
2
2
2
2
2
2
2
2
2
2
2
2
2
2
2
2
2
2
2
2
2
2
2
2
2
2
2
2
2
2
2
34
2
2
2
1
1
1
2
34
1
1
1
34
1
8
20
1
1
1
1
34
34
1
8
1
1
8
1
8
20
20
20
42
20
20
42
20
20
20
8
42
20
42
42
42
20
20
20
20
20
20
42
42
42
42
42
8
20
20
20
20
42
42
20
8
8
8
42
42
8
8
8
8
8
8
8
8
8
42
40
8
8
42
42
8
8
8
8
8
8
8
8
8
8
8
8
8
8
8
8
8
8
3
3
3
3
3
3
3
3
3
3
3
3
3
3
3
19
3
3
19
3
3
3
19
19
3
3
19
19
19
3
19
19
19
19
19
19
3
19
19
19
19
19
19
19
19
19
19
19
19
3
13
13
13
13
13
13
13
9
0
0
0
9
9
0
9
0
9
9
0
0
0
9
9
9
9
9
9
9
9
9
9
9
9
9
9
9
9
9
9
9
9
9
9
9
9
17
17
17
9
17
17
17
17
17
17
17
17
17
17
17
17
17
17
17
17
4
4
17
17
4
4
4
4
4
4
4
4
4
4
4
4
6
6
6
6
6
6
6
6
6
6
6
6
6
6
1
1
1
1
1
1
1
1
1
1
1
1
28
28
1
28
1
28
1
28
28
28
28
28
1
28
28
28
28
28
28
28
23
23
23
28
23
28
23
23
23
23
23
23
23
23
23
23
23
23
23
23
23
23
23
23
23
5
5
5
5
5
5
14
26
26
29
29
29
29
29
29
29
29
29
29
26
26
29
26
26
26
26
26
26
26
26
26
26
26
26
26
26
14
14
14
26
26
26
14
14
14
14
14
26
14
14
14
14
14
14
14
14
12
14
14
14
14
12
12
12
12
12
12
12
12
12
12
12
12
12
25
25
25
25
25
25
25
25
25
25
25
25
25
25
25
25
25
25
35
35
35
35
35
35
35
35
35
35
35
35
35
35
35
10
10
10
16
16
16
16
16
16
16
16
16
16
16
16
16
16
16
16
16
16
16
16
16
16
24
24
24
24
24
24
41
41
41
41
41
41
41
41
41
41
41
41
41
41
41
41
41
41
41
41
41
41
41
41
41
41
41
41
41
41
41
41
41
41
41
10
10
10
10
10
10
10
36
36
10
36
36
36
36
36
36
36
36
36
36
36
36
2
36
36
36
2
2
2
2
7
2
2
7
7
7
7
7
7
7
36
36
36
7
7
31
7
31
31
31
31
31
31
31
31
31
31
31
31
31
31
31
31
31
31
31
31
31
31
31
31
31
31
31
31
31
31
30
31
30
30
30
30
30
30
30
30
30
30
30
30
30
27
27
27
27
27
27
27
30
30
27
27
27
27
27
27
27
27
27
27
27
27
27
27
27
27
27
15
27
27
15
15
15
15
15
15
15
21
21
21
21
31
21
21
21
21
40
21
21
21
21
21
21
21
21
21
21
21
22
22
21
22
22
21
22
22
22
22
21
21
21
39
39
39
39
39
39
39
39
39
39
39
39
39
39
39
39
39
39
39
39
39
39
39
39
39
39
39
39
39
39
39
39
38
38
38
38
38
38
38
38
38
38
38
38
38
38
38
38
38
38
38
38
38
37
37
37
37
37
37
37
37
37
37
37
37
37
37
37
37
37
37
37
37
37
37
37
37
37
37
37
37
33
33
33
33
33
33
33
33
33
33
40
40
40
40
40
40
40
40
40
40
40
40
40
40
40
40
40
40
40
40
40
40
40
40
40
40
40
40
