8
20
20
34
6
6
6
6
6
1
6
6
6
6
6
6
1
6
6
6
6
6
6
6
6
6
6
6
8
8
8
8
8
13
3
23
3
3
3
3
3
3
3
3
3
3
3
3
3
3
3
5
3
3
3
19
3
3
19
5
19
19
19
5
19
19
19
5
19
19
19
13
0
0
0
0
13
0
13
13
13
0
0
13
13
13
0
0
0
6
6
0
0
0
0
0
0
0
0
0
0
0
0
0
0
0
0
0
0
0
0
0
0
0
0
0
0
0
0
0
13
0
0
17
40
6
6
17
4
6
17
17
6
6
6
6
13
40
13
6
4
6
4
4
6
6
6
4
6
6
4
6
6
6
6
1
1
1
6
6
6
6
13
13
40
1
40
1
13
40
40
1
13
23
1
1
1
1
1
1
1
1
1
1
1
1
1
1
1
1
28
28
28
28
23
28
23
23
23
28
23
23
23
23
23
23
23
23
23
23
23
23
23
23
23
23
5
5
5
5
5
5
23
5
5
5
5
5
5
5
5
5
5
40
5
14
14
14
14
14
29
1
13
1
29
29
5
29
29
1
29
29
29
29
29
14
14
14
14
40
14
14
14
14
14
14
14
14
14
14
29
14
14
14
14
14
14
14
14
14
14
14
14
14
14
14
14
14
14
14
14
14
14
14
14
14
14
14
14
40
25
25
25
25
25
25
25
25
25
25
25
25
25
25
25
25
35
25
35
35
35
35
35
35
35
35
35
35
13
40
13
35
35
35
35
35
16
16
16
16
16
16
16
16
16
16
16
16
41
41
16
16
10
10
10
24
24
24
24
41
24
24
24
24
24
24
41
41
41
41
41
41
41
41
41
41
41
41
10
24
24
24
24
24
24
24
24
24
24
24
24
24
41
41
41
41
41
41
41
10
10
10
10
10
10
40
10
10
10
10
10
10
10
10
10
10
36
36
36
36
36
36
36
36
36
36
36
36
36
36
2
2
2
2
2
2
2
2
2
2
2
2
2
2
2
2
2
2
2
2
2
2
7
2
7
7
7
7
7
7
7
7
7
7
7
7
31
31
31
7
31
7
31
31
31
31
31
31
31
7
31
31
31
31
31
31
31
30
30
30
30
30
30
30
30
30
30
30
30
30
30
30
30
30
30
30
27
30
30
30
30
27
27
27
27
27
27
27
27
27
27
27
27
27
27
27
27
27
27
27
27
27
27
27
15
15
15
15
15
15
15
21
21
21
21
21
21
21
21
21
21
21
21
21
21
21
22
22
22
22
22
22
22
22
22
22
22
22
39
39
22
39
39
39
39
39
39
39
39
39
39
39
39
39
39
39
39
39
39
39
39
38
38
38
38
38
38
38
38
38
38
38
38
38
38
38
38
38
38
38
38
38
38
38
38
38
38
38
38
38
38
38
38
38
38
38
38
38
38
38
38
38
37
38
38
37
38
37
37
37
37
37
37
37
37
37
37
37
37
37
37
37
37
37
37
37
37
37
37
37
37
18
37
37
18
33
33
33
33
33
33
33
33
33
33
33
33
33
33
33
40
40
40
40
40
40
40
43
43
40
40
43
40
43
43
40
40
40
40
40
40
40
40
