34
34
34
34
2
34
2
2
2
2
2
2
2
2
2
2
2
2
2
2
2
2
2
2
2
2
1
6
6
6
6
1
6
6
6
1
1
1
1
6
6
6
6
1
1
6
2
2
2
2
2
2
2
34
34
6
6
6
6
6
6
2
6
6
6
6
6
6
6
6
6
6
2
34
6
6
34
6
6
20
6
20
6
6
20
34
34
34
34
34
6
6
34
6
6
13
1
6
34
34
34
1
6
6
6
42
1
8
1
6
1
6
6
20
8
8
8
6
6
6
6
8
8
8
8
8
8
8
8
8
8
8
8
8
8
8
8
8
8
8
8
8
8
8
8
8
8
8
8
8
8
8
8
8
8
8
8
8
3
3
8
8
3
3
3
3
3
3
3
3
3
3
3
3
3
3
3
3
3
3
3
3
3
19
3
3
3
19
3
19
19
19
19
19
19
13
13
13
13
13
13
13
13
13
0
0
0
0
13
6
0
9
0
0
9
0
9
9
9
9
9
9
9
9
9
9
9
9
9
9
9
9
9
9
9
9
9
17
9
9
9
17
9
9
17
17
17
17
17
17
17
17
17
17
17
17
17
17
17
17
17
17
17
17
17
17
17
17
17
17
17
4
4
10
17
4
5
10
10
13
9
17
9
1
6
6
1
6
6
1
1
1
1
1
6
6
1
28
1
1
1
1
28
28
28
28
28
1
28
28
28
28
28
28
23
23
23
23
28
23
23
23
23
23
23
23
23
23
23
23
23
23
23
23
23
23
23
23
23
23
23
23
23
23
23
5
5
5
5
5
5
29
29
29
29
14
29
29
29
29
29
29
29
26
26
29
29
26
26
29
26
26
26
29
29
14
26
26
26
26
26
26
14
14
14
14
14
14
14
14
14
14
14
14
14
14
14
14
14
14
14
14
14
14
14
14
14
12
14
14
14
14
12
12
12
12
12
14
29
29
25
25
25
25
25
25
25
25
25
25
25
25
25
25
35
35
35
35
35
35
35
35
35
35
35
35
12
35
35
35
35
16
16
16
16
16
16
16
16
16
16
16
16
16
16
16
16
24
24
24
24
24
24
24
24
24
24
24
24
24
24
41
41
41
41
41
41
41
41
41
41
41
41
41
41
41
24
10
24
10
10
10
10
10
10
10
36
36
10
10
10
36
36
36
36
36
36
36
36
36
36
36
36
36
36
36
2
2
36
36
2
2
2
2
2
2
2
2
2
2
2
2
7
7
7
7
7
7
7
7
7
7
7
7
31
7
31
31
31
31
31
31
31
31
31
31
31
31
31
31
31
31
31
31
31
31
31
31
31
31
31
31
31
31
30
30
30
30
30
30
30
30
30
27
27
30
27
27
27
27
27
27
27
30
27
27
27
27
27
27
27
30
27
27
27
27
27
27
27
27
27
27
27
27
27
27
27
27
15
15
15
15
15
15
21
21
21
21
21
21
21
21
15
15
15
21
21
21
21
21
21
21
22
22
21
22
21
22
22
22
22
22
22
22
22
22
22
22
22
22
22
22
39
39
39
39
39
39
39
39
39
39
39
39
39
39
39
22
39
39
39
39
39
39
39
39
39
39
39
22
22
22
22
22
22
21
21
21
22
22
21
22
22
39
39
39
39
39
39
39
39
39
39
39
39
39
39
39
39
39
39
39
39
39
39
39
39
39
39
38
37
39
38
38
38
38
39
39
39
39
39
39
39
39
38
38
38
38
38
38
38
38
38
38
38
37
38
38
38
37
38
38
38
38
38
38
38
38
37
37
37
37
37
37
38
37
37
37
37
37
37
37
37
37
37
37
37
37
37
37
37
37
37
37
37
33
37
37
37
37
37
37
33
37
37
33
33
33
37
33
33
33
33
33
33
33
33
33
33
33
33
33
33
33
33
33
33
33
33
33
33
33
33
33
33
40
40
40
33
40
40
33
33
33
40
40
40
40
40
40
40
40
40
40
40
40
40
40
40
40
40
40
40
