20
20
42
42
42
42
42
42
42
42
42
8
42
8
8
8
8
8
8
8
8
8
8
8
8
8
8
8
8
8
8
8
8
8
8
8
8
8
8
8
8
3
3
3
3
3
3
3
3
3
3
3
3
3
3
3
3
3
3
3
3
3
3
3
3
3
3
3
3
3
3
3
0
0
13
13
0
0
13
13
0
13
0
0
0
0
0
0
0
9
9
9
0
0
9
9
9
0
9
9
9
9
9
9
9
9
9
9
17
9
9
17
17
9
17
17
9
17
17
17
17
17
17
17
17
17
17
17
17
17
17
17
17
17
17
17
17
17
4
4
17
17
4
4
4
4
4
4
4
4
4
4
4
4
4
6
6
6
6
6
6
6
6
6
6
6
6
6
6
6
1
1
1
1
1
1
1
1
1
1
1
1
1
1
1
1
1
1
1
1
1
1
1
1
1
1
1
28
23
23
1
23
23
28
23
23
23
23
23
23
23
23
23
23
23
23
23
23
23
23
23
23
23
23
23
23
23
5
5
5
5
5
5
5
29
5
29
29
29
29
29
29
29
29
29
29
29
29
29
29
29
29
29
29
29
29
29
29
29
29
29
29
29
29
29
29
29
29
29
29
14
14
29
14
26
14
14
14
14
14
14
14
14
14
14
14
14
14
14
14
12
14
14
14
12
12
12
12
12
12
12
12
12
25
25
25
25
25
25
25
25
25
25
25
25
25
25
25
25
25
25
25
25
25
25
25
25
25
25
35
35
35
35
35
35
35
35
35
35
35
35
10
16
10
10
10
10
16
16
16
16
16
16
16
16
16
16
16
16
16
16
16
16
16
16
16
16
24
24
16
24
24
24
24
24
24
24
24
24
24
24
24
24
41
41
41
41
41
41
41
41
41
41
41
41
41
41
41
41
41
41
10
10
10
10
10
41
41
41
41
41
24
24
41
41
41
24
24
41
41
10
10
10
10
10
10
10
10
10
10
10
10
10
10
10
10
10
36
36
36
36
7
36
10
10
30
30
30
30
30
30
7
2
2
2
2
2
2
2
2
2
2
2
2
2
7
7
7
7
7
7
7
7
7
7
7
31
7
7
7
7
7
31
7
31
31
31
7
31
31
31
7
31
31
31
7
31
31
31
31
31
31
31
31
31
30
30
30
30
30
30
30
30
30
30
30
30
30
30
30
30
30
27
30
30
30
30
30
30
30
30
27
30
30
30
27
30
30
30
27
27
27
27
27
27
27
27
27
27
21
15
15
15
15
15
21
15
21
21
21
40
15
21
21
7
10
10
10
41
41
21
21
21
21
21
22
21
21
21
22
22
22
22
22
22
22
22
22
22
22
21
22
22
21
21
22
22
22
22
21
22
21
22
22
22
22
22
22
22
22
22
22
22
22
22
22
22
22
22
39
39
39
39
39
39
39
39
39
39
39
39
39
39
39
39
39
39
39
39
39
39
39
39
39
39
39
39
39
39
39
39
39
39
39
39
39
39
38
39
38
38
38
38
38
38
38
38
37
38
38
38
38
38
38
38
38
38
38
38
38
38
38
38
38
38
37
37
37
37
37
37
37
37
37
37
37
37
37
37
37
37
37
37
37
37
37
37
37
37
37
37
37
37
37
18
37
33
33
33
33
33
33
33
33
33
33
33
33
33
33
33
33
33
33
33
40
33
33
40
40
40
40
40
40
40
40
40
40
40
40
40
40
40
40
40
43
43
40
40
43
43
40
40
40
40
40
40
40
40
40
40
40
43
40
43
40
40
40
43
43
43
43
43
43
43
43
43
43
43
43
40
40
43
40
40
43
43
40
40
40
40
43
40
43
40
40
40
43
40
40
40
40
43
40
40
40
40
40
43
43
43
40
40
43
43
40
43
43
40
40
43
40
43
40
40
40
40
43
40
40
40
40
40
40
43
40
43
40
40
40
40
40
40
40
40
40
43
40
40
40
40
40
40
40
40
40
40
40
40
40
40
40
40
