34
34
6
8
8
8
8
8
8
8
8
8
8
8
8
6
8
8
8
8
8
8
8
8
8
8
8
8
8
8
8
8
8
8
8
8
8
8
8
8
8
8
8
8
8
8
8
8
8
8
8
8
8
8
8
8
8
8
8
8
8
8
8
8
8
8
3
3
8
8
8
8
13
8
8
8
8
13
13
0
13
3
8
0
0
9
0
0
0
0
0
0
0
0
0
0
9
0
9
9
9
0
9
0
9
9
9
9
9
9
9
9
9
9
9
9
9
9
9
9
9
9
9
17
17
17
17
17
17
4
17
17
17
17
17
4
4
4
4
4
4
4
4
4
4
4
4
8
8
6
4
4
4
6
6
6
6
8
6
6
40
6
6
6
6
6
1
1
23
1
1
1
1
1
1
1
1
1
28
1
1
1
1
1
28
23
28
23
23
23
28
28
28
28
23
23
23
23
23
23
23
23
23
23
23
23
23
23
23
23
23
23
23
23
23
23
23
23
23
23
23
23
23
23
23
23
5
5
5
5
5
5
5
29
5
5
5
29
12
5
12
12
29
14
14
14
14
5
29
29
29
29
29
29
29
29
29
26
29
29
26
26
26
26
26
12
14
14
14
14
14
26
14
14
14
14
14
14
14
14
14
12
12
14
14
12
14
14
12
12
12
12
14
12
12
12
12
12
12
29
12
12
1
25
25
25
25
25
25
25
25
25
25
25
25
25
25
25
35
35
25
25
25
35
35
35
35
35
1
1
25
25
25
41
16
41
41
41
16
16
16
16
16
16
16
16
16
16
41
41
41
41
24
41
24
24
24
24
24
24
24
24
24
24
24
24
24
24
24
24
24
24
24
24
24
24
24
41
41
41
41
41
41
41
41
41
41
41
41
41
41
41
24
24
24
10
10
40
10
10
10
10
10
10
10
10
10
10
10
10
10
36
36
36
36
36
36
36
36
36
36
36
36
36
36
36
2
2
2
2
2
2
2
2
2
2
2
2
2
2
2
2
2
2
2
2
2
2
2
2
7
7
7
7
7
7
7
7
31
31
7
31
31
31
31
31
31
31
31
31
31
31
31
31
31
31
31
31
31
31
31
31
31
30
30
30
30
30
30
30
30
30
27
27
27
30
30
30
30
30
30
27
30
27
30
27
27
27
27
27
27
27
27
27
27
27
27
27
27
27
27
27
27
27
27
27
27
27
27
27
15
15
15
15
15
21
21
21
21
21
30
21
21
21
21
21
21
21
22
22
22
22
22
22
22
22
22
22
22
22
22
22
22
22
22
22
22
22
22
22
22
22
22
22
22
22
22
39
39
39
39
39
39
39
39
39
39
39
39
39
39
39
39
39
39
39
39
39
39
39
39
39
39
38
38
38
38
38
38
38
38
38
38
38
38
38
38
38
38
38
38
38
38
37
37
38
37
37
38
37
37
37
37
37
37
37
37
37
37
37
37
37
37
37
37
37
37
37
37
37
37
37
37
37
18
18
33
33
33
33
33
33
33
33
33
33
33
33
33
33
33
33
33
40
40
40
40
40
40
40
40
40
40
40
40
40
40
40
40
40
40
40
40
40
40
