34
20
20
20
20
20
6
20
42
42
42
42
20
20
20
20
20
20
20
8
20
20
42
20
42
42
42
20
8
20
20
42
8
20
20
20
42
1
20
20
5
8
5
1
1
6
20
42
20
42
20
6
8
8
20
8
8
8
4
20
8
42
6
20
1
1
6
1
1
6
1
1
13
6
6
13
6
6
6
6
1
1
8
8
8
6
8
8
6
6
6
8
8
8
8
8
8
8
8
8
8
8
8
8
8
8
8
8
1
1
1
8
8
1
1
8
8
1
1
3
8
3
3
3
8
3
3
3
8
3
3
3
3
3
3
3
3
3
8
3
3
3
3
3
3
5
3
3
3
3
19
19
3
5
5
5
13
5
19
19
13
5
19
19
13
5
19
19
5
5
1
1
13
6
13
13
13
13
13
13
17
9
9
0
17
9
9
9
9
9
9
9
9
9
9
9
17
17
9
9
9
9
9
9
9
17
17
9
17
17
9
9
17
17
17
17
17
17
17
17
17
17
17
17
17
17
17
17
4
17
4
17
4
17
4
4
4
4
4
4
6
6
6
4
6
13
6
6
6
6
6
4
6
6
10
6
34
6
6
6
6
6
6
6
6
1
1
1
1
1
1
1
1
1
28
1
28
28
28
1
1
28
28
1
28
23
28
28
1
23
23
23
23
23
23
23
23
23
23
23
23
23
23
23
23
23
23
23
23
23
23
23
23
23
23
23
23
23
23
23
5
5
5
5
5
5
5
5
29
29
29
29
29
29
29
29
29
29
29
29
29
26
29
29
29
26
29
29
29
14
29
26
14
14
14
14
14
14
14
14
14
14
14
14
14
14
14
14
14
14
14
14
14
14
14
14
14
14
14
14
14
14
14
12
12
12
12
12
12
12
12
12
12
12
12
12
25
25
25
25
25
25
25
25
25
25
25
25
25
25
25
25
25
25
25
35
35
35
35
35
35
35
35
35
35
35
35
35
35
35
35
35
35
16
16
16
16
16
16
16
16
16
16
16
16
16
16
16
16
16
16
16
16
16
24
24
24
16
16
16
16
16
16
16
16
24
24
24
24
24
24
24
24
24
41
24
41
41
41
41
41
41
41
41
41
41
41
41
41
41
41
16
10
10
10
10
10
10
10
10
10
10
10
10
10
10
10
10
10
36
36
36
36
36
36
36
36
36
36
36
36
36
36
36
36
36
36
36
36
36
36
36
36
36
36
36
36
36
36
36
36
36
36
36
36
36
36
36
36
36
36
36
40
36
40
36
40
36
36
30
30
40
30
30
30
30
36
30
7
2
2
2
2
7
2
2
2
2
2
2
2
2
7
7
7
7
7
7
7
7
7
31
31
7
31
31
31
31
31
31
31
31
31
31
31
31
31
31
31
31
31
31
31
31
31
31
31
31
31
31
31
31
31
31
31
30
30
30
30
30
30
30
30
27
30
30
30
30
30
27
27
27
30
30
27
27
30
27
27
27
30
30
27
27
30
27
27
27
27
27
15
27
27
27
27
15
27
27
15
15
15
15
15
15
21
21
21
21
21
21
21
21
21
30
27
30
21
21
21
21
21
21
21
39
39
39
39
39
39
21
39
22
39
39
39
21
39
39
39
39
39
39
39
39
39
39
39
39
39
39
39
39
39
39
39
39
38
38
38
38
38
39
39
39
39
38
39
38
38
39
38
38
37
38
38
38
38
39
39
39
38
38
38
38
38
38
38
38
38
38
38
38
38
38
38
38
38
37
37
37
37
38
37
37
37
37
37
37
37
38
38
38
37
37
37
37
37
37
37
37
37
37
37
33
33
33
33
33
33
33
33
33
33
33
33
33
33
33
33
33
33
33
33
33
33
33
33
33
33
33
33
33
33
33
33
33
33
33
33
33
33
33
40
40
33
33
33
40
33
40
40
40
40
40
40
40
40
40
40
40
40
40
40
40
40
40
40
40
40
