34
34
34
34
34
34
34
34
34
20
34
8
8
42
42
42
42
42
20
8
8
8
8
8
8
8
8
8
8
8
8
8
8
8
8
8
8
8
8
8
8
8
8
8
8
8
8
3
3
3
3
3
3
3
3
3
3
3
3
3
3
3
3
3
3
3
3
3
3
3
3
3
3
3
19
19
3
19
19
19
3
19
19
19
13
13
13
13
13
13
13
0
0
0
0
0
0
0
0
0
0
0
0
0
0
0
0
0
0
0
0
0
9
9
0
9
9
0
9
9
9
17
9
9
17
17
9
17
17
17
9
17
17
17
17
17
17
17
17
17
17
17
17
17
17
17
4
4
4
4
4
4
4
4
4
4
4
4
6
4
6
6
6
6
6
6
6
6
6
6
6
6
6
6
6
6
1
1
1
1
1
1
1
1
1
1
1
1
1
1
1
1
1
1
1
1
1
1
1
1
1
1
1
1
1
1
1
1
1
1
1
1
1
1
1
1
1
1
1
28
28
23
1
28
23
23
23
23
23
28
23
23
23
23
23
23
23
23
23
23
23
23
23
23
23
5
5
5
5
29
29
29
29
29
29
29
29
29
29
29
29
29
29
29
29
29
29
29
29
29
29
29
29
29
29
29
29
29
29
29
29
29
29
29
26
14
14
26
26
14
14
26
26
14
14
26
14
14
14
14
14
14
14
14
14
14
14
14
14
14
12
12
12
12
12
12
14
25
25
25
25
25
25
25
25
25
25
25
25
25
25
25
25
25
25
35
35
35
35
35
35
35
35
35
35
35
35
35
35
35
35
35
35
35
35
35
35
35
35
35
10
10
10
10
10
16
16
16
16
16
16
16
16
16
16
16
24
16
16
16
16
16
16
16
24
24
24
24
10
10
10
24
41
41
41
24
41
41
41
41
41
41
41
41
41
41
41
41
41
41
41
41
41
41
41
41
41
41
41
41
41
10
10
10
10
10
10
10
10
10
10
10
10
10
36
36
36
36
36
36
36
36
36
36
36
36
36
36
36
2
36
2
2
2
2
2
2
2
2
2
2
2
2
2
2
2
2
7
7
7
7
7
7
31
31
31
31
31
31
31
31
31
31
31
31
31
31
31
31
31
31
31
31
31
31
31
31
31
31
31
31
31
31
31
30
30
30
30
30
30
30
30
30
30
30
30
30
30
30
27
30
27
30
30
30
27
30
27
27
27
27
27
27
15
27
27
27
27
27
15
15
15
15
15
15
15
15
15
15
15
15
15
15
21
21
21
36
40
15
21
21
15
21
36
40
40
40
36
36
21
40
21
21
36
21
21
21
21
21
21
21
21
22
22
22
21
22
21
21
22
21
22
22
22
39
39
22
22
39
22
39
39
39
39
39
39
39
39
39
39
39
39
39
39
39
39
39
39
39
38
38
38
38
38
38
38
38
38
38
38
38
38
38
38
38
38
38
38
38
38
38
37
38
38
38
38
38
38
38
38
38
38
38
38
38
38
37
38
38
38
38
38
37
38
38
37
38
37
37
37
37
37
37
37
37
37
37
37
37
37
37
37
37
37
37
37
37
37
37
18
18
33
33
33
33
33
33
33
33
33
33
33
33
33
33
33
33
33
33
40
33
40
40
40
40
40
40
40
40
40
40
40
40
40
40
40
40
40
40
40
40
