2
2
2
2
2
2
2
2
2
2
2
2
2
2
2
2
2
2
2
2
1
2
6
6
1
2
2
2
1
20
20
6
6
2
0
20
4
1
2
2
2
2
2
2
1
33
12
12
12
14
12
12
12
2
2
2
2
2
2
2
2
2
2
34
34
34
34
34
20
34
34
34
34
34
34
34
34
34
34
34
34
8
8
8
3
22
21
20
8
20
8
20
20
34
20
8
34
40
3
8
3
3
3
3
34
3
2
3
3
3
8
3
3
3
8
13
6
2
2
2
2
2
2
34
2
2
2
2
2
2
2
2
2
2
2
2
2
2
34
2
2
2
2
34
2
2
2
2
34
20
34
34
20
20
20
42
42
42
42
8
42
8
8
8
8
8
8
8
8
8
8
8
8
8
6
8
8
8
6
8
6
8
6
8
6
8
8
8
1
8
8
8
42
42
8
6
20
20
8
8
8
8
8
8
8
8
8
8
1
8
13
40
6
8
1
8
13
6
8
8
8
8
40
8
8
8
8
8
8
8
8
8
8
8
8
3
8
3
8
3
8
8
3
3
8
3
3
3
8
3
3
3
8
3
3
19
8
3
3
3
3
19
19
19
3
19
19
19
8
19
19
19
3
19
19
19
3
19
19
19
19
40
19
19
19
40
13
13
13
13
13
13
13
13
0
13
13
9
9
0
0
9
9
9
9
0
9
9
9
9
9
9
9
9
9
9
9
9
9
9
9
9
9
9
9
9
9
9
9
9
9
9
17
9
9
17
17
17
17
17
17
17
17
17
17
17
17
17
17
17
17
17
17
17
17
17
17
17
17
17
17
4
4
4
4
4
4
4
4
4
4
4
4
4
6
6
12
6
6
6
6
6
4
6
4
21
21
6
6
6
6
13
6
1
6
6
6
6
6
6
4
9
9
12
26
9
6
6
1
1
1
1
23
28
28
28
28
1
28
28
1
28
28
28
28
28
28
28
1
1
28
28
28
28
28
28
28
28
28
28
28
28
23
23
23
23
23
23
23
23
23
23
23
23
23
23
23
23
23
23
23
23
23
23
23
23
23
14
5
5
5
14
5
12
12
12
12
12
12
12
12
12
12
12
12
35
35
25
25
25
25
25
25
25
25
25
25
25
25
25
25
25
25
25
25
25
25
25
25
25
25
25
25
35
35
35
35
35
35
35
25
25
35
35
35
43
35
35
16
16
16
16
16
16
16
16
16
16
16
16
16
16
16
16
16
16
24
16
24
24
41
41
41
16
16
16
10
16
10
10
24
24
24
24
24
24
24
24
24
24
24
41
41
41
41
41
41
41
41
41
41
41
41
41
41
41
41
41
41
41
41
41
41
41
41
41
41
41
41
41
41
41
41
41
42
10
6
6
36
40
36
36
36
36
36
0
36
36
36
36
36
36
36
36
36
36
36
36
36
30
30
36
36
36
36
30
36
30
7
7
7
2
7
7
7
2
2
7
7
7
7
7
7
7
7
7
7
31
31
31
31
31
31
31
31
31
31
31
31
31
31
31
31
31
31
31
31
31
31
31
31
31
31
31
31
31
31
31
31
31
31
30
30
30
30
30
30
30
30
30
30
30
30
30
27
27
27
27
27
27
27
27
27
27
27
27
27
27
27
27
27
27
27
27
27
27
15
15
15
15
15
15
15
15
15
15
15
15
15
27
21
21
21
21
21
21
21
36
36
30
30
36
21
21
40
31
21
28
21
21
22
21
22
22
21
21
21
21
21
21
21
21
21
21
22
22
39
22
39
39
39
39
39
39
39
39
39
39
39
39
39
39
39
39
39
39
39
39
38
38
37
38
38
38
38
38
38
38
38
38
38
38
38
38
38
38
38
38
37
38
38
38
38
38
38
38
38
38
38
38
38
38
38
38
38
38
38
38
37
38
37
38
37
37
38
37
37
37
37
37
37
37
37
37
37
37
37
37
37
37
37
37
37
37
37
37
37
37
37
37
33
33
33
33
33
33
33
33
33
33
33
33
33
33
33
33
33
33
40
40
33
40
40
40
40
40
40
40
40
40
40
40
40
40
40
40
40
40
40
40
40
