2
2
2
2
2
2
2
2
2
2
2
2
2
2
2
2
2
2
2
2
2
2
2
2
2
2
2
2
2
6
2
2
2
1
6
6
2
1
1
2
1
6
10
10
2
2
2
2
2
2
2
2
2
2
2
2
2
2
2
2
2
2
2
2
2
2
2
2
2
2
2
2
2
2
2
2
2
2
2
2
2
2
2
2
2
2
2
2
2
2
2
2
2
2
2
2
2
2
2
1
2
1
1
6
1
6
6
2
1
2
2
1
2
6
6
2
6
2
6
2
6
2
1
1
1
1
1
1
1
6
6
6
6
6
6
6
1
6
6
6
6
6
6
6
6
1
20
6
6
6
6
6
42
6
42
8
8
8
42
42
8
42
42
42
42
42
42
42
42
42
42
42
42
8
8
8
8
8
8
8
8
8
8
8
8
8
8
6
8
4
4
4
8
4
4
8
8
8
3
3
3
3
3
8
3
3
3
3
3
3
3
3
3
3
3
3
3
3
3
3
3
19
19
19
19
3
3
3
19
19
19
19
19
19
19
19
19
19
19
19
19
19
19
19
19
19
19
19
19
19
19
19
19
19
19
19
19
19
19
19
0
13
19
13
13
13
0
0
0
0
0
0
0
0
0
0
0
0
0
9
9
9
9
9
9
9
9
9
9
9
9
9
9
9
9
9
9
9
9
9
9
9
9
9
9
9
9
17
17
17
17
17
17
17
17
17
17
17
17
17
17
17
17
17
17
17
17
17
17
17
17
17
17
17
17
17
17
17
4
4
4
4
4
4
4
4
4
4
4
4
6
6
6
6
6
6
6
6
6
6
6
6
14
14
5
5
23
23
23
23
14
23
23
5
29
28
28
5
29
23
26
5
29
23
26
5
26
5
26
5
26
29
14
14
26
26
26
14
14
14
14
14
26
14
14
14
14
14
14
14
14
14
14
14
14
14
14
14
12
12
12
14
12
12
12
14
12
12
12
12
12
12
12
14
5
29
29
29
29
29
29
29
29
29
14
29
29
29
29
26
26
26
26
26
26
26
26
26
29
26
26
26
29
26
26
26
26
26
26
26
26
26
26
26
26
26
14
14
14
14
14
14
26
14
12
12
12
12
12
12
12
12
12
12
12
12
12
12
12
12
12
12
12
12
12
12
12
12
25
25
25
25
25
25
25
25
25
25
25
25
25
25
25
25
35
35
35
35
35
35
35
35
35
35
35
25
25
35
35
16
16
16
16
16
16
16
16
16
16
16
16
16
16
16
16
16
16
16
16
24
24
10
24
16
24
16
24
16
16
16
16
16
16
16
24
24
24
41
41
41
41
41
41
41
41
41
41
41
41
41
41
41
41
10
10
40
35
35
10
10
10
34
10
10
10
36
36
40
40
40
40
40
40
32
40
40
7
36
36
36
36
2
2
2
2
7
7
7
7
7
7
7
7
7
7
40
40
40
40
33
33
40
31
40
33
40
28
40
40
31
31
31
31
31
31
33
31
31
31
31
31
31
31
33
33
31
31
33
33
30
33
31
23
30
33
31
31
30
33
40
23
30
30
30
33
30
33
31
31
30
33
30
30
30
40
40
23
30
30
40
31
30
33
40
33
33
33
40
33
33
33
40
33
33
33
40
33
33
38
38
38
40
40
15
39
38
15
38
39
40
40
39
15
39
21
39
39
21
22
22
21
22
22
22
22
22
22
22
22
22
22
22
22
22
21
22
39
39
39
39
39
39
39
39
39
39
39
39
39
39
39
39
39
39
39
39
39
39
39
39
39
39
39
39
39
39
38
38
38
38
38
38
38
38
38
38
38
37
37
37
38
37
37
37
37
37
37
37
37
37
37
37
37
37
18
37
37
37
37
37
33
33
18
33
37
33
18
18
37
18
18
33
33
33
33
33
33
33
33
33
33
33
33
33
33
33
33
33
33
33
33
33
33
33
33
33
40
40
40
40
40
40
40
40
40
40
40
40
40
40
40
40
40
40
