2
2
2
2
34
34
34
20
8
20
42
20
34
20
34
20
34
34
20
20
8
34
2
2
1
6
1
1
20
1
1
1
1
1
6
1
6
6
6
6
6
6
1
1
1
6
1
1
1
1
1
6
13
13
6
6
13
13
13
13
13
13
6
13
13
10
0
0
0
6
10
13
0
13
6
0
6
6
6
6
6
6
6
6
6
0
6
6
6
6
6
6
6
6
6
6
6
6
6
6
6
6
6
6
20
6
20
42
42
42
20
20
42
20
20
42
20
42
8
8
42
8
42
8
8
8
8
8
42
6
42
8
42
6
8
6
8
6
6
8
8
8
8
8
8
8
8
8
8
8
8
8
10
8
8
8
8
8
8
8
8
8
8
8
8
8
40
8
40
6
40
8
3
1
8
10
10
8
8
8
8
8
8
8
8
8
40
8
8
40
13
40
40
40
40
40
1
3
3
28
28
3
3
3
3
3
3
3
19
19
19
19
19
19
3
3
19
19
3
19
19
19
19
19
5
19
19
19
19
19
19
19
19
19
19
19
5
40
19
19
19
19
13
13
13
13
6
13
7
0
0
0
9
9
9
9
0
9
0
9
9
0
0
9
0
9
9
9
7
9
17
9
17
9
17
9
9
17
17
17
17
17
17
30
17
17
17
30
17
17
17
17
17
17
17
17
17
17
17
17
17
17
4
17
17
4
4
4
4
4
4
4
4
4
4
4
4
4
4
6
10
36
6
13
6
13
6
6
6
6
6
6
6
6
40
40
1
1
1
1
1
13
28
1
1
1
1
1
1
1
1
1
1
1
1
1
1
1
1
1
1
1
1
1
1
1
1
1
28
1
23
23
23
23
23
23
23
23
23
23
23
23
23
23
23
23
23
23
23
23
23
23
23
23
23
23
23
23
23
23
23
23
5
5
13
5
5
5
29
5
29
29
29
40
29
29
29
29
29
29
29
29
29
29
29
5
29
29
29
29
29
29
29
5
29
29
29
29
29
29
29
29
29
29
29
29
29
29
14
40
29
14
14
40
29
14
14
14
14
14
14
14
14
12
14
14
14
12
14
12
12
12
12
12
12
12
12
12
12
12
12
25
25
25
25
25
25
25
25
25
25
25
25
25
25
25
25
35
35
35
35
35
35
35
35
35
35
35
35
40
6
35
35
35
16
16
16
16
16
16
16
16
16
16
16
16
16
16
16
16
24
24
24
24
24
24
24
24
24
24
41
41
41
41
41
41
41
41
41
41
41
41
41
41
41
41
41
41
41
41
41
41
41
41
41
41
41
41
41
41
41
41
41
24
24
24
24
41
41
41
41
41
41
41
10
10
10
10
10
10
10
36
36
36
10
10
36
36
36
36
36
36
41
41
41
41
41
41
41
41
41
36
36
36
36
36
36
34
34
34
34
34
34
21
21
36
36
36
36
36
36
30
30
30
30
30
30
30
30
30
7
7
7
7
7
7
7
7
7
7
7
7
7
7
7
7
7
7
7
7
7
7
31
31
31
31
31
31
31
31
31
31
31
31
31
31
31
31
31
31
31
31
31
31
31
31
31
31
31
31
31
31
31
31
31
30
30
30
30
30
30
30
30
30
30
30
30
27
27
27
27
27
30
27
27
27
27
27
27
27
27
27
27
27
27
27
27
27
27
27
27
27
27
15
27
27
27
15
15
15
15
15
15
15
15
15
15
15
15
15
21
21
21
21
21
21
21
30
30
21
21
21
22
22
22
22
22
22
22
22
22
22
22
22
22
22
22
22
22
22
22
22
22
39
39
39
39
39
39
39
39
39
39
39
39
39
39
39
39
39
39
39
39
39
39
39
39
39
39
39
39
39
39
39
39
39
39
39
39
39
39
39
39
39
39
39
39
39
39
39
38
38
38
37
37
37
37
37
37
37
37
37
37
37
37
37
37
37
37
37
37
37
37
37
37
37
37
37
37
37
37
33
37
33
37
33
33
33
33
33
33
33
33
33
33
33
33
33
33
33
33
40
40
40
40
40
40
40
40
40
40
40
40
40
40
40
40
40
40
40
