5
5
19
19
40
40
1
1
1
1
1
1
1
40
40
33
10
10
34
34
10
8
3
34
3
34
34
34
34
34
10
34
34
34
34
34
34
34
34
34
8
34
34
34
34
34
8
34
34
34
2
34
34
34
34
34
34
10
1
8
6
20
20
16
8
6
42
20
16
8
10
20
8
8
16
8
8
8
16
8
6
6
6
6
8
8
8
6
40
6
6
8
8
6
6
6
6
6
6
6
8
4
8
8
8
8
8
3
3
3
3
3
8
3
3
3
3
3
3
3
3
3
3
3
3
3
3
3
3
3
3
3
3
19
19
19
3
19
19
19
3
19
19
19
19
19
19
19
3
40
40
19
19
19
19
19
8
8
13
13
13
13
13
0
13
13
0
0
9
9
9
9
9
9
9
9
9
9
9
9
9
9
9
9
9
9
9
9
9
9
9
9
9
9
9
9
9
9
9
9
9
17
9
17
17
17
17
17
17
17
17
17
17
17
17
17
17
17
17
17
4
4
17
4
4
4
4
4
4
4
4
4
4
4
4
4
4
6
4
4
6
6
6
6
6
6
6
6
6
6
6
6
6
6
6
6
6
6
1
1
1
1
1
1
1
1
1
1
1
1
1
1
28
28
1
1
1
28
23
28
28
28
23
23
23
23
28
23
23
23
23
23
23
23
23
23
23
23
23
23
23
5
23
23
5
5
23
23
5
5
23
5
5
5
5
5
5
5
6
29
14
29
29
29
29
29
29
29
29
29
29
29
29
29
29
29
26
29
29
29
26
26
29
29
26
26
29
29
26
26
29
29
14
26
29
29
26
26
29
26
14
14
29
29
14
26
26
26
14
14
14
14
14
14
14
14
14
14
14
14
12
12
12
12
12
12
14
14
14
29
25
25
25
25
25
25
25
25
25
25
25
25
25
25
25
25
25
25
25
25
35
35
35
35
35
35
35
35
35
35
35
35
35
16
16
16
16
16
10
10
10
10
10
16
16
16
16
16
16
16
16
16
16
16
24
16
16
24
24
24
24
24
24
24
24
24
24
41
41
41
24
24
41
41
41
41
41
41
41
41
41
41
41
41
41
41
41
41
41
41
41
41
41
41
24
24
24
10
10
10
36
36
36
36
10
36
36
36
36
36
36
36
36
36
2
2
2
2
2
2
2
2
2
2
2
2
2
2
2
2
2
2
2
2
2
7
7
7
7
7
7
7
31
7
7
7
7
7
31
31
31
31
31
31
31
31
31
31
31
31
31
31
31
31
31
31
31
31
31
31
31
30
30
30
30
30
30
30
30
30
30
30
30
30
30
30
30
30
30
30
27
30
30
30
27
27
27
27
27
27
27
27
27
27
27
27
27
27
27
27
27
15
27
27
15
15
27
15
15
15
15
15
15
15
30
21
21
21
21
21
21
21
21
21
42
21
21
21
21
21
21
21
21
21
21
21
21
21
21
21
21
21
21
21
21
21
21
22
22
22
22
22
22
21
22
22
22
22
22
39
22
39
39
39
12
39
39
39
39
39
39
39
39
39
39
39
39
39
39
39
39
39
39
39
39
38
37
38
38
38
38
38
38
38
38
38
38
38
38
38
38
38
38
38
38
38
37
37
38
37
37
37
37
37
37
37
37
37
37
37
37
37
37
37
37
37
37
37
37
37
37
37
37
37
37
37
33
33
33
33
33
33
33
33
33
33
33
33
33
33
33
33
33
33
33
33
33
33
33
33
33
33
33
43
43
43
43
43
40
40
43
43
43
43
43
43
43
43
43
43
43
43
43
43
43
43
43
43
43
43
43
43
43
43
40
43
40
40
40
40
40
40
40
43
43
40
40
40
40
40
40
40
40
40
40
40
40
40
40
40
40
40
40
40
40
40
40
40
40
40
40
40
40
