2
2
2
2
2
2
2
2
2
2
2
2
2
2
2
2
2
2
2
2
2
2
2
2
2
2
2
2
2
2
2
2
2
34
2
2
2
2
2
1
34
34
34
2
2
34
20
34
20
1
20
20
8
8
8
20
20
20
20
20
20
20
20
42
8
8
42
42
42
42
42
42
8
42
42
8
8
8
8
8
8
8
8
8
3
3
3
3
3
3
3
3
3
3
3
3
3
3
3
3
3
3
3
3
3
3
3
3
3
3
3
3
3
3
3
3
3
3
3
3
3
3
3
19
19
19
19
19
19
19
3
3
19
19
19
3
19
19
13
13
13
0
13
0
0
0
0
0
0
0
0
0
13
0
9
9
9
9
9
9
9
9
9
9
9
9
9
9
9
9
9
9
9
9
9
9
9
9
9
9
9
9
9
17
17
9
17
17
17
17
17
17
17
17
17
17
4
4
4
17
17
4
4
4
4
4
4
4
4
4
4
4
4
4
6
6
6
6
6
6
6
6
6
8
6
6
6
6
6
6
6
6
1
1
1
1
1
28
1
1
1
1
1
1
1
1
1
1
1
1
1
1
1
1
1
1
1
1
1
28
1
1
1
28
28
28
28
28
23
23
28
23
28
28
28
23
23
23
23
23
23
23
23
23
23
23
23
23
5
5
5
5
5
5
29
14
29
29
29
14
29
29
29
29
29
29
29
26
26
29
29
29
26
29
29
26
26
26
14
14
26
14
14
14
26
14
14
14
14
14
14
14
26
14
14
14
14
14
14
14
14
14
14
14
14
14
14
14
14
14
14
14
14
14
14
12
12
12
12
14
12
12
25
25
25
25
25
25
25
25
25
25
25
25
25
25
25
25
25
25
25
25
25
25
25
35
35
35
35
35
35
35
35
35
35
35
35
10
10
10
35
16
10
10
10
16
16
16
16
16
16
16
16
16
16
16
16
16
16
24
16
24
24
24
24
24
24
24
10
10
10
41
41
24
24
24
41
41
41
41
41
41
41
41
41
41
41
41
41
41
41
41
41
41
41
41
41
10
10
10
10
10
10
10
10
10
10
10
10
24
16
41
24
24
10
10
24
10
10
10
10
10
10
10
10
10
10
10
10
41
10
40
10
10
10
10
36
36
36
36
36
36
36
30
30
30
30
30
30
30
30
30
7
7
7
7
7
7
7
7
7
7
7
7
7
7
7
7
7
7
7
31
7
31
31
31
31
31
31
31
31
31
31
31
31
31
31
31
31
31
31
31
31
31
31
31
31
31
31
31
31
31
31
31
30
30
30
30
30
30
30
30
30
30
27
27
27
30
27
30
27
27
27
30
27
27
27
27
27
27
27
27
27
27
27
27
27
27
27
27
27
27
27
27
27
27
27
27
27
27
15
15
15
15
15
15
15
15
21
15
21
21
21
21
21
21
21
21
22
22
22
22
22
22
22
22
22
22
22
22
22
22
22
22
22
22
22
22
22
22
22
22
22
39
39
39
39
39
39
39
39
39
39
39
39
39
39
39
39
39
39
39
39
39
38
38
39
39
39
39
39
38
38
39
39
38
38
38
38
38
38
38
38
38
37
37
37
38
38
38
37
38
37
37
37
37
37
37
37
37
37
37
37
37
37
37
37
37
37
33
33
37
37
37
37
33
37
37
37
37
33
33
37
33
37
33
37
37
33
33
33
33
40
40
43
33
43
43
43
43
43
43
43
43
43
43
43
43
43
43
43
43
43
43
43
43
43
43
43
43
43
43
43
43
43
43
43
43
43
43
43
43
43
43
43
43
43
43
43
43
43
43
43
43
40
40
40
40
43
43
43
43
43
43
43
43
43
43
43
43
43
43
43
43
43
43
43
40
40
40
40
40
40
40
40
40
40
40
43
40
40
40
43
40
40
40
40
40
40
40
40
40
40
40
40
40
40
40
40
40
40
40
40
40
40
40
40
40
40
40
40
40
40
40
40
40
40
40
40
40
40
40
40
40
40
40
40
40
40
40
40
40
