2
2
2
2
2
2
2
2
2
1
1
10
1
2
2
2
2
2
2
2
2
2
2
2
2
2
2
2
2
2
2
2
2
40
13
13
13
10
10
2
1
2
13
2
2
10
10
10
10
40
2
40
10
10
40
10
13
13
13
1
1
10
13
13
1
2
2
13
13
1
1
13
13
13
13
13
1
1
2
13
13
13
10
1
13
13
13
13
2
13
13
13
13
13
13
13
13
13
13
13
40
13
40
2
2
2
2
2
2
2
2
1
1
13
1
2
2
2
2
2
2
2
1
6
6
6
1
1
1
13
2
2
13
13
6
13
1
1
6
6
6
6
8
6
6
13
1
1
6
6
6
6
6
6
6
20
6
20
6
6
6
6
43
6
6
6
6
6
6
6
6
6
6
6
20
20
6
6
6
6
6
6
8
6
6
8
8
8
8
8
8
8
8
8
8
8
8
8
8
42
8
8
20
20
42
8
8
8
8
8
8
8
8
8
8
8
8
8
8
8
42
42
8
42
42
42
8
8
8
8
8
8
42
8
8
8
8
8
8
8
8
8
8
8
8
8
8
8
3
8
3
3
19
3
3
3
3
3
3
3
3
3
3
3
3
3
3
3
3
3
3
3
3
3
3
19
3
3
3
19
3
3
3
19
19
3
19
19
19
19
19
19
19
19
19
19
19
19
19
19
19
19
19
19
19
19
19
19
13
13
19
13
13
9
0
15
15
0
13
6
0
0
0
0
0
0
0
0
9
9
9
9
9
9
9
9
9
9
9
9
9
9
9
9
9
9
9
9
9
9
9
9
9
9
9
9
9
9
9
17
17
17
17
9
17
17
17
17
17
17
17
17
17
17
17
17
17
17
4
4
17
17
4
17
13
5
13
5
5
5
13
13
13
6
13
6
5
5
17
28
28
6
6
28
28
23
23
5
23
23
29
5
5
5
29
29
29
23
29
5
5
29
5
29
23
29
23
23
23
5
23
23
5
5
29
5
29
5
29
29
29
29
29
5
23
29
29
29
29
14
29
29
29
29
29
29
29
14
29
29
5
14
26
26
26
14
14
14
29
14
14
14
14
14
14
14
14
14
14
14
14
14
14
14
14
14
14
14
14
12
12
12
12
12
12
12
12
12
12
12
12
23
35
29
29
29
29
29
29
26
12
12
23
29
29
29
29
29
26
26
26
29
26
26
26
26
26
26
26
26
26
26
26
26
26
26
26
26
26
14
26
14
14
14
26
26
26
14
14
14
14
14
14
14
14
14
14
14
12
12
12
12
12
12
12
12
12
12
12
12
12
12
12
12
25
12
25
25
25
25
25
25
25
25
25
25
25
25
25
35
35
35
35
35
35
35
35
35
35
35
35
35
35
16
35
16
16
16
16
16
16
16
16
16
24
16
16
16
24
24
24
24
24
24
24
24
24
24
24
24
24
24
24
24
24
24
24
24
24
41
41
41
41
41
41
41
41
41
41
41
41
41
41
41
41
41
41
41
41
41
41
10
10
10
10
10
10
10
10
36
36
36
36
36
10
36
36
36
36
36
36
36
36
36
36
36
36
36
36
30
36
36
30
36
30
2
2
2
2
2
2
2
2
2
2
2
2
7
7
7
7
2
7
7
7
31
31
31
31
31
31
31
31
31
31
31
31
31
31
31
31
31
31
31
31
31
31
31
31
31
31
31
31
31
31
30
30
30
30
30
30
30
30
30
27
27
27
27
27
27
27
27
27
27
27
27
27
27
27
27
27
27
27
27
27
27
27
27
27
27
27
27
27
27
15
15
15
27
15
15
15
27
15
15
15
15
15
15
15
21
21
21
21
15
21
21
21
21
21
21
21
21
21
21
21
21
21
21
21
21
21
21
22
22
22
22
22
22
22
22
22
22
22
39
22
22
22
22
39
39
22
39
39
39
39
39
39
39
39
39
39
39
39
39
39
39
39
39
39
39
39
39
39
39
39
39
39
39
39
39
39
39
39
39
38
38
38
38
38
38
38
38
38
38
38
38
38
38
38
38
38
38
38
38
38
38
38
38
38
38
38
38
38
38
38
38
38
38
38
38
38
38
38
38
38
38
38
37
37
37
37
37
37
37
37
37
37
37
37
37
37
37
37
37
37
37
37
37
37
37
37
37
37
37
37
33
37
33
33
33
33
33
33
33
33
33
33
33
33
33
33
40
33
40
40
40
40
40
40
40
40
40
40
40
40
40
40
40
40
40
40
40
40
40
40
