2
2
2
2
2
2
2
2
13
2
2
2
6
2
1
2
2
1
1
2
2
2
2
2
2
2
2
2
2
2
2
2
2
34
6
34
2
2
34
1
1
34
2
2
2
8
1
6
6
20
43
2
34
43
34
34
6
20
20
20
1
20
20
20
42
34
20
20
8
42
20
20
42
20
20
20
42
20
20
20
20
20
42
42
42
42
42
42
8
8
8
8
8
8
8
8
8
8
8
8
8
8
8
8
8
8
8
8
8
8
8
8
8
8
8
8
8
8
8
8
3
3
8
8
3
3
8
3
3
3
8
8
3
3
3
3
3
3
3
3
3
3
3
3
3
3
3
3
3
3
3
3
3
19
19
3
3
19
3
3
3
19
3
8
3
3
13
13
13
13
13
0
0
0
0
9
9
0
9
9
9
9
0
9
9
9
9
9
9
9
9
9
9
9
9
9
9
9
9
9
9
9
9
9
9
9
9
9
17
17
17
17
17
17
17
17
17
17
17
17
17
17
17
17
17
17
17
17
17
17
4
17
17
4
4
4
4
4
4
4
4
4
4
4
4
4
6
6
6
6
6
6
6
6
6
6
6
6
6
1
1
1
1
1
1
1
1
28
1
1
1
1
1
1
28
1
1
1
1
28
1
1
28
28
28
23
23
28
23
23
23
23
23
23
23
23
23
23
23
23
23
23
23
23
23
5
5
5
5
5
5
23
5
5
5
5
5
5
5
5
5
5
29
29
29
29
29
29
29
29
29
29
29
29
29
29
29
29
29
29
29
29
29
29
29
29
26
26
26
26
26
26
14
14
14
26
14
14
14
14
14
14
14
14
14
14
14
14
14
14
14
14
14
14
14
14
14
12
12
12
12
12
12
12
12
12
12
12
12
12
12
25
25
25
25
25
25
25
25
25
25
25
25
25
25
25
25
35
25
25
35
35
35
35
35
35
35
35
35
35
35
35
25
25
35
35
35
35
16
16
16
16
16
16
16
16
16
16
16
16
16
16
16
16
24
16
16
16
16
24
24
24
24
24
24
16
16
24
24
16
24
24
24
24
24
24
24
41
41
41
41
41
41
41
41
41
41
41
41
41
41
41
10
10
10
10
10
10
10
10
10
10
10
36
36
36
36
36
36
36
36
36
36
36
36
36
36
2
36
2
2
2
2
2
2
2
2
2
2
2
7
7
7
7
7
7
7
7
7
7
7
7
7
7
7
7
7
7
7
7
7
7
31
31
31
31
31
31
31
31
31
31
31
31
31
31
31
31
31
30
30
30
30
30
30
30
30
30
30
30
30
30
30
30
27
30
30
30
27
30
30
30
27
30
27
27
30
27
27
27
27
27
27
27
27
27
27
27
27
27
27
27
15
15
15
15
15
15
15
21
21
21
21
21
21
21
21
21
21
21
21
21
21
21
21
22
21
22
22
21
22
22
21
22
22
22
22
22
22
22
39
39
39
39
39
39
39
39
39
39
39
39
39
39
39
39
39
39
39
39
39
37
38
38
38
38
38
38
38
38
38
38
38
38
38
38
38
38
38
38
38
38
38
38
38
38
38
38
38
38
38
38
38
38
38
38
38
38
38
38
38
38
38
37
38
38
38
38
38
38
38
38
38
38
38
38
38
38
38
38
38
38
37
37
37
37
38
37
37
37
37
37
37
37
37
37
37
37
37
33
37
37
18
33
18
37
37
37
37
37
18
18
33
33
33
33
33
33
33
33
33
33
33
33
33
40
33
40
40
40
40
40
33
40
40
40
40
40
40
40
40
40
40
40
40
40
40
40
40
40
40
40
40
