2
2
2
2
2
2
2
2
2
1
2
2
2
2
1
1
1
1
2
1
1
2
2
1
2
1
1
1
1
1
1
1
1
1
1
1
2
2
1
1
1
1
2
1
1
1
1
1
1
2
1
1
2
0
1
2
2
1
2
2
2
2
2
2
2
2
2
2
2
2
2
2
2
2
2
2
2
2
2
2
2
2
2
2
2
6
2
2
2
2
2
2
2
2
2
6
2
2
2
2
2
2
2
2
2
2
2
2
2
2
2
2
2
2
2
1
2
2
1
2
2
2
2
2
2
2
2
2
2
2
2
2
2
2
2
2
2
2
2
2
2
2
2
2
2
2
2
2
2
2
2
2
2
8
2
2
2
13
8
8
8
8
8
8
20
20
20
42
8
42
42
20
20
42
42
20
20
20
42
42
42
8
42
42
42
20
42
42
42
42
42
20
42
42
42
42
8
42
42
8
42
42
42
42
8
42
42
42
42
42
42
8
8
42
42
42
42
42
42
8
8
42
42
8
5
8
6
6
13
40
20
8
42
8
8
8
8
12
8
8
8
8
3
3
3
3
8
8
3
19
8
8
8
3
8
8
8
8
8
8
8
8
8
3
3
3
3
3
3
19
3
3
3
3
3
3
3
3
3
3
3
19
3
19
3
19
3
3
19
19
19
19
3
19
19
19
19
19
19
19
12
15
19
13
14
12
13
0
13
6
12
0
6
6
17
13
6
0
9
0
6
4
4
13
9
17
17
9
9
17
9
9
9
17
9
9
9
17
9
9
9
9
9
9
17
17
17
9
17
17
17
9
17
17
17
9
17
17
17
9
17
17
17
9
17
4
4
17
4
4
4
17
4
4
4
17
4
4
4
4
4
4
4
4
17
4
4
13
6
4
6
6
6
4
6
6
4
6
6
6
6
29
6
1
1
29
29
13
1
5
5
1
1
5
5
1
13
5
5
1
29
5
29
1
29
5
29
1
5
5
29
23
5
5
5
23
5
5
5
23
5
5
5
23
5
5
14
23
5
5
5
23
23
23
14
23
23
23
14
23
23
23
14
12
23
40
12
40
40
23
5
23
23
23
23
23
23
28
12
28
23
23
29
28
28
28
28
23
23
28
23
23
28
28
29
23
28
28
29
40
40
28
28
28
28
29
29
29
29
29
29
26
29
29
29
29
29
29
29
14
29
29
26
14
26
26
26
26
26
29
26
26
26
26
26
14
26
26
26
14
14
14
14
14
14
14
14
14
14
14
14
14
14
14
14
14
14
14
14
14
14
14
14
14
14
12
12
12
12
12
12
12
12
12
25
25
25
25
25
25
25
25
25
25
25
25
25
25
25
25
25
25
25
25
25
25
25
25
35
35
35
35
35
35
35
35
35
35
35
35
35
35
35
35
35
35
16
16
16
16
16
16
16
24
16
16
16
16
16
16
24
24
16
24
41
41
41
41
41
41
24
41
24
41
41
41
41
41
41
41
41
41
41
41
41
41
41
41
41
41
41
41
41
41
41
41
10
10
10
10
10
10
10
10
34
36
36
36
36
36
36
36
36
36
36
36
36
36
36
36
36
30
30
36
36
30
2
2
2
36
36
36
2
36
2
2
2
36
2
2
2
2
2
2
2
2
2
2
2
2
2
7
7
7
7
7
31
31
31
31
31
31
31
31
31
31
31
31
31
31
31
31
31
31
31
31
31
31
31
31
31
31
31
31
31
31
31
31
31
31
31
30
30
30
30
30
30
30
30
30
30
30
30
27
30
30
30
30
30
30
30
27
30
30
30
27
30
30
27
27
30
30
27
27
30
27
27
27
27
27
27
27
27
15
15
15
21
21
21
21
21
21
21
21
21
21
21
21
21
21
21
22
22
22
22
22
22
22
22
22
22
22
22
22
22
22
22
39
39
39
39
39
39
39
39
39
39
39
38
39
39
39
38
38
39
39
38
38
39
38
38
38
38
38
38
38
37
38
38
38
38
38
38
38
38
38
38
38
38
38
38
38
38
38
37
37
37
37
37
37
38
38
38
38
38
38
38
38
38
38
37
37
37
37
37
37
37
37
37
37
37
37
37
37
37
37
37
37
18
37
18
37
18
37
18
37
18
18
18
33
33
18
33
33
33
33
33
33
33
33
33
33
33
33
33
33
33
33
33
33
33
40
40
40
40
40
40
40
40
40
40
40
40
40
40
40
40
40
40
40
40
40
