1
2
2
2
2
2
2
2
2
2
2
40
2
2
2
2
2
2
2
2
2
2
1
2
2
2
2
2
2
2
2
2
1
6
6
20
6
6
6
1
20
8
8
6
20
6
6
20
6
20
20
6
10
6
20
6
6
6
6
8
8
34
10
10
8
42
40
1
6
40
40
40
40
40
10
13
40
40
40
1
6
1
40
1
6
1
40
40
40
8
1
6
4
6
8
6
6
6
6
1
42
6
6
6
4
8
20
8
8
6
6
6
6
8
8
10
6
1
8
6
6
6
8
1
1
6
20
4
10
6
6
10
6
6
1
6
4
6
6
6
20
13
6
10
10
10
8
8
19
13
8
8
8
6
8
42
6
20
8
42
42
8
8
42
8
8
8
8
8
8
8
8
8
8
8
8
8
8
8
3
8
8
8
3
8
3
8
3
3
3
3
3
8
8
8
3
3
3
8
3
3
3
3
3
3
3
3
3
3
3
3
3
3
3
3
19
3
3
3
19
19
3
19
19
19
19
19
19
19
19
19
13
13
13
13
13
13
13
13
0
0
0
0
0
9
9
0
0
9
9
9
9
9
9
9
9
9
9
9
9
9
9
9
9
9
9
9
9
9
9
9
9
9
17
9
9
9
9
9
9
17
17
17
17
17
17
17
17
17
17
17
17
17
17
17
17
4
17
17
17
17
4
4
4
4
4
4
4
4
4
4
4
4
6
6
6
6
6
6
6
6
6
6
6
6
1
1
1
1
1
1
1
1
1
1
1
28
28
1
1
28
28
28
28
28
28
28
28
28
28
28
28
28
28
23
23
28
23
23
28
23
23
23
23
23
23
23
23
23
23
23
23
23
23
23
23
23
23
23
23
23
23
23
23
23
5
5
5
5
5
28
29
29
29
29
29
29
29
29
29
29
29
29
29
29
29
29
29
29
29
29
29
29
29
29
29
26
26
26
26
26
26
26
26
26
26
26
14
14
26
14
14
26
14
14
14
14
14
14
14
14
14
14
14
14
14
12
14
14
12
12
12
12
12
12
12
12
12
12
25
25
25
25
25
25
25
25
25
25
25
25
25
25
25
25
25
25
25
35
35
35
35
35
35
35
35
35
35
35
35
35
35
35
16
16
16
16
16
16
16
16
24
16
16
16
16
24
24
24
24
24
24
24
16
24
24
24
24
24
24
24
24
24
41
24
41
41
41
41
41
41
41
41
41
41
41
41
41
41
41
41
41
41
41
41
41
41
10
10
10
10
10
10
10
10
10
10
10
36
36
36
36
36
36
36
36
36
36
36
36
36
36
36
36
36
2
36
36
2
2
2
2
2
2
2
2
2
2
2
2
2
2
2
2
2
2
7
7
7
7
7
7
7
7
7
7
7
7
7
7
7
7
7
31
31
31
31
31
31
31
31
31
31
31
31
31
31
31
31
31
31
31
30
30
30
30
30
30
30
30
30
30
30
30
30
30
30
30
27
30
30
30
27
30
27
27
30
27
27
30
27
27
27
27
27
27
27
15
27
27
15
15
27
27
27
15
15
15
15
15
15
15
15
15
21
21
21
21
21
21
21
21
21
21
22
22
22
22
22
22
22
22
22
22
22
22
22
22
22
22
22
22
22
22
22
22
22
22
22
22
22
22
22
22
22
22
22
22
22
22
22
22
22
39
39
22
39
39
39
39
39
39
39
39
39
39
39
39
39
39
39
39
39
39
39
39
39
39
39
39
38
37
37
38
38
38
38
38
38
38
38
38
38
38
38
38
38
38
38
38
37
37
38
38
37
37
37
37
37
37
37
37
37
37
37
37
37
37
37
37
37
37
37
37
37
37
37
37
18
37
33
33
33
33
33
33
33
33
33
33
33
33
40
40
33
40
40
40
40
40
40
40
40
40
40
40
40
40
40
40
40
40
40
40
40
40
40
40
40
40
