34
34
6
6
8
20
6
8
8
8
8
8
8
8
8
8
8
8
8
8
8
8
8
8
8
8
8
3
3
8
8
8
3
3
3
3
3
8
3
3
3
3
8
19
3
3
3
3
3
3
3
3
3
19
3
19
3
19
3
19
19
3
3
19
19
19
19
19
19
19
4
4
4
4
0
13
13
13
13
13
13
13
0
0
0
9
9
9
0
9
0
0
9
9
9
0
9
9
9
9
9
9
9
9
9
9
9
9
9
9
9
9
9
9
9
9
9
17
9
9
17
17
9
17
17
17
17
17
17
17
17
17
17
17
17
4
4
4
4
4
4
17
4
4
4
4
4
4
4
4
4
4
4
6
6
6
6
6
6
6
6
6
6
6
6
6
1
1
1
1
1
1
1
1
1
1
1
28
1
1
1
28
28
28
1
1
28
28
1
28
28
1
23
23
23
28
23
23
23
23
23
23
23
23
23
23
23
23
23
23
23
23
23
23
23
23
23
23
23
23
23
23
23
5
5
5
5
5
5
29
29
1
29
29
29
1
26
29
29
14
29
26
14
14
14
29
29
14
14
14
14
1
14
14
26
29
26
14
29
29
14
14
14
14
14
14
14
14
14
14
14
14
14
14
14
14
14
14
14
12
14
14
14
14
14
14
14
14
14
14
12
12
12
12
14
12
12
12
12
12
25
25
25
25
25
25
25
25
25
25
25
25
25
25
25
25
25
25
25
25
25
25
25
35
35
35
35
25
35
32
35
35
35
35
35
35
35
35
16
16
16
16
16
16
16
16
16
16
16
16
16
24
24
24
24
24
10
10
10
10
10
10
10
10
10
24
24
24
24
24
24
24
24
41
41
41
41
41
41
41
41
41
41
41
41
41
41
10
10
10
10
10
10
41
10
10
16
16
16
16
24
41
41
41
24
10
10
10
10
10
10
10
10
10
10
41
10
10
41
10
41
41
41
41
41
41
41
41
41
41
41
41
10
41
41
41
41
41
41
41
10
10
10
10
10
10
10
10
10
10
10
36
36
36
36
36
36
36
36
36
36
36
36
36
36
36
2
2
2
2
2
2
2
2
2
2
2
2
2
7
7
7
7
7
7
31
31
7
7
7
7
7
7
7
7
31
31
31
31
31
31
31
31
31
31
31
31
31
31
31
31
30
30
31
30
30
30
30
30
30
27
30
30
30
30
30
30
27
27
27
27
27
27
27
27
27
27
27
27
27
27
27
27
27
27
27
27
27
27
27
27
27
15
27
15
27
27
27
15
15
15
4
4
15
15
15
21
21
21
36
30
21
21
21
21
21
21
21
22
21
21
22
22
22
22
22
22
22
22
22
22
22
22
39
39
22
39
39
39
39
39
39
39
39
39
39
39
39
39
39
39
39
39
39
39
39
39
39
39
39
38
38
38
38
38
38
38
38
38
38
38
38
38
38
38
38
38
38
38
38
38
38
37
37
37
37
37
37
37
37
37
37
37
37
37
37
37
37
37
37
37
37
37
37
37
37
37
37
37
37
33
37
37
37
33
37
33
37
37
37
40
33
40
40
40
40
40
40
40
40
40
40
40
40
40
40
40
40
40
40
40
40
40
40
40
40
40
40
