1
1
34
1
6
34
6
6
34
34
34
34
20
8
8
20
20
20
6
20
6
6
20
8
6
6
6
6
40
2
10
34
20
20
20
8
8
8
8
42
20
20
20
4
20
6
8
8
6
10
8
10
6
6
6
8
40
6
13
13
6
6
6
6
8
8
13
8
8
8
8
8
8
8
8
8
8
8
8
8
8
8
8
8
8
8
8
3
8
3
3
8
8
8
8
3
8
3
8
3
3
3
3
3
3
3
3
3
3
3
3
3
3
3
3
3
3
3
3
3
19
3
19
3
19
19
19
19
19
19
19
19
19
19
19
19
19
19
13
0
13
13
13
0
0
0
0
0
9
9
0
9
9
9
9
9
9
0
9
9
9
9
9
9
9
9
9
9
17
9
9
9
9
9
9
17
17
17
17
17
17
9
17
17
17
17
17
17
17
17
17
17
17
17
17
17
17
17
4
17
4
17
4
17
4
4
4
4
4
4
4
4
4
4
4
4
6
6
6
6
13
13
6
6
6
6
6
6
1
1
1
1
1
1
1
1
1
1
1
1
1
1
1
1
1
1
1
1
1
1
1
1
1
1
1
1
1
1
1
28
28
1
1
28
1
1
1
1
28
28
28
28
28
28
23
28
28
28
28
28
28
23
23
23
23
23
23
23
23
23
23
23
23
13
5
5
5
28
5
29
29
5
29
29
29
29
29
29
29
29
29
26
29
29
26
29
29
26
26
26
26
26
26
26
26
26
26
26
26
14
26
26
26
26
26
14
26
14
14
14
14
14
14
14
14
14
14
14
14
14
14
14
14
14
14
14
14
14
14
14
12
12
12
12
12
14
29
26
12
12
26
26
12
25
25
25
25
25
25
25
25
25
25
25
25
25
25
25
25
25
25
25
25
35
35
35
35
35
35
35
35
35
35
35
35
35
35
35
35
25
35
35
16
16
16
16
16
16
16
16
16
16
16
16
16
16
16
24
24
24
24
24
24
24
24
24
24
16
24
24
24
24
24
24
24
24
24
24
41
41
41
41
41
41
41
41
41
41
41
41
41
41
41
41
41
41
41
24
10
10
10
10
10
10
10
10
10
10
10
10
10
10
10
36
36
36
36
36
36
36
36
36
36
36
36
36
36
2
2
36
36
2
2
2
2
2
2
2
2
2
2
2
2
2
7
7
7
7
7
7
7
7
7
7
7
7
7
7
7
7
31
7
31
31
31
31
31
31
31
31
30
31
31
31
31
31
31
31
31
30
30
30
30
30
30
30
30
30
30
30
30
30
30
30
30
30
30
30
30
30
30
30
27
27
27
30
27
27
27
27
27
27
27
27
27
27
27
27
27
27
27
27
27
27
27
15
15
15
15
15
15
15
15
15
15
21
21
21
21
21
21
21
21
21
21
21
21
21
21
21
21
21
21
22
21
22
21
22
22
22
39
22
22
22
39
39
39
39
39
39
39
39
39
39
39
39
39
39
39
39
39
39
39
38
38
38
38
38
38
38
38
38
38
38
38
38
38
38
38
38
38
38
38
38
38
38
38
38
38
38
38
38
38
38
38
38
38
38
38
38
38
38
38
38
38
38
38
38
38
38
38
38
38
38
38
38
38
38
38
38
38
38
38
38
38
38
38
38
37
37
37
37
37
37
37
37
37
37
37
37
37
37
37
37
37
37
37
37
33
37
37
37
37
37
33
37
33
33
33
33
33
33
33
33
33
33
33
33
33
40
40
40
40
40
40
40
40
40
40
40
40
40
40
40
40
40
40
40
40
40
40
40
40
40
40
40
40
