1
1
1
20
8
20
8
8
8
8
8
8
8
8
8
8
8
8
8
8
8
8
8
8
8
8
8
8
8
8
8
8
8
8
8
8
8
8
3
3
3
3
3
3
3
3
3
3
3
3
3
3
3
3
3
3
3
19
3
3
3
19
19
3
3
19
3
19
19
19
19
19
19
13
13
13
13
13
13
6
13
4
4
4
4
4
4
4
4
4
9
0
0
0
0
0
9
9
9
9
4
0
9
0
0
0
0
9
4
10
10
10
10
6
0
10
0
6
6
6
6
6
6
6
6
1
1
1
1
1
1
1
1
1
1
1
1
1
1
1
1
1
1
1
1
1
1
1
1
1
1
1
1
1
1
28
1
1
1
1
1
1
28
28
28
28
28
23
23
23
23
23
23
23
23
23
23
23
23
23
5
5
5
5
5
5
5
5
5
5
5
29
29
1
29
29
29
29
29
29
29
29
29
29
29
29
29
29
29
29
29
26
26
29
29
29
26
26
14
14
14
29
14
14
14
14
14
14
14
14
14
14
14
14
14
14
14
14
14
14
14
12
14
12
12
14
14
12
12
12
12
12
12
14
29
29
12
29
29
14
12
29
29
29
29
29
29
1
29
29
29
26
26
29
29
26
26
12
14
26
12
26
26
26
12
26
14
29
14
14
14
14
14
14
14
14
14
14
14
14
14
14
14
14
12
14
14
12
12
12
14
12
12
12
12
12
12
12
12
12
12
12
12
12
12
25
25
25
25
25
25
25
25
25
25
25
25
25
25
25
25
35
35
35
35
35
35
35
35
35
35
35
35
35
35
25
25
35
35
35
35
35
35
10
10
10
16
16
16
16
16
16
16
16
16
16
16
16
16
16
16
16
16
16
16
24
24
24
24
24
24
24
24
24
24
24
24
24
41
41
41
41
41
41
41
41
41
41
41
41
41
41
41
41
41
41
41
41
24
24
41
41
24
24
24
24
24
24
41
41
41
41
41
10
10
10
10
10
24
10
10
10
10
10
10
10
10
10
36
36
36
36
36
36
36
36
36
36
36
2
2
2
2
2
2
2
2
2
2
2
2
2
2
7
7
7
7
7
7
7
7
7
7
7
7
7
7
7
7
7
7
7
7
7
7
7
7
7
31
31
31
31
31
31
31
31
31
31
31
31
31
31
31
31
31
31
31
31
30
30
30
30
30
30
30
30
30
30
30
30
30
30
30
30
30
30
27
27
27
27
27
27
27
27
27
27
30
27
27
27
27
27
27
27
27
15
15
27
27
15
15
15
15
15
15
15
15
15
15
15
21
15
21
15
30
21
21
21
21
21
21
21
21
21
21
21
21
21
21
21
21
22
21
22
22
22
22
22
22
22
22
22
22
22
22
22
39
22
22
22
39
39
39
39
39
39
39
39
39
39
39
39
39
39
39
39
39
38
38
38
38
38
37
38
38
38
38
38
38
38
37
38
38
38
38
38
38
38
38
38
38
38
37
37
37
37
38
38
38
38
38
38
38
38
38
38
38
37
37
37
37
37
37
37
37
37
37
37
37
37
37
37
37
37
37
37
37
37
37
18
37
37
37
18
37
18
33
33
33
33
33
33
33
33
33
33
33
33
33
33
33
40
40
40
40
40
40
40
40
40
40
40
40
40
40
40
40
40
40
40
40
40
40
40
40
40
40
40
40
