34
34
34
10
34
34
34
2
34
34
10
10
34
34
10
34
34
20
34
43
34
34
1
34
1
1
1
34
34
1
20
10
1
10
20
20
20
20
4
4
6
6
6
10
20
20
4
10
8
42
40
3
8
8
8
8
8
8
8
8
8
8
8
3
3
3
3
3
3
3
3
3
3
3
3
3
3
3
3
3
3
3
3
3
3
3
3
3
3
3
3
3
3
3
3
3
3
3
3
3
3
3
3
3
3
3
3
19
3
3
19
19
19
19
19
19
13
13
13
13
13
13
0
0
13
0
9
9
9
0
0
0
0
9
0
0
9
9
9
9
9
9
9
9
9
9
9
9
9
9
9
9
9
9
9
9
9
9
9
9
9
9
9
9
9
9
17
17
9
17
17
17
17
17
17
4
17
17
17
4
4
4
4
4
4
4
4
4
4
4
4
4
4
4
4
4
4
4
6
6
6
6
6
6
6
6
6
1
1
23
1
23
23
23
1
1
1
1
1
1
29
28
29
13
1
5
29
5
1
28
5
5
5
5
5
5
5
5
5
28
5
5
5
5
29
5
5
5
29
5
5
5
5
5
5
5
29
5
5
5
29
5
5
5
5
5
5
5
29
5
5
5
5
5
23
23
23
5
23
4
28
5
23
5
14
14
29
29
5
29
26
29
29
26
26
29
29
26
29
29
29
29
29
29
29
26
26
29
29
26
26
29
26
14
26
14
26
26
26
14
26
26
26
14
26
14
14
14
26
14
14
14
26
14
14
14
26
14
14
14
14
14
14
12
14
14
14
12
14
14
12
12
12
12
12
12
26
12
12
25
25
25
25
25
25
25
25
25
25
25
25
25
25
25
25
35
25
25
25
25
25
25
35
35
35
35
35
35
35
35
35
35
16
16
16
16
16
16
16
16
16
16
16
16
16
16
16
16
16
24
24
10
24
24
24
41
41
41
41
41
24
41
41
24
41
41
41
41
41
41
41
41
41
41
41
41
41
41
41
41
41
41
41
41
41
24
24
24
24
10
10
10
24
24
10
41
41
41
41
41
41
10
10
10
10
10
10
35
42
10
10
4
10
36
21
36
36
36
36
36
36
36
36
36
36
30
30
30
36
2
2
2
2
2
2
2
2
2
2
2
2
2
7
7
2
2
7
7
7
7
7
7
7
31
31
31
31
31
7
7
31
31
31
31
31
31
31
31
31
31
31
31
31
31
31
31
31
31
31
31
31
31
31
31
30
30
31
30
30
30
30
30
30
30
30
30
30
30
30
30
30
30
30
30
30
30
30
30
30
30
30
30
30
27
30
30
30
30
30
30
30
30
30
30
30
27
27
27
27
27
27
27
27
27
27
27
27
15
27
27
27
27
15
15
15
15
15
15
15
21
21
21
21
21
21
21
21
21
21
21
21
21
21
21
21
21
22
22
22
22
22
22
22
22
22
22
22
22
22
22
22
21
22
22
39
39
39
39
39
39
39
39
39
39
39
39
39
39
39
39
39
39
39
39
39
39
39
39
39
39
39
39
39
39
39
39
38
39
39
39
39
39
39
39
39
39
39
39
39
39
38
38
39
39
39
38
38
38
38
38
38
38
38
38
38
38
38
38
38
38
38
38
38
38
38
38
38
38
38
38
38
38
37
37
38
38
37
37
37
37
37
37
37
37
37
37
37
37
37
37
33
37
33
37
33
33
33
37
37
37
37
33
33
33
33
33
33
33
33
33
33
33
33
33
33
33
40
40
40
40
40
40
40
40
40
40
40
40
40
40
40
40
40
40
40
40
40
40
40
40
40
40
40
40
