34
13
13
34
34
34
34
1
34
32
34
20
6
20
1
34
6
6
6
6
6
6
6
1
6
6
34
1
34
6
6
1
1
1
1
1
1
1
1
1
1
6
1
6
1
34
34
34
34
34
20
34
34
1
34
34
34
1
34
20
20
20
20
1
6
8
6
43
6
34
34
8
8
8
20
20
20
10
6
8
8
6
42
8
42
20
8
20
20
20
20
20
20
20
6
20
20
20
20
42
42
20
42
42
42
8
8
8
20
42
8
40
40
40
1
13
20
40
13
8
8
8
8
42
8
8
8
8
8
8
8
8
8
8
8
8
8
8
8
8
8
8
8
8
8
8
8
8
8
3
8
3
8
3
8
3
3
3
3
3
3
3
3
3
3
3
3
19
3
19
3
19
3
19
19
19
19
19
3
19
19
19
19
19
19
19
13
13
13
13
13
17
0
0
0
0
0
9
9
9
9
9
9
9
9
9
9
9
9
9
9
9
9
9
9
9
9
9
9
9
9
9
9
9
9
9
9
9
9
9
9
9
9
17
17
17
17
17
17
17
17
17
17
17
17
17
17
17
17
17
4
4
4
17
4
4
4
4
4
4
4
4
4
4
4
4
4
4
4
6
6
6
6
6
6
6
6
6
6
6
1
1
1
1
1
1
1
1
1
1
1
1
1
1
28
28
1
1
1
28
28
28
28
28
28
28
28
28
28
28
23
28
23
23
23
23
23
23
23
23
23
23
23
23
23
23
23
23
23
23
23
23
5
23
23
5
5
5
5
5
5
5
5
26
14
14
26
26
14
26
26
29
14
26
12
29
29
14
29
29
14
26
26
26
14
26
26
26
14
14
26
14
14
26
26
14
14
26
26
14
14
26
14
14
14
14
14
14
14
26
14
14
14
14
14
14
14
14
14
14
14
14
14
14
12
12
12
14
12
14
12
12
25
25
25
25
25
25
25
25
25
25
25
25
25
25
25
35
35
35
35
35
35
35
35
35
35
35
35
35
35
35
35
16
16
16
16
16
16
16
16
16
16
16
16
16
16
16
16
16
24
16
24
16
24
24
24
24
24
24
24
24
24
24
24
24
24
24
41
41
41
41
41
41
41
41
41
41
41
41
41
41
41
41
41
41
41
41
41
41
10
10
10
10
10
10
10
10
10
36
36
36
36
36
36
36
36
36
36
36
36
36
36
2
2
2
2
36
2
2
2
2
2
2
2
2
2
7
7
7
7
7
7
7
7
7
7
7
7
7
7
7
7
7
31
7
31
31
31
31
31
31
31
31
31
31
31
31
31
31
31
30
30
30
30
30
30
30
30
30
30
30
30
30
30
30
30
30
30
30
30
27
27
30
27
27
27
30
27
27
27
30
27
27
27
27
27
27
27
27
27
27
27
27
27
27
27
27
27
27
27
15
15
15
15
15
15
21
21
21
15
21
21
21
21
21
21
21
21
21
21
22
22
22
22
22
22
22
22
22
22
22
22
22
22
22
22
39
39
39
39
39
39
39
39
39
39
39
39
39
39
39
39
39
39
39
39
39
39
39
39
39
39
39
38
38
38
38
38
38
38
38
38
38
38
38
38
38
38
38
38
38
38
38
37
38
38
37
37
37
37
37
37
37
37
37
37
37
37
37
37
37
37
37
37
37
37
37
37
37
37
37
33
18
18
33
33
33
33
33
33
33
33
33
33
33
33
40
40
33
40
40
40
40
40
40
40
40
40
40
40
40
40
40
40
40
40
40
40
40
40
40
40
40
40
