34
34
34
34
34
34
34
34
34
34
34
34
34
34
34
2
2
34
6
1
1
34
1
8
1
1
8
34
8
8
6
2
8
8
8
10
8
1
1
8
1
42
20
42
8
1
8
20
20
20
1
20
1
20
6
6
1
1
8
6
6
13
13
13
13
13
1
1
13
1
13
13
20
13
13
10
13
0
13
6
13
13
13
13
20
6
42
20
42
0
40
40
6
13
0
0
5
1
6
4
8
42
42
42
42
8
8
42
42
42
42
42
42
42
8
8
8
8
8
8
8
3
3
3
3
3
3
3
3
3
3
3
3
3
3
3
3
3
3
3
3
3
3
19
3
3
19
3
3
19
19
19
19
19
19
19
19
19
19
19
19
19
19
19
19
19
19
19
19
19
19
19
19
19
19
19
19
19
19
19
13
13
13
13
13
13
0
13
0
0
0
9
9
9
9
9
9
0
0
9
9
9
9
9
9
9
9
9
9
9
9
9
9
9
9
9
9
9
9
9
17
9
9
9
17
17
17
17
17
17
17
17
17
17
17
17
17
17
17
17
17
17
17
17
17
4
4
17
4
4
4
4
4
4
4
4
4
4
4
4
4
4
6
6
6
6
6
6
6
6
6
6
6
6
6
6
6
1
6
1
1
28
1
1
1
1
1
1
1
1
1
1
1
28
28
1
1
28
28
23
23
23
23
23
23
23
23
23
23
23
23
23
23
23
23
23
23
23
23
23
23
23
23
23
23
23
23
23
23
23
5
5
5
5
5
29
29
29
29
29
29
29
29
29
29
29
29
29
29
29
29
29
29
29
26
29
29
26
26
29
29
26
26
26
26
26
26
26
26
29
26
26
14
14
14
14
14
14
14
14
14
14
26
14
14
14
14
14
14
14
14
14
14
14
12
14
14
12
12
12
12
12
12
12
25
25
25
25
25
25
25
25
25
25
25
25
25
25
25
25
25
25
25
35
35
35
35
35
35
35
35
35
35
35
35
35
35
16
16
16
16
16
16
16
16
16
16
16
16
16
16
24
24
24
24
24
24
24
24
24
24
24
24
24
24
24
24
24
24
24
24
24
24
41
41
41
41
41
41
41
41
41
41
41
41
41
41
41
41
41
41
41
10
10
10
10
10
10
10
36
36
36
36
36
36
36
36
36
36
36
36
36
2
36
36
36
2
2
2
2
2
2
2
2
2
2
2
2
2
2
2
7
7
7
7
7
7
7
7
7
7
7
7
7
31
7
7
31
31
31
31
31
31
31
31
31
31
31
31
31
31
31
31
31
31
31
31
31
31
30
30
30
30
30
30
30
30
30
30
30
30
30
30
27
30
30
30
27
30
27
27
27
27
27
27
27
27
27
27
27
27
27
27
27
15
15
27
15
27
27
27
15
15
15
15
15
15
15
21
21
21
21
21
21
21
21
21
21
21
21
21
21
21
21
21
21
21
21
22
21
21
21
22
22
21
22
22
22
22
22
22
22
39
39
39
22
22
39
39
39
39
39
39
39
39
39
39
39
39
39
39
39
39
39
39
38
38
38
39
38
38
38
38
38
38
38
38
38
38
38
38
38
38
38
38
38
37
38
37
37
37
37
37
37
37
37
37
37
37
37
37
37
37
37
37
37
37
37
37
37
37
37
37
37
37
37
33
33
33
33
33
33
33
33
33
33
33
33
33
33
33
33
33
33
33
40
40
40
40
40
40
40
40
40
40
40
40
40
40
40
40
40
40
40
