1
8
1
8
1
1
1
32
1
8
20
20
20
20
20
20
20
16
16
8
20
16
16
42
42
20
8
20
8
8
8
8
20
20
8
8
42
8
8
20
6
42
8
8
42
8
3
3
8
3
3
3
3
0
3
3
3
6
8
8
3
1
3
3
3
1
3
3
4
6
3
3
4
40
3
3
4
12
3
3
4
12
3
3
12
12
19
19
12
12
19
19
4
12
19
19
6
4
13
4
13
13
13
6
6
6
13
0
0
0
0
0
0
0
9
0
0
9
9
9
0
9
9
9
9
9
9
9
9
9
9
9
9
9
9
9
9
9
9
9
9
9
9
9
9
9
9
9
9
9
17
17
17
17
17
17
17
17
17
17
17
17
17
17
17
17
17
17
17
17
17
4
17
17
4
4
4
4
4
4
4
4
4
4
4
4
4
6
6
4
6
6
6
6
6
6
6
6
6
6
6
6
6
6
6
1
1
1
1
1
1
1
1
1
28
1
28
1
28
1
28
1
28
28
23
28
28
28
23
23
23
23
23
23
23
23
23
23
23
23
23
23
23
23
23
23
23
23
23
23
23
23
23
23
23
23
23
23
23
5
5
5
5
5
5
29
29
29
29
26
29
29
29
26
29
29
29
26
29
29
29
26
29
29
29
26
26
26
29
14
14
26
26
14
14
14
14
14
14
14
14
14
14
14
14
14
14
14
14
14
14
14
14
14
14
14
14
12
14
14
14
12
12
12
14
12
12
12
12
12
12
14
29
12
14
29
29
12
14
26
25
35
35
25
25
25
25
25
25
25
25
25
25
25
25
35
35
35
35
35
35
35
35
35
35
35
14
29
35
35
35
16
16
16
16
16
16
16
16
16
16
16
16
16
16
16
16
16
16
16
41
41
24
24
24
24
24
24
24
24
24
24
24
24
24
24
24
24
24
24
41
41
41
41
41
41
41
41
41
41
41
41
41
41
41
41
41
41
10
10
10
10
10
10
10
10
10
10
10
10
10
36
10
36
36
36
36
36
36
36
36
36
36
36
36
36
36
36
2
36
36
36
2
2
2
2
2
2
2
2
2
7
2
7
7
7
7
7
7
7
31
31
31
7
7
31
7
31
31
31
7
31
31
31
31
31
31
31
31
31
31
31
31
31
31
31
31
31
31
31
31
30
30
30
30
30
30
30
30
30
30
27
30
30
30
27
30
30
27
30
30
27
27
27
27
27
27
27
27
27
27
27
27
27
27
27
27
27
27
15
27
27
27
15
15
15
15
15
15
15
21
21
21
21
21
21
21
21
36
21
21
21
21
21
21
21
21
21
21
21
21
21
21
21
21
21
22
22
22
21
22
22
22
22
39
39
39
39
39
39
39
39
39
39
39
39
39
39
39
39
39
39
39
39
39
39
39
38
38
37
38
37
37
38
37
38
37
37
37
37
38
37
38
37
37
37
37
37
38
38
38
37
37
37
37
37
37
37
37
37
37
38
38
37
37
37
37
37
37
37
37
37
37
37
37
18
37
37
18
18
18
18
18
18
37
18
33
18
18
18
18
18
18
18
18
18
33
18
33
18
33
33
33
33
33
33
33
33
33
33
33
33
33
33
33
33
40
40
40
40
40
40
40
40
40
40
40
40
40
40
40
40
40
40
40
40
40
40
40
