42
42
8
42
42
10
20
20
20
20
20
20
20
6
10
10
20
10
6
6
6
6
6
42
6
6
4
4
4
6
6
6
8
8
8
8
8
13
8
6
16
6
6
6
16
6
6
6
16
4
8
8
8
8
8
8
8
8
8
8
8
8
8
8
8
8
8
8
8
8
8
8
8
8
8
8
8
8
8
8
8
8
8
8
8
8
8
8
8
8
8
8
8
8
8
8
8
8
8
8
8
8
8
8
8
8
8
8
8
8
8
8
8
13
5
13
13
13
1
13
13
1
13
13
13
1
13
13
13
1
13
13
35
13
1
13
35
1
1
4
35
4
42
10
10
20
6
6
10
10
13
40
13
3
3
3
3
3
3
3
3
3
3
3
3
3
19
3
3
19
3
3
3
3
3
19
3
3
19
19
3
3
19
19
3
3
19
19
19
19
19
19
19
19
19
19
19
19
19
19
19
19
19
19
19
19
19
19
19
13
13
13
13
13
13
6
13
6
6
6
6
6
6
6
6
0
6
6
6
9
9
9
9
9
9
0
9
9
9
0
9
9
9
9
9
0
9
0
0
0
0
6
6
0
0
6
6
9
6
6
17
17
6
6
17
17
6
4
17
17
17
4
17
17
4
4
17
17
4
4
4
4
6
4
4
13
6
6
12
40
13
6
12
4
35
10
12
4
12
6
12
6
6
12
12
29
6
14
1
12
12
12
1
5
29
5
40
5
5
1
1
1
1
1
1
1
1
1
1
1
28
28
1
1
1
28
28
28
28
28
28
28
23
23
23
23
23
23
23
23
23
23
23
23
23
23
23
23
23
23
23
23
23
23
23
23
23
5
5
5
5
5
23
23
5
5
5
23
5
5
5
5
5
5
14
14
29
14
29
14
14
29
29
14
26
14
14
14
14
14
26
14
29
14
26
14
14
14
26
14
14
14
26
14
14
14
14
14
14
14
26
14
14
14
26
14
14
14
14
14
14
14
14
14
14
14
14
14
14
14
14
14
14
14
14
14
12
12
12
12
12
12
12
12
12
12
25
25
25
25
25
25
25
25
25
25
25
25
25
35
25
35
35
35
35
35
35
35
35
35
35
35
35
35
35
10
10
10
10
16
16
16
16
16
16
16
16
16
16
24
16
41
41
41
24
41
24
24
41
24
24
24
24
24
41
24
24
24
41
41
41
41
41
41
41
41
41
41
41
41
41
41
41
41
41
41
41
41
41
41
41
41
10
10
10
10
10
10
36
36
36
36
36
36
36
36
36
36
27
27
27
30
2
2
2
2
2
2
2
2
2
2
2
2
2
2
7
7
7
7
7
7
7
31
31
31
7
7
7
7
7
7
7
31
7
31
31
31
31
31
31
31
31
31
31
31
31
31
31
31
31
31
31
30
30
30
30
30
30
30
30
30
21
21
30
30
30
30
30
30
30
30
30
30
30
21
27
27
30
27
21
21
15
15
21
15
27
21
21
27
22
21
21
22
39
22
22
22
27
21
21
30
27
21
21
21
21
21
27
30
36
36
36
30
36
36
36
7
36
36
36
30
30
30
30
30
30
30
30
30
30
30
30
30
30
30
30
30
30
30
30
30
30
30
30
30
30
30
30
30
30
30
30
30
30
30
30
30
30
30
30
30
30
30
30
30
30
30
30
30
30
27
27
30
30
27
27
30
30
27
27
39
39
39
27
39
39
27
27
39
39
27
27
39
39
39
15
39
21
30
30
30
27
36
21
21
22
21
21
21
21
21
22
39
39
22
22
39
39
39
39
39
39
39
39
39
38
38
39
39
39
39
39
39
39
39
38
39
39
39
38
39
38
37
37
37
37
37
37
37
37
37
37
37
37
37
37
37
37
37
37
37
37
37
37
37
18
33
37
33
33
33
33
33
33
33
33
33
37
37
33
33
33
43
43
43
43
43
43
43
43
43
43
43
43
43
43
43
43
43
43
43
43
43
43
43
43
40
40
40
40
40
40
40
40
40
40
40
40
40
40
43
40
40
40
40
40
40
40
40
40
40
40
40
40
