2
2
2
2
2
2
2
2
2
2
2
2
34
20
34
20
34
34
34
34
34
34
34
34
8
34
34
8
8
8
8
8
8
8
20
20
42
8
8
8
8
42
42
42
42
42
42
42
42
8
8
8
8
8
8
8
8
8
42
42
20
20
8
20
8
8
8
20
8
20
20
20
8
20
8
8
8
8
8
8
42
8
8
42
8
8
8
8
8
8
8
8
8
8
8
8
8
8
8
8
6
6
8
8
8
8
8
8
8
8
8
8
8
8
8
8
8
8
8
8
8
8
8
8
8
8
3
3
3
3
3
8
3
3
8
8
13
3
3
3
3
3
3
3
13
3
3
3
5
3
3
19
19
19
19
19
19
19
19
19
19
19
19
19
19
19
19
19
5
19
19
19
5
19
19
5
5
5
19
5
5
13
13
13
13
13
13
13
6
6
6
6
6
6
6
6
6
6
13
6
13
0
9
9
9
9
9
9
9
9
9
9
9
9
9
9
9
9
9
9
17
9
9
9
9
9
9
17
17
9
9
17
17
17
17
17
17
17
17
17
17
17
17
17
17
17
17
17
17
17
17
17
17
17
17
17
17
17
4
4
4
4
13
6
13
1
13
5
6
1
1
1
1
4
6
29
29
12
29
29
5
29
29
5
1
1
1
1
1
1
1
1
1
1
1
1
1
1
1
1
28
1
1
1
28
1
1
28
1
1
1
40
28
28
40
28
28
28
40
23
23
23
23
23
23
23
23
23
23
23
23
23
23
23
23
23
23
5
23
5
5
23
5
5
5
5
23
5
5
5
5
5
5
5
5
29
29
29
29
29
29
29
29
29
29
29
29
29
29
29
29
29
29
29
29
26
26
29
29
29
26
14
14
26
26
14
14
14
14
14
14
14
14
14
14
14
14
14
14
14
14
14
14
14
14
14
14
14
14
14
14
14
14
14
14
14
12
12
12
12
12
12
12
12
12
25
25
25
25
25
25
25
25
25
25
25
25
25
25
25
25
25
25
25
25
25
25
25
25
35
35
35
35
35
35
35
35
35
35
25
35
35
16
16
16
16
16
16
16
16
16
16
16
16
16
16
16
16
16
16
16
16
16
41
41
41
41
41
24
24
24
24
24
24
24
24
24
24
41
41
41
41
41
41
41
41
41
41
41
41
41
41
41
41
41
41
41
41
22
10
10
10
10
10
10
10
10
24
24
24
24
24
24
24
24
24
24
10
10
10
10
10
10
10
10
10
24
10
10
10
10
10
10
10
10
10
10
10
10
10
10
40
36
10
36
36
36
36
36
36
36
4
36
36
36
36
36
36
36
36
36
36
36
30
30
30
30
30
30
30
30
30
7
7
7
2
7
2
2
2
7
7
7
2
2
2
2
2
7
7
7
7
7
7
7
7
7
7
7
7
7
7
7
7
7
7
7
7
7
31
31
31
31
31
31
31
31
31
31
31
31
31
31
31
31
31
31
31
31
31
31
31
31
31
31
31
31
31
31
31
31
30
30
30
30
30
30
30
30
30
30
30
30
30
30
30
30
30
27
27
27
27
27
27
27
27
27
27
27
27
27
27
27
27
27
27
27
27
27
27
27
27
27
27
27
27
27
15
15
15
15
15
15
15
15
21
21
21
21
21
21
21
21
21
21
21
22
22
22
22
22
22
22
22
22
22
22
22
22
22
22
22
22
22
22
39
39
39
39
39
39
39
39
39
39
39
39
39
39
39
39
39
39
39
39
39
39
38
37
38
38
39
38
38
38
38
38
38
38
38
38
38
38
38
38
38
38
38
38
38
37
38
38
38
37
38
38
38
38
38
38
38
38
38
38
38
38
38
38
37
37
37
37
37
37
37
37
37
37
37
37
37
37
37
37
37
37
37
37
37
37
37
37
37
37
37
37
37
33
33
33
33
33
33
33
33
33
33
33
33
33
33
33
33
33
40
33
40
40
40
40
40
40
40
40
40
40
40
40
40
40
40
40
40
40
40
40
40
