34
34
20
34
20
34
34
20
42
42
42
42
8
8
8
8
8
8
8
8
8
8
8
8
8
8
8
8
6
8
6
8
6
8
6
3
13
3
13
3
13
13
13
3
13
3
3
3
3
3
3
3
3
3
13
3
3
3
3
3
13
3
3
3
19
3
40
3
13
13
13
13
13
13
13
0
13
0
0
0
0
0
0
0
13
0
0
0
0
0
0
0
0
0
0
0
0
0
0
0
9
0
9
9
9
9
9
9
9
9
9
9
9
9
9
9
9
9
17
17
17
17
17
17
17
17
17
17
17
4
17
4
17
17
4
4
4
4
4
4
4
4
4
4
4
4
6
6
6
6
6
4
6
6
6
6
6
13
6
6
6
6
6
6
6
1
6
6
1
1
5
1
1
1
23
1
23
23
23
23
23
23
23
23
23
40
23
40
23
23
1
40
28
23
23
23
23
23
23
23
23
23
23
28
23
23
23
23
23
23
23
23
23
23
23
23
23
23
23
23
23
23
23
23
23
5
5
5
5
5
5
5
5
5
5
1
5
5
5
5
29
5
5
5
5
5
29
29
29
29
29
29
29
29
29
29
14
14
29
29
29
29
29
29
14
14
29
29
14
14
14
14
29
14
14
14
29
14
14
29
29
29
14
29
29
29
29
14
14
14
14
14
14
13
13
29
12
29
29
13
29
13
6
25
25
25
25
25
25
25
25
25
25
25
25
25
25
25
25
25
25
35
35
35
35
35
35
35
35
35
35
35
35
35
35
35
35
35
35
16
16
16
16
16
16
16
16
16
16
16
16
16
41
41
41
41
41
41
41
24
24
24
24
41
41
41
41
24
24
24
24
41
41
41
41
41
41
41
41
41
41
41
41
41
41
41
41
10
10
10
10
10
10
10
10
10
10
10
10
10
10
10
36
36
36
36
36
36
36
36
36
36
36
36
36
2
2
2
2
2
2
2
2
2
2
2
2
2
7
7
7
7
7
7
7
7
7
7
7
7
7
31
31
31
31
7
31
31
31
31
31
31
31
31
31
31
31
31
31
31
31
31
31
31
31
31
31
30
30
30
30
30
30
30
30
30
27
30
30
30
30
30
30
30
27
27
27
27
27
27
27
27
27
27
27
27
27
27
27
27
27
27
27
27
27
27
15
27
27
15
15
27
27
15
15
15
15
15
15
15
21
21
21
21
21
21
21
21
21
21
21
21
21
21
22
21
22
22
22
22
22
22
22
22
22
22
22
22
22
22
22
39
39
39
39
39
39
39
39
39
39
39
39
39
39
39
39
39
39
39
39
39
39
39
39
39
39
39
39
39
39
39
39
39
39
39
39
39
39
39
39
39
39
39
39
39
39
38
38
38
38
38
38
38
38
38
38
38
38
38
38
38
38
38
38
38
38
38
37
38
38
37
37
37
37
37
37
37
37
37
37
37
37
37
37
37
37
37
37
37
37
37
37
37
18
18
37
37
33
33
33
33
33
33
33
33
33
33
33
33
33
33
33
33
40
40
40
33
40
40
40
40
40
40
40
40
40
40
40
40
40
40
40
40
40
40
40
