1
1
1
1
34
34
34
34
1
1
1
1
1
1
1
1
1
34
34
34
20
1
20
20
20
20
20
20
20
34
8
8
1
20
8
8
42
20
42
20
20
20
42
20
20
20
8
42
8
42
42
8
8
42
8
42
8
8
8
8
8
8
8
1
1
1
1
3
1
3
3
3
3
3
3
3
3
3
3
3
3
3
3
3
3
3
3
3
3
3
3
3
3
3
19
3
19
3
3
3
19
19
19
19
19
19
19
19
19
19
19
19
19
19
19
19
19
19
19
5
19
19
19
19
19
40
8
5
0
13
13
13
13
13
13
13
0
0
0
0
0
0
0
0
9
0
9
9
9
9
9
9
9
9
9
9
9
9
9
9
9
9
9
9
9
9
9
9
9
9
17
17
9
9
9
9
9
17
17
17
9
17
17
4
17
17
17
4
17
17
17
17
4
4
4
4
4
4
4
4
4
4
4
4
4
4
4
6
6
6
6
6
6
6
6
0
0
6
6
6
6
6
1
1
1
1
1
1
1
1
1
1
1
1
23
1
28
28
1
1
1
1
1
1
28
1
23
23
28
1
28
23
28
28
1
1
28
28
23
23
23
28
23
23
23
23
23
23
23
23
23
5
23
23
23
5
5
5
5
5
13
5
29
14
14
29
14
29
29
29
29
29
29
26
26
14
26
29
26
26
14
29
26
26
26
26
14
14
14
14
14
14
14
14
14
14
14
14
14
14
14
14
14
14
14
14
14
14
14
14
14
14
14
14
14
14
14
12
14
14
14
12
14
12
12
12
12
12
12
29
14
14
14
26
35
25
25
25
25
25
25
25
25
25
25
25
25
25
25
25
25
25
25
25
25
25
25
35
35
25
35
35
35
35
35
35
35
35
35
35
35
35
35
16
16
10
10
10
10
16
16
16
16
16
16
16
24
24
16
16
16
24
16
16
16
16
24
41
41
41
24
24
24
41
41
41
24
24
24
24
24
24
24
24
24
24
24
24
24
24
24
41
41
24
41
41
41
41
41
41
41
41
41
41
41
41
41
41
41
41
41
41
10
10
10
10
10
10
10
10
10
10
10
10
10
10
36
36
36
36
36
36
36
36
36
36
36
36
36
36
36
36
36
36
36
36
36
36
36
36
36
36
21
21
21
36
36
36
36
36
36
36
36
30
31
2
2
2
2
2
2
2
2
2
2
2
2
2
2
2
2
2
2
2
2
7
7
7
7
7
7
7
31
7
7
31
31
31
31
31
31
31
31
31
31
31
31
31
31
31
31
31
31
31
31
31
31
31
31
31
31
31
30
30
30
30
30
30
30
30
30
30
30
30
30
30
30
30
30
30
27
27
27
30
30
30
30
27
27
27
30
30
27
27
30
27
27
27
27
27
27
27
15
27
27
27
27
27
27
27
15
15
15
15
15
15
15
21
21
15
15
21
10
36
42
42
42
21
21
21
21
21
21
22
21
21
21
21
21
21
21
21
21
21
21
21
21
21
21
22
21
21
21
21
21
21
21
21
21
21
39
21
21
21
21
21
21
21
21
21
21
21
21
22
22
21
39
39
39
39
21
39
39
39
39
39
39
39
39
39
39
39
39
39
39
39
39
39
39
39
39
39
39
39
39
39
39
39
39
39
39
39
39
39
39
39
39
39
39
39
38
38
38
38
38
38
38
38
38
38
38
38
38
37
38
38
38
38
38
38
38
38
38
38
38
38
38
38
38
37
37
38
38
37
37
37
37
37
40
37
37
37
37
37
37
37
37
37
18
37
18
18
18
37
37
18
18
37
18
33
18
33
33
33
33
33
33
33
33
33
33
33
33
33
33
33
33
33
40
33
33
40
40
40
40
40
40
40
40
40
40
40
40
40
40
40
40
40
40
40
40
