8
3
8
8
8
8
8
8
8
8
8
8
8
8
8
8
8
8
8
8
8
8
8
8
8
8
8
8
8
3
8
8
8
8
8
8
3
3
3
3
3
3
3
3
3
3
3
3
3
3
19
3
3
3
3
19
19
3
19
19
19
19
19
19
19
19
19
13
8
4
4
4
6
6
6
6
0
0
0
0
0
6
0
0
0
0
0
0
0
0
0
9
0
9
9
9
0
9
9
9
9
9
9
9
9
9
9
9
9
9
9
9
9
9
9
9
9
9
17
17
17
17
9
17
17
17
17
17
17
17
17
17
17
17
17
4
4
4
4
4
4
4
4
4
4
5
6
5
13
6
6
1
6
6
6
1
1
13
5
1
40
13
1
1
1
13
1
1
13
5
5
5
13
5
5
1
13
5
5
1
13
5
1
1
1
34
1
1
1
5
1
34
32
5
6
6
6
6
6
1
6
13
6
32
6
6
6
6
6
6
6
6
4
6
6
1
6
1
1
1
1
5
29
1
1
1
1
1
14
14
29
29
1
29
29
29
29
26
29
29
29
26
29
29
26
14
29
29
29
14
29
14
29
14
26
26
14
14
26
26
29
14
29
26
26
14
29
14
14
14
14
14
14
14
14
14
14
14
14
14
14
14
14
14
12
14
14
12
12
14
29
12
12
12
29
29
26
26
29
26
25
25
25
25
25
25
25
25
25
25
25
25
25
25
25
25
25
25
25
25
25
25
35
35
25
25
25
35
35
35
35
35
35
35
35
16
16
10
10
10
10
16
16
16
16
16
16
16
16
16
16
16
16
16
16
16
24
16
24
24
24
24
24
24
24
24
24
24
24
24
24
24
16
24
24
24
24
24
41
41
41
41
41
41
41
41
41
41
41
41
41
41
41
41
41
41
41
41
10
10
10
10
10
10
10
10
10
36
36
36
36
36
36
36
36
36
2
2
2
2
2
2
2
2
2
2
2
2
2
2
2
2
2
2
2
2
2
2
7
7
7
7
7
7
7
7
7
7
7
7
7
7
7
31
31
31
7
31
31
31
31
31
7
7
36
36
30
36
36
30
30
30
7
31
31
31
31
31
31
31
31
31
31
31
31
31
31
31
31
31
31
31
31
31
31
31
31
31
31
31
31
31
31
31
31
31
31
31
30
30
30
30
30
30
30
30
30
30
30
30
27
30
27
30
30
30
27
27
30
27
27
27
27
27
27
30
27
27
27
27
27
27
27
27
27
27
27
27
27
15
15
15
15
15
15
15
15
15
15
36
21
21
21
22
22
22
21
22
22
22
22
22
22
22
22
22
22
22
22
22
22
22
22
39
39
39
39
39
39
38
39
39
39
39
39
39
38
39
39
39
39
38
38
38
38
38
38
38
38
38
38
38
37
37
37
37
37
37
37
37
37
37
37
37
37
37
37
37
37
37
37
37
37
37
37
37
33
37
33
33
33
33
33
33
33
33
33
33
40
40
40
40
40
40
40
40
40
40
40
40
40
40
40
40
40
40
40
40
40
40
40
40
40
40
40
40
