1
2
2
34
6
6
6
1
13
2
2
2
2
2
2
6
2
6
1
2
2
2
2
2
2
2
2
2
2
2
2
2
2
2
2
6
6
2
6
6
6
6
6
6
2
2
1
1
6
6
6
6
6
0
0
0
0
0
0
0
0
0
0
0
0
0
0
0
13
2
13
13
0
13
13
13
13
0
0
0
13
0
0
0
0
0
0
0
0
0
0
0
0
0
0
0
0
0
0
6
6
6
2
0
0
2
2
0
2
2
2
0
2
2
2
2
2
2
2
2
2
2
2
2
2
6
2
1
6
6
13
1
1
13
13
13
13
13
13
8
8
8
1
1
1
1
13
6
8
8
8
8
8
8
8
8
8
6
6
6
6
6
6
6
8
6
6
6
6
6
6
8
6
8
8
6
20
6
6
6
6
6
6
6
6
6
4
6
6
8
6
6
6
6
6
6
6
34
34
34
34
6
6
6
34
13
6
1
34
8
34
10
34
10
10
34
10
10
34
2
8
8
8
8
4
8
8
8
8
8
8
8
8
8
8
8
8
8
8
8
8
8
8
6
8
8
42
42
42
42
20
8
8
8
8
8
8
6
6
8
8
8
42
20
8
8
42
8
8
8
8
8
8
42
8
20
42
42
8
8
42
8
8
8
8
8
8
8
42
8
42
42
42
8
8
42
8
8
8
20
8
8
8
8
8
8
40
8
8
40
8
8
8
8
8
8
8
8
8
3
3
3
3
3
3
3
3
3
3
3
3
3
3
3
3
3
3
3
3
19
19
19
19
19
19
19
19
19
19
19
19
19
19
19
19
19
19
19
19
19
19
19
19
13
13
5
13
40
0
17
40
9
9
0
9
9
0
0
9
9
9
9
9
9
9
9
9
9
9
9
9
9
9
9
9
9
9
9
9
9
9
9
9
9
9
9
9
9
9
9
9
9
9
9
17
17
17
17
17
17
17
17
17
17
17
17
17
17
17
17
17
17
17
17
4
17
17
4
4
4
21
4
4
4
4
21
6
40
6
40
6
6
6
6
6
1
1
1
1
1
1
1
1
1
1
1
1
1
1
1
1
1
28
1
1
1
1
1
28
28
28
28
28
28
28
28
23
28
28
23
23
23
23
28
28
23
23
23
23
23
23
23
23
23
23
23
23
23
23
23
23
23
23
23
23
5
5
5
5
5
5
29
40
40
40
14
40
40
29
29
26
29
14
14
14
14
14
14
14
14
14
14
14
14
14
14
14
14
14
14
14
14
14
14
14
14
14
14
14
14
14
14
14
14
14
14
14
14
14
14
14
14
14
14
14
14
12
14
14
12
12
14
14
12
12
14
14
12
14
25
25
25
25
25
25
25
25
25
25
25
25
25
25
25
35
35
35
35
35
35
35
35
35
35
35
35
35
35
25
35
35
16
16
16
16
16
16
16
16
16
16
16
16
16
16
24
24
24
24
24
24
24
24
24
24
24
24
24
24
24
24
24
24
24
24
24
24
24
41
41
24
24
24
24
24
24
24
24
24
24
24
24
24
24
24
24
24
24
24
24
24
24
41
41
41
41
41
41
24
24
24
24
24
10
10
10
10
10
10
10
10
10
10
10
36
36
36
36
36
36
36
36
36
30
36
36
36
36
36
7
7
7
7
7
7
7
7
7
7
7
7
7
7
7
7
7
7
7
7
7
7
31
7
31
31
31
31
31
31
31
31
31
31
31
31
31
31
31
31
31
31
31
31
31
31
31
31
31
31
31
31
31
31
31
30
30
30
30
30
30
30
30
27
30
30
30
30
30
30
30
30
30
30
30
27
30
27
27
27
27
27
27
27
27
27
27
27
27
27
27
27
27
27
27
27
27
15
27
27
27
27
27
15
15
15
15
15
15
21
21
39
36
30
21
21
21
21
22
22
21
21
21
21
21
21
22
22
22
22
22
22
22
22
22
22
22
22
39
39
39
39
39
39
39
39
39
39
39
39
39
39
39
39
39
39
39
39
39
39
39
39
39
39
39
39
39
39
39
38
38
38
38
38
39
38
38
38
38
39
38
38
38
38
38
38
37
38
38
38
38
38
38
38
38
38
38
38
38
38
38
37
37
38
38
37
37
37
37
37
37
37
37
37
37
37
37
37
37
37
37
37
37
37
37
37
37
37
37
37
37
37
37
33
33
33
33
33
33
33
37
37
37
33
33
33
33
33
33
33
33
33
33
40
40
40
40
40
40
40
40
40
40
40
40
40
40
40
40
40
40
40
40
