5
5
19
19
19
13
2
13
40
2
34
34
34
34
2
34
2
34
34
34
1
34
34
1
1
1
1
34
1
20
20
20
20
42
34
20
20
20
20
20
1
20
20
1
20
20
20
6
6
34
6
20
20
20
20
20
20
32
34
20
20
20
20
20
20
20
20
20
20
20
20
20
20
20
20
20
20
42
8
8
8
8
8
8
8
8
8
8
8
8
8
8
8
8
8
8
8
8
8
8
3
8
8
8
8
8
8
3
3
3
3
3
3
3
3
3
3
3
3
3
3
3
3
3
3
3
3
8
3
3
3
3
3
3
3
3
3
3
3
19
3
19
13
19
19
13
13
40
6
6
9
17
17
9
9
9
9
40
0
9
9
9
9
9
9
9
9
9
9
9
9
9
9
9
9
9
9
9
9
9
9
9
9
9
9
9
9
9
17
9
9
9
17
17
17
17
17
17
17
17
17
17
17
17
17
17
4
17
4
4
4
17
4
4
4
4
4
4
4
4
4
4
6
4
21
40
6
6
6
6
6
6
6
1
1
1
1
1
1
1
1
1
1
1
1
1
1
1
1
1
1
1
1
1
1
1
1
1
1
1
28
23
23
23
28
28
23
23
28
28
28
28
23
23
23
23
23
23
23
23
23
23
23
23
23
23
23
23
23
23
23
5
5
5
5
5
5
29
29
29
29
29
14
29
29
29
26
29
26
26
26
26
29
26
14
29
26
26
14
29
26
26
14
26
26
14
14
26
14
14
14
26
14
14
14
14
14
14
14
14
14
14
14
26
14
14
14
14
14
14
14
14
12
12
12
14
12
12
12
12
12
12
12
12
35
35
25
25
25
25
25
25
25
25
25
25
25
25
25
25
25
25
25
25
25
25
25
35
35
35
35
35
35
35
35
35
35
35
35
35
35
35
35
35
25
35
16
16
16
16
16
16
16
16
16
16
16
16
24
41
41
41
24
41
41
41
41
24
24
24
24
24
24
24
24
24
24
24
24
16
24
24
24
41
41
41
41
41
41
41
41
41
41
41
41
41
41
41
41
41
41
41
41
10
10
10
10
10
10
10
10
10
10
36
36
36
36
36
36
36
36
36
36
36
36
36
36
36
36
36
36
36
36
36
36
36
36
36
2
2
2
2
2
2
2
2
2
2
2
2
2
2
2
2
2
2
2
2
7
2
2
7
7
7
7
7
7
31
31
7
7
7
7
31
31
31
31
31
31
31
31
31
31
31
31
31
31
31
31
31
31
31
31
31
30
30
30
30
30
30
30
30
27
27
30
27
27
27
30
27
27
27
27
27
27
27
27
27
27
27
27
27
27
27
27
27
27
27
27
27
27
27
27
27
27
27
15
15
15
27
15
15
15
15
21
15
15
21
21
21
21
21
21
21
21
21
21
21
22
22
22
22
22
22
22
22
22
22
22
22
22
22
22
22
22
22
22
39
22
22
22
39
39
39
39
39
39
39
39
38
38
38
38
38
38
38
38
38
38
38
38
38
38
38
38
38
38
38
38
38
38
38
38
38
38
38
38
38
38
38
38
38
38
38
38
38
38
38
38
38
37
37
37
37
37
37
37
37
37
37
37
37
37
37
37
33
37
33
33
33
37
33
37
33
33
33
33
37
33
33
33
33
33
33
33
33
33
33
33
33
40
40
40
40
40
40
40
40
40
40
40
40
40
40
40
40
40
40
40
40
40
40
40
40
40
40
40
40
