6
6
6
20
6
6
6
8
1
1
6
6
1
6
6
6
20
34
10
34
34
10
10
20
20
20
20
20
20
20
42
20
42
8
42
8
8
8
8
8
8
8
8
8
8
8
8
8
8
8
8
8
8
3
3
8
8
3
3
3
8
3
8
3
3
3
3
3
3
3
3
3
3
3
3
3
3
3
3
3
3
3
3
3
3
3
3
19
3
19
3
19
19
19
3
19
19
19
3
13
13
13
13
0
6
6
6
6
0
0
0
0
0
0
0
0
0
0
0
0
9
9
9
9
9
9
9
9
9
9
9
9
9
9
9
9
9
9
9
9
9
9
9
9
9
9
9
17
17
17
17
17
17
17
17
17
17
17
17
17
17
17
17
4
4
4
4
4
4
4
4
4
4
4
4
4
4
4
4
4
4
6
6
6
6
6
6
6
6
6
6
6
6
6
1
1
1
1
1
1
1
1
1
1
1
1
1
1
28
28
28
28
28
28
28
28
28
28
28
23
23
23
23
23
23
23
23
23
23
23
23
23
23
23
23
23
23
23
23
23
23
23
23
23
23
23
23
23
23
23
5
5
5
5
5
5
29
29
29
29
29
29
29
29
29
29
29
29
29
29
29
29
29
29
29
29
29
29
29
29
26
14
14
14
14
14
14
14
14
26
14
26
14
14
14
14
14
14
14
14
14
14
14
14
14
14
14
14
14
14
14
14
14
14
14
14
14
12
12
12
12
12
12
14
26
26
29
25
25
25
25
25
25
25
25
25
25
25
25
25
35
35
35
35
35
35
35
35
35
12
35
35
35
25
25
16
16
16
16
16
16
16
16
16
16
16
16
16
16
16
16
16
16
16
16
16
16
16
16
16
24
24
24
24
24
24
24
24
24
16
24
24
24
24
24
16
16
16
41
41
41
41
41
41
41
41
41
41
41
41
41
41
41
41
24
24
24
24
10
24
10
10
24
24
24
41
24
41
41
41
41
41
10
10
10
10
10
10
10
10
10
10
10
10
10
10
10
10
36
36
36
36
36
36
36
36
36
36
36
36
36
36
36
2
2
2
2
2
2
2
2
2
2
2
2
2
2
2
2
2
2
2
2
2
2
2
2
2
2
7
7
7
7
7
7
7
7
7
7
7
7
7
7
31
7
7
7
31
31
31
31
31
31
31
31
31
31
31
31
31
31
31
31
31
31
30
30
30
30
30
30
30
30
30
27
27
30
30
27
27
27
27
27
27
27
30
27
27
27
27
27
27
27
27
27
27
27
27
27
27
27
27
27
27
27
27
27
27
27
27
15
15
15
15
15
15
21
21
21
21
21
21
21
21
21
21
21
21
21
21
21
21
21
21
22
22
21
21
22
21
21
21
22
22
22
22
22
22
22
22
22
22
22
22
22
39
39
39
39
39
39
39
39
39
39
39
39
39
39
39
39
39
39
39
39
39
39
37
37
37
37
37
37
37
37
37
37
37
37
37
37
37
37
37
37
37
37
37
37
37
37
37
37
37
37
37
37
33
43
43
33
38
38
37
33
37
37
37
38
40
40
40
43
43
40
40
40
40
43
40
43
43
43
43
40
40
40
40
40
40
40
40
40
40
40
43
43
40
40
40
40
40
40
40
40
40
40
40
40
40
40
40
40
40
40
40
40
40
40
40
40
40
40
40
40
40
40
40
40
40
40
40
40
40
40
40
40
40
40
40
40
40
40
40
40
40
40
40
40
40
40
40
40
40
40
40
33
40
40
33
40
40
40
33
40
33
40
33
33
33
33
33
33
33
33
33
33
33
40
40
40
40
40
40
40
40
33
40
33
40
40
40
40
40
40
33
40
40
40
40
40
40
40
33
33
40
40
33
33
33
40
33
33
33
33
33
33
33
40
33
40
40
40
33
40
40
40
33
33
33
40
