8
8
8
8
8
8
34
34
6
6
6
10
34
10
6
34
34
34
34
6
6
6
6
6
6
6
6
6
6
6
6
6
6
42
8
20
42
42
8
8
8
8
8
8
8
8
8
8
8
8
8
8
8
8
8
8
8
8
3
8
3
3
40
3
40
3
40
3
8
3
3
3
3
3
40
3
3
3
3
3
3
3
3
3
3
3
3
3
3
3
3
3
3
3
3
3
3
3
19
3
19
3
19
3
19
3
19
3
19
13
13
13
13
13
13
13
13
13
0
0
0
0
9
9
0
0
0
0
0
0
0
0
0
9
9
9
9
9
0
0
9
9
9
9
9
9
9
9
9
9
9
9
9
9
9
9
9
9
9
9
9
17
17
17
17
17
17
17
17
17
17
17
17
17
17
17
4
4
4
4
4
4
4
4
4
4
4
4
4
4
4
6
6
6
6
6
6
6
6
6
6
6
6
6
6
1
1
1
1
1
1
1
1
28
28
28
28
1
1
28
28
28
28
28
28
28
28
28
28
28
28
28
23
28
23
23
23
23
23
23
23
23
23
23
5
23
23
23
23
23
5
5
5
5
5
5
5
5
5
5
5
5
5
5
5
5
5
5
29
26
29
29
29
29
29
29
29
29
29
29
29
29
29
29
29
26
26
29
29
29
29
29
29
26
26
26
26
26
14
14
14
14
14
14
14
14
14
14
26
14
14
14
14
14
14
14
14
14
14
14
14
14
14
14
14
14
14
14
14
14
12
12
12
26
14
26
26
26
26
14
25
25
25
25
25
25
25
25
25
25
25
25
25
35
35
35
35
35
35
35
35
35
35
12
35
35
35
35
35
35
16
16
16
16
16
16
16
16
16
16
16
16
16
16
16
24
24
24
24
24
24
24
24
24
24
24
24
24
24
24
24
24
24
24
24
24
24
24
24
24
41
41
41
41
41
41
41
41
41
41
41
41
41
41
41
10
10
10
10
10
10
10
10
10
10
10
10
10
36
36
36
36
36
36
36
36
36
36
2
2
2
2
2
2
2
2
2
2
2
2
2
2
2
2
2
2
2
7
7
7
7
7
7
31
31
7
31
31
7
7
31
31
31
31
31
31
31
31
31
31
31
31
31
31
31
31
31
31
31
31
31
31
31
31
30
30
30
30
30
30
30
30
30
30
30
30
30
27
30
27
30
27
27
27
27
27
27
27
27
27
27
27
27
27
27
27
27
27
27
27
27
27
27
27
27
27
27
15
15
15
15
15
15
21
21
21
21
21
21
21
21
21
21
21
21
21
21
21
21
21
21
21
21
21
21
22
21
22
22
22
22
22
22
22
22
22
22
22
22
22
22
39
39
39
22
39
39
39
39
39
39
39
39
39
39
39
39
39
39
39
38
39
39
39
39
39
38
38
38
38
38
38
38
38
38
38
38
38
38
38
38
38
38
38
38
38
38
38
38
38
37
37
37
37
37
37
37
37
37
37
37
37
37
37
18
37
18
18
37
37
37
37
37
37
37
18
37
33
33
33
33
33
33
33
33
33
33
33
33
33
40
33
33
33
33
33
40
40
40
40
40
40
40
40
40
40
40
40
40
40
40
40
40
40
40
40
40
40
