34
10
10
10
10
34
34
34
34
10
10
10
34
8
42
6
8
10
8
6
8
42
8
8
8
8
8
8
8
8
8
8
8
8
8
8
8
8
8
8
8
8
8
8
8
8
8
8
8
8
8
8
8
8
8
8
8
8
8
8
8
8
8
8
8
3
8
8
3
3
3
8
3
3
3
3
3
3
3
3
3
3
3
3
3
3
3
3
3
3
0
0
0
0
0
0
0
0
0
0
0
9
0
0
0
0
0
0
9
9
9
0
0
9
9
9
9
9
9
9
9
9
9
9
9
9
9
9
9
9
17
9
9
17
4
17
17
17
17
17
17
17
17
17
4
4
4
17
4
4
4
4
4
4
4
4
4
4
4
4
4
4
4
4
4
4
4
4
4
6
6
6
6
6
6
6
6
6
6
6
6
6
6
6
6
1
1
1
1
1
1
1
28
1
1
1
1
28
1
1
28
1
1
28
28
28
28
28
28
23
23
28
28
23
28
23
23
23
23
23
23
23
23
23
23
23
23
23
23
23
23
23
23
23
23
23
23
23
23
23
5
5
5
5
5
5
29
29
29
26
26
29
29
29
29
29
29
29
26
26
26
26
26
26
26
26
26
26
26
26
26
26
26
26
26
26
14
26
14
14
14
14
14
14
14
14
14
14
14
14
14
14
14
14
14
14
14
14
14
14
14
12
12
12
12
12
12
12
12
12
12
12
12
12
26
26
26
25
25
25
25
25
25
25
25
25
25
25
25
25
25
35
35
35
35
35
35
35
12
12
35
35
35
35
35
16
16
16
16
16
16
16
16
16
16
16
16
16
16
24
24
24
24
24
24
24
24
24
24
24
24
24
24
24
24
24
24
24
24
24
24
24
41
41
41
41
41
41
41
41
41
41
41
41
41
41
41
41
41
10
10
10
10
10
10
10
10
10
10
10
10
10
10
10
10
10
10
36
36
36
36
36
36
36
36
36
36
2
2
2
2
2
2
2
2
2
2
2
2
2
7
7
7
7
7
7
7
31
31
31
31
31
31
31
31
31
31
31
31
31
31
31
31
31
31
31
31
31
31
31
31
31
31
31
31
31
31
31
30
30
30
30
30
30
30
30
30
30
30
30
30
30
27
30
27
27
30
30
30
27
30
30
27
27
30
30
27
27
27
27
27
27
30
27
15
27
15
27
15
15
15
27
32
15
15
15
15
15
21
21
21
21
21
21
21
21
21
22
21
21
21
21
22
21
21
22
21
21
22
22
22
22
22
22
22
22
22
39
39
39
39
39
39
39
39
39
39
39
39
39
39
39
39
39
39
39
39
39
39
39
39
39
39
38
39
39
38
39
38
37
39
39
39
39
39
39
39
37
37
37
37
37
37
37
37
37
37
37
37
37
37
37
37
37
37
33
33
33
33
33
33
33
37
37
37
37
37
37
37
37
37
33
33
33
33
33
33
40
40
40
40
40
40
40
40
40
40
40
40
40
40
40
40
40
40
40
40
40
40
40
40
40
40
40
40
40
