2
2
2
2
2
2
2
2
2
2
2
2
2
2
2
2
2
2
2
2
2
2
2
2
2
2
2
2
2
2
2
2
2
2
2
2
2
2
2
2
2
2
2
2
2
2
2
2
2
2
2
2
2
2
2
2
1
2
6
6
1
6
1
1
6
6
6
1
6
1
20
8
8
8
8
8
8
8
6
6
6
6
1
1
6
1
6
6
6
6
8
8
8
1
6
6
6
6
1
1
6
1
1
1
1
1
6
6
6
1
6
1
1
6
6
6
6
1
6
6
6
6
6
6
6
6
6
6
6
6
6
6
6
6
6
6
6
6
6
8
8
8
6
6
8
6
8
6
6
6
6
6
6
6
42
8
8
8
8
8
20
20
42
20
42
8
20
20
20
20
20
20
20
42
6
8
8
8
42
8
42
42
20
20
20
8
33
33
40
33
13
2
40
10
43
13
13
13
13
13
13
10
13
13
20
10
10
20
43
10
10
10
10
10
10
10
10
10
10
10
10
10
10
10
10
10
10
10
10
10
10
10
10
10
10
10
10
10
10
10
10
10
10
10
10
10
10
10
10
10
10
10
10
10
10
6
42
6
42
20
6
42
8
42
8
8
8
8
8
8
8
3
3
3
3
3
3
3
3
3
3
19
3
19
19
19
3
3
19
19
19
19
19
19
19
19
19
19
19
19
19
19
19
19
19
19
19
19
19
19
19
19
19
19
19
19
19
19
19
19
19
19
19
19
19
19
19
19
19
19
19
19
19
19
19
19
19
13
13
13
13
13
13
13
13
40
40
13
13
6
6
6
9
0
0
0
0
17
9
9
9
9
9
9
9
9
9
9
9
9
9
9
9
9
9
9
9
9
9
9
9
9
17
17
9
17
17
17
17
17
17
17
17
17
17
17
17
17
17
17
17
4
17
17
17
17
4
4
4
17
4
17
4
4
4
4
5
5
5
6
6
0
6
9
17
13
6
6
6
6
1
1
1
1
1
1
28
1
1
28
28
28
28
28
28
28
28
28
23
28
28
28
28
23
23
28
23
23
23
23
23
23
23
23
23
23
23
23
23
23
23
23
23
23
23
23
23
23
23
23
23
23
23
23
23
23
23
23
23
5
5
5
5
5
5
29
29
29
29
29
14
29
29
29
26
29
29
26
29
26
26
26
26
26
26
26
26
26
26
26
26
26
26
26
26
14
14
14
14
26
14
14
14
14
14
14
14
14
14
14
14
14
14
14
14
14
14
14
14
14
14
14
14
14
14
14
14
12
12
12
14
12
26
25
25
25
25
25
25
25
25
25
25
25
25
25
25
25
25
25
25
25
25
35
35
35
35
35
35
35
35
14
35
35
35
35
35
35
16
16
16
16
16
16
16
24
24
24
24
16
16
16
16
16
16
16
24
24
24
24
24
24
41
41
10
10
10
10
10
16
16
24
24
24
24
24
24
24
41
41
41
41
41
24
41
41
41
41
41
41
41
41
24
41
41
41
41
41
41
41
41
41
41
41
41
41
41
41
41
41
41
41
41
41
41
41
41
41
41
34
10
10
10
34
36
36
36
36
36
36
36
36
36
36
30
36
36
2
7
36
36
2
2
2
7
2
7
2
2
2
2
2
7
7
7
7
7
7
7
7
7
7
7
7
7
31
31
31
31
31
31
31
31
31
31
30
30
30
31
31
31
31
31
31
31
31
31
31
31
31
31
30
30
30
30
30
30
30
30
30
27
30
30
30
27
30
30
27
27
27
27
27
27
27
27
27
27
27
27
27
27
27
27
27
27
27
27
27
27
27
15
27
15
15
15
15
15
15
15
15
21
15
21
15
21
21
21
21
21
21
21
27
21
21
21
21
22
22
22
22
22
22
22
22
22
22
22
22
22
22
22
39
22
39
22
22
39
39
22
39
39
39
39
39
39
39
39
39
39
39
39
39
39
39
39
39
39
39
39
39
39
39
39
39
39
39
39
39
38
38
38
39
39
39
39
39
39
39
39
38
38
38
37
38
37
38
37
37
37
37
37
37
37
37
37
37
37
37
18
37
37
37
37
37
37
37
37
37
37
37
37
37
37
33
37
33
33
33
33
33
33
33
33
33
33
33
33
33
33
33
33
33
33
40
40
40
40
40
40
40
40
40
40
40
40
40
40
40
40
40
40
40
40
