32
20
20
20
20
20
20
20
34
20
20
20
20
20
20
20
20
20
20
13
3
40
1
1
20
1
20
1
20
20
20
6
20
20
20
20
20
6
6
1
20
20
1
1
20
4
20
20
20
6
8
1
20
8
8
6
8
8
8
8
8
8
8
8
8
8
8
8
8
8
8
8
8
8
8
8
8
8
8
3
3
3
8
3
8
8
3
3
3
3
3
3
3
3
3
3
3
3
3
3
3
3
3
3
3
3
3
3
3
3
3
19
19
19
19
19
19
13
3
13
3
13
13
13
13
0
13
0
0
0
0
0
0
0
0
0
0
0
0
9
9
0
0
9
9
9
9
9
9
9
9
9
9
9
9
9
9
9
9
9
9
9
9
9
17
17
17
17
17
17
17
17
17
17
4
4
17
17
4
4
17
4
4
4
4
4
4
4
4
4
4
4
4
4
4
4
4
6
4
6
6
6
6
6
6
6
6
6
6
6
1
1
1
1
1
1
1
1
1
1
1
1
1
1
1
1
1
1
1
1
1
1
28
28
28
28
28
23
28
28
28
28
28
28
23
23
23
28
23
23
23
28
23
23
23
23
23
23
23
23
23
5
5
23
5
5
5
5
5
5
5
5
1
29
29
14
14
29
29
29
14
14
14
29
29
29
29
29
14
29
29
14
14
29
14
14
14
26
14
14
14
29
29
14
14
26
29
14
14
26
14
14
14
14
14
14
14
14
14
14
14
14
14
14
14
14
14
14
14
14
14
14
14
14
12
12
12
12
12
12
12
12
12
12
12
12
12
12
25
25
25
25
25
25
25
25
25
25
25
25
25
25
25
25
25
25
25
35
35
35
35
35
35
35
35
35
10
10
16
16
16
16
16
16
16
16
16
16
16
16
16
16
16
16
16
16
16
24
24
16
16
24
24
24
24
24
16
24
24
24
24
24
24
24
24
24
41
41
41
41
41
41
41
41
41
41
41
41
41
41
41
41
41
41
41
41
10
6
10
10
10
10
10
10
10
10
10
10
10
10
10
10
10
36
36
2
36
36
36
36
36
36
36
36
36
36
36
36
36
36
36
36
36
36
36
36
36
36
36
36
36
36
36
2
2
2
31
36
36
36
2
36
36
36
36
36
36
7
36
36
36
36
36
36
36
43
32
36
36
36
40
36
36
40
33
30
30
30
30
30
30
30
30
0
27
27
27
30
27
30
30
30
30
30
30
30
30
30
30
27
30
30
30
30
30
31
30
31
31
7
31
30
30
31
7
7
2
2
2
2
2
2
2
2
2
2
2
2
2
2
2
2
2
2
2
2
7
7
7
7
7
7
36
7
31
31
31
31
31
31
31
31
31
31
31
31
31
31
31
31
31
31
31
31
31
31
31
31
31
31
31
31
31
31
31
31
31
31
31
30
30
30
31
30
30
30
30
30
30
30
30
30
27
30
27
27
27
30
27
27
27
27
27
27
27
27
27
27
27
27
27
27
27
27
15
15
15
27
15
15
15
15
15
15
15
15
15
15
21
21
21
21
21
21
30
40
40
40
21
21
21
21
21
21
21
21
21
21
21
21
21
22
22
22
22
22
22
22
22
22
22
22
22
22
22
22
39
39
39
39
39
39
39
39
22
39
39
39
39
39
39
39
39
39
39
39
22
22
39
39
39
39
39
39
39
39
39
39
39
39
39
39
39
39
39
39
39
39
39
39
39
39
39
39
39
39
39
39
39
39
39
39
39
39
38
38
38
38
38
38
38
38
38
38
38
38
38
38
38
38
38
38
38
38
37
37
37
37
37
37
37
37
37
37
37
37
37
37
37
33
18
37
18
37
18
18
18
37
37
37
37
37
33
18
37
37
33
33
33
33
33
33
33
33
33
33
33
33
33
33
40
40
40
40
40
40
40
40
40
40
40
40
40
40
40
40
40
40
40
40
40
40
40
40
40
