20
20
20
20
20
20
20
6
34
20
20
34
34
20
20
20
20
34
20
34
32
34
34
34
34
34
34
34
20
20
20
34
34
34
34
34
10
20
42
42
8
8
8
42
8
8
8
8
8
8
8
8
8
8
8
8
8
8
8
8
8
8
8
8
8
8
8
3
3
8
3
3
3
3
3
3
3
3
3
3
3
3
3
3
3
3
3
3
3
3
3
3
3
3
3
3
3
3
19
19
19
19
3
13
13
13
13
13
13
13
13
13
13
0
0
0
9
9
17
9
9
9
9
9
9
9
9
9
9
9
9
9
9
9
9
9
9
9
9
9
9
9
9
9
17
9
9
9
17
17
17
17
9
17
17
17
17
17
17
17
17
17
17
17
17
17
4
4
4
4
17
4
4
4
4
4
4
4
4
4
4
4
4
4
6
6
6
6
6
6
6
6
6
6
6
1
1
1
1
1
1
1
1
1
1
1
1
1
1
1
1
1
1
1
1
1
1
1
1
1
1
1
1
1
1
1
1
1
1
1
1
28
28
28
28
28
28
28
1
28
28
28
28
23
23
23
23
23
23
23
23
23
23
23
5
5
5
5
5
5
29
5
29
29
29
5
29
29
29
29
29
29
29
29
29
29
29
29
29
29
29
5
29
29
29
29
29
29
29
29
29
29
29
29
29
29
29
29
29
29
29
29
26
26
14
29
14
26
26
14
14
14
14
14
14
14
14
14
14
14
14
12
12
12
12
12
14
14
14
25
25
25
25
25
25
25
25
25
25
25
25
25
25
25
25
25
25
25
25
25
25
25
35
35
35
35
35
35
35
35
35
35
35
35
35
35
35
35
35
35
35
10
10
10
35
16
16
35
16
35
35
35
35
16
16
16
16
16
16
16
16
16
16
16
16
16
16
16
16
24
24
24
10
41
41
24
10
10
10
24
10
41
41
41
41
41
41
41
41
41
41
41
41
41
41
41
41
41
41
41
41
41
41
41
41
41
41
41
41
10
10
10
10
10
36
36
36
36
36
36
36
36
36
36
36
36
36
36
2
36
36
36
36
36
36
2
2
2
2
2
2
2
2
2
2
2
2
2
2
2
7
7
7
7
7
7
7
7
7
7
7
7
7
7
7
7
7
7
7
31
31
31
31
31
31
31
31
31
31
31
31
31
31
31
31
31
30
30
30
30
30
30
30
30
30
30
30
30
30
30
27
30
30
27
27
30
30
27
27
30
30
30
27
30
30
27
27
27
27
27
27
30
15
15
15
15
15
15
15
15
15
15
15
15
15
15
21
21
21
21
21
21
21
21
21
21
21
21
21
21
21
21
21
21
22
21
21
21
22
22
21
22
22
22
22
22
22
21
22
21
22
22
22
21
39
39
39
39
39
39
39
39
39
39
39
39
39
39
39
39
39
39
39
39
39
39
39
39
39
39
39
39
39
39
39
39
39
39
38
38
37
37
37
37
37
37
37
37
37
37
37
37
37
37
37
37
37
37
37
37
37
37
37
37
37
37
37
37
33
33
33
33
33
33
33
33
33
33
33
33
33
33
40
40
33
33
40
40
40
40
40
40
40
40
40
40
40
40
40
40
40
40
40
40
40
40
40
