2
2
2
2
2
2
2
2
2
2
2
2
2
2
2
2
2
2
2
2
2
2
2
2
2
2
2
2
2
2
2
2
2
2
6
2
2
6
34
42
6
6
10
2
6
6
6
8
8
8
42
8
6
8
8
6
6
8
8
8
8
8
42
8
8
8
8
8
42
8
42
42
42
8
8
8
8
8
8
8
8
8
8
8
8
8
8
8
8
8
8
8
8
8
8
8
8
8
8
8
8
8
8
8
8
8
8
8
40
3
3
3
13
3
3
3
40
3
3
3
40
3
3
3
40
3
3
3
40
3
3
3
40
3
19
19
3
3
19
19
40
3
19
19
19
19
19
19
19
19
19
19
19
3
19
19
19
19
19
19
19
19
3
19
19
19
19
19
40
19
19
13
40
13
13
13
13
13
13
0
9
9
0
0
9
17
0
0
0
0
0
9
9
9
9
9
9
9
9
9
9
9
9
9
9
9
9
9
9
9
9
9
9
9
9
9
9
9
9
9
9
17
17
17
17
17
17
17
17
17
17
17
4
17
17
4
4
4
4
4
4
4
4
4
4
4
4
6
6
4
17
13
12
4
4
6
6
6
6
6
6
6
6
6
6
6
6
6
13
28
23
23
23
23
23
23
23
23
23
23
23
23
6
1
1
1
28
1
28
1
23
23
23
23
23
23
23
23
23
23
23
23
23
23
23
23
23
23
23
23
23
23
23
23
23
23
5
5
23
23
5
5
23
5
5
5
5
23
5
5
5
5
5
5
14
14
14
29
14
14
29
26
26
14
29
14
14
14
29
29
29
14
14
14
14
14
14
14
26
14
14
14
14
14
14
14
14
14
14
14
14
14
14
14
14
14
14
14
14
14
14
14
14
14
14
14
14
14
14
14
14
14
14
14
14
12
12
12
12
12
12
12
25
25
25
25
25
25
25
25
25
25
25
25
25
25
25
25
25
25
35
35
25
35
35
35
35
35
35
35
35
35
35
35
12
12
12
25
35
25
25
35
16
16
16
16
16
16
16
16
16
16
16
16
16
16
16
16
24
24
24
24
24
24
24
24
24
24
16
24
24
24
24
24
24
24
24
24
41
41
41
41
41
41
41
41
41
41
41
41
41
41
41
41
24
24
40
10
10
10
10
10
10
10
10
10
10
10
10
10
10
10
10
10
36
36
36
36
36
36
36
36
30
36
30
36
30
30
30
30
36
7
2
2
2
2
2
2
2
2
2
2
2
7
7
7
7
7
7
7
7
7
7
31
31
31
31
31
31
31
31
31
31
31
31
31
31
31
31
31
31
31
31
31
31
31
31
31
31
31
31
31
31
30
30
30
30
30
30
30
30
30
30
30
30
30
30
30
30
30
30
27
27
27
27
27
27
27
27
27
27
27
27
27
27
27
27
27
27
27
27
27
27
27
27
27
27
27
27
27
15
15
15
15
15
15
15
21
21
21
21
31
30
39
22
22
22
22
22
22
22
22
22
22
21
22
22
22
22
22
22
22
22
22
39
21
39
22
22
39
39
39
39
39
39
39
39
39
39
39
39
39
39
39
39
39
37
39
32
43
43
40
43
43
43
43
43
43
43
43
32
43
43
43
43
43
43
43
43
43
43
43
32
43
43
38
38
43
43
43
43
43
43
43
43
43
43
43
43
43
43
43
43
38
38
38
38
38
38
38
38
38
38
38
38
38
38
38
43
38
38
38
43
38
37
43
37
37
37
43
37
37
43
37
37
43
37
33
37
37
37
33
37
33
37
37
37
37
33
37
37
37
33
33
33
33
33
37
33
33
33
33
33
33
33
33
40
40
40
40
40
40
40
40
40
40
40
40
40
40
40
40
40
40
40
40
40
40
40
40
40
