2
2
2
2
2
2
2
2
2
2
2
2
2
2
2
2
2
2
34
2
2
2
34
2
2
2
2
2
2
2
34
2
34
2
34
34
34
34
34
34
34
6
34
20
6
34
34
34
34
8
20
20
20
20
42
42
20
6
20
20
20
20
20
42
20
20
20
20
20
20
20
20
20
42
20
20
42
42
42
42
42
42
42
8
8
8
8
8
8
8
8
8
8
8
8
8
8
8
8
8
8
3
8
3
3
3
3
3
3
3
3
3
3
3
3
3
3
3
3
3
3
3
3
3
3
3
3
19
19
19
3
19
19
3
19
19
19
19
19
19
19
19
19
19
19
19
13
13
13
13
13
6
13
13
6
6
6
0
0
0
0
0
0
0
0
0
0
9
9
9
9
9
9
9
9
9
9
9
9
9
9
9
9
9
9
9
9
9
9
9
9
9
9
9
9
9
9
9
9
9
9
17
9
17
17
17
17
17
17
17
17
17
17
17
17
17
17
17
17
4
17
17
6
6
4
6
6
5
6
6
6
6
0
9
6
6
6
6
1
6
6
1
1
1
1
1
1
1
1
1
1
1
1
1
1
1
1
28
28
1
28
28
28
28
23
28
28
28
28
28
28
28
28
28
28
23
23
23
23
23
23
23
23
23
23
23
23
23
23
23
23
23
23
23
5
5
23
5
5
5
5
5
5
5
5
14
14
14
14
14
29
26
29
14
29
29
29
14
14
26
14
14
14
14
14
14
14
14
14
14
14
14
14
14
14
14
14
14
14
14
14
14
14
14
14
14
14
14
14
14
14
14
14
14
14
12
14
14
14
14
14
12
12
12
14
12
12
12
12
12
12
12
14
14
14
14
25
25
25
25
25
25
25
25
25
25
25
25
25
25
25
35
35
35
35
35
35
35
35
35
35
35
35
35
35
35
35
14
12
35
35
35
35
16
16
16
16
16
16
16
16
16
16
16
16
16
16
16
16
16
24
24
24
24
16
24
16
24
24
16
16
24
24
24
24
24
24
24
24
24
24
41
41
41
41
41
41
41
41
41
41
41
24
24
24
34
10
10
10
10
10
10
10
10
10
10
10
10
10
10
10
36
36
36
36
36
36
36
36
36
36
36
36
36
36
2
2
2
2
2
2
2
2
2
2
2
2
7
2
2
7
7
7
7
7
7
7
7
7
7
7
7
7
7
7
7
7
7
7
7
7
7
7
7
7
36
36
36
30
30
30
30
30
7
7
7
7
7
7
7
7
31
31
31
31
7
7
31
31
31
31
31
31
31
31
31
31
31
31
31
31
31
31
31
31
31
31
31
31
31
31
30
30
30
30
30
30
30
30
30
27
27
27
27
27
27
27
27
27
27
27
27
27
27
27
27
27
27
27
27
27
27
15
15
27
15
27
15
27
27
15
15
15
15
15
15
15
15
21
21
21
21
21
21
21
21
21
21
21
22
21
21
22
22
22
22
22
22
22
22
22
22
22
22
22
22
22
22
22
22
22
22
22
22
22
22
22
22
22
22
22
39
39
39
39
39
39
38
38
38
38
38
38
38
39
38
38
38
38
38
38
38
38
38
38
38
38
38
38
38
38
38
38
38
38
38
38
38
38
38
38
38
38
38
38
38
38
38
38
37
38
38
38
38
38
38
38
38
38
38
38
38
38
37
38
38
38
37
38
37
38
38
38
38
38
38
38
37
38
38
38
38
38
38
38
37
38
37
37
37
37
37
37
33
33
33
37
37
37
37
37
37
37
18
33
33
33
37
33
18
18
18
33
18
33
33
33
33
33
40
33
33
33
33
33
33
33
33
33
40
40
40
40
40
40
40
40
40
40
40
40
40
40
40
40
40
40
40
40
40
40
40
40
40
40
40
40
