2
2
34
20
20
20
42
42
42
42
42
42
42
6
8
8
8
8
8
8
8
8
8
8
8
8
8
8
8
8
8
8
8
8
8
8
8
8
8
8
8
8
8
8
8
8
8
8
3
8
8
8
8
8
8
8
8
8
8
8
8
8
8
8
8
8
8
8
8
8
8
8
8
8
8
8
8
8
3
8
8
3
3
8
8
8
3
3
8
3
8
3
3
3
3
3
3
3
3
3
8
8
13
3
13
8
6
8
0
0
0
0
0
0
0
0
0
0
0
0
0
0
0
0
0
0
0
9
0
9
9
9
9
9
9
9
0
9
9
9
0
0
9
9
9
9
9
9
9
9
9
17
17
17
17
17
17
17
17
17
4
17
17
17
4
4
4
4
4
4
4
4
4
4
4
4
6
6
6
6
6
13
6
6
6
8
1
12
1
6
6
1
1
1
1
1
1
1
1
1
1
1
1
1
1
1
1
1
40
1
1
1
1
1
23
1
1
1
23
1
1
1
1
23
23
1
13
23
23
1
13
23
23
1
13
23
5
23
5
23
23
40
13
5
5
5
5
40
5
40
5
5
5
5
5
1
5
1
5
40
5
1
1
1
12
12
40
40
40
14
14
14
40
14
12
14
12
14
14
14
14
14
14
14
14
14
14
14
14
14
14
14
14
14
14
12
14
14
14
14
14
14
14
14
14
14
14
14
14
14
14
14
14
14
14
14
14
14
14
14
14
14
40
40
40
14
40
40
12
40
12
40
25
25
25
25
25
25
25
25
25
25
25
25
25
25
25
25
35
35
35
35
35
35
35
35
35
35
35
35
35
35
35
40
35
40
40
35
25
25
25
35
16
16
16
16
16
16
16
16
16
16
16
16
16
16
16
16
16
24
24
24
24
24
24
24
24
24
24
24
24
24
24
24
24
24
24
24
24
24
24
24
41
41
41
24
41
41
41
41
41
41
41
41
41
41
41
24
24
24
10
10
24
24
24
24
24
24
24
24
10
10
10
10
10
10
10
10
10
10
10
10
10
36
36
36
36
36
36
36
36
36
36
2
2
2
2
2
2
2
2
2
2
2
2
7
7
7
7
7
7
7
7
7
7
31
31
31
31
31
31
7
7
7
31
31
31
31
31
7
31
31
31
31
31
31
31
31
31
31
31
31
31
31
31
31
30
30
30
30
30
30
30
30
30
30
30
30
30
30
30
30
30
30
30
30
30
30
30
30
30
30
30
30
30
27
30
30
30
27
27
30
30
27
30
30
30
30
30
30
30
30
31
31
30
21
31
31
30
30
31
31
30
31
30
30
30
30
30
30
30
30
30
30
30
30
30
30
30
30
30
30
30
30
30
30
30
30
30
30
30
30
30
30
30
30
30
30
30
30
30
30
30
30
30
30
30
30
30
30
30
30
30
30
30
30
30
30
30
30
30
30
30
30
27
30
30
30
27
30
30
30
27
30
30
27
15
15
21
21
15
13
21
15
15
4
21
4
21
4
4
21
4
17
21
15
15
21
21
21
21
21
22
39
39
39
21
21
21
21
21
21
21
21
21
21
21
22
22
39
39
39
39
39
39
39
39
39
39
39
39
39
39
39
39
39
39
39
39
39
39
39
39
39
38
38
38
38
38
38
38
38
38
38
38
38
38
38
38
38
38
38
38
38
38
38
38
38
38
38
38
38
38
38
38
38
38
38
38
38
38
38
38
37
37
37
37
37
37
37
37
37
37
37
37
37
37
37
37
37
37
37
37
37
37
37
37
37
37
37
37
18
18
33
33
33
33
33
33
33
33
18
33
33
33
33
33
40
33
33
33
33
33
33
40
40
40
40
40
40
40
40
40
40
40
40
40
40
40
40
40
40
