34
34
20
34
20
20
20
34
34
34
34
34
20
34
20
20
20
6
6
8
42
42
20
8
8
20
8
8
8
8
8
8
8
8
8
8
8
8
8
3
3
3
3
3
19
3
3
3
3
3
3
3
3
3
3
3
19
3
3
3
19
3
3
3
3
3
19
3
19
3
3
19
19
3
19
19
19
19
19
19
13
3
13
13
13
13
13
13
0
0
6
6
6
6
6
6
6
0
6
6
6
0
6
6
6
0
6
6
6
6
6
6
6
6
6
6
9
0
6
6
6
0
6
17
6
0
6
6
6
9
6
6
9
9
4
4
4
17
6
4
17
17
4
17
17
4
17
4
4
4
4
4
4
4
6
6
6
13
13
6
1
1
6
1
1
5
5
5
6
1
1
1
1
5
13
13
13
13
0
0
9
0
0
13
0
6
13
13
9
9
0
0
9
0
0
0
0
13
1
1
1
1
1
1
1
1
1
1
1
1
1
1
1
1
1
1
1
1
1
1
1
1
1
1
1
1
1
1
1
1
1
1
1
1
28
28
28
28
23
23
23
28
23
23
23
23
23
23
23
23
23
23
23
23
23
23
23
5
5
5
5
5
5
5
5
5
5
29
29
29
29
29
29
29
29
29
29
29
29
29
29
29
29
29
29
26
26
29
29
29
29
29
29
26
29
29
29
26
26
26
14
26
26
14
14
14
14
14
14
14
14
14
14
14
14
14
14
14
14
14
14
14
14
14
14
14
14
14
12
12
12
12
12
12
12
25
25
25
25
25
25
25
25
25
25
25
25
25
25
25
25
25
25
25
25
25
35
35
35
35
35
35
12
35
35
35
25
25
35
35
35
16
16
16
16
16
16
16
16
16
16
24
16
16
24
24
24
24
24
24
24
24
24
24
24
24
24
24
24
24
24
24
24
24
24
41
41
41
41
41
41
41
41
41
41
41
41
41
41
41
41
10
10
10
10
10
10
10
10
10
10
10
10
10
10
10
10
10
10
36
36
10
36
36
36
36
36
36
36
36
36
36
36
36
36
36
36
36
36
36
36
36
36
36
36
36
36
36
36
36
36
36
2
2
2
2
2
2
2
2
2
2
2
2
2
2
2
2
2
2
2
2
2
2
2
2
2
2
2
2
2
2
2
2
2
7
7
7
31
31
31
31
31
31
31
31
31
31
31
31
31
31
31
31
31
31
30
31
31
31
31
31
31
31
31
31
30
31
30
30
27
30
30
30
30
30
30
30
30
30
30
30
27
30
30
30
27
27
27
27
27
27
27
27
27
27
27
27
27
27
27
27
27
27
27
27
27
15
15
15
27
15
15
15
15
15
15
15
15
15
15
21
22
21
21
21
21
34
21
21
21
21
21
21
21
21
21
21
21
21
21
21
21
21
21
21
21
21
34
21
21
21
21
21
21
21
21
21
21
21
22
22
22
22
22
22
22
22
22
22
22
22
22
22
39
39
39
39
39
39
39
39
39
39
39
39
39
39
39
39
39
39
39
39
39
39
39
39
39
39
39
39
39
39
39
39
39
39
39
39
39
38
38
38
38
38
38
38
38
38
37
37
37
37
37
37
37
37
37
37
37
37
37
37
37
37
37
37
37
37
37
37
37
37
37
37
37
37
37
33
33
33
33
33
33
33
37
33
33
33
33
33
33
33
33
33
33
40
40
40
40
40
40
40
40
40
40
40
40
40
40
40
40
40
40
40
40
40
