1
34
2
34
34
34
34
2
2
2
34
2
34
34
34
34
34
32
20
20
20
20
20
20
20
20
20
20
20
4
4
6
19
20
20
20
6
6
6
20
1
6
6
6
20
6
1
1
1
1
1
3
13
13
13
3
3
8
1
1
1
5
1
5
8
8
8
8
8
8
5
8
8
8
5
8
8
8
8
8
8
8
8
8
3
8
8
1
1
8
8
3
3
3
3
3
3
3
3
8
3
3
8
3
8
3
3
5
3
3
3
3
3
3
3
3
3
3
3
3
3
19
19
19
19
3
19
19
3
19
19
19
19
3
3
19
3
5
5
5
5
1
5
13
13
13
0
13
0
13
0
0
13
0
17
0
9
9
9
9
17
9
9
9
9
9
9
9
9
9
9
9
9
17
9
9
9
17
17
17
17
17
17
17
17
17
9
17
17
17
17
17
17
17
17
17
17
17
17
17
17
17
4
4
4
4
4
4
4
6
4
4
4
4
13
6
4
17
15
6
6
6
6
6
6
6
10
10
10
35
12
1
6
5
23
23
29
23
5
29
14
5
5
29
5
5
5
5
5
5
5
5
5
5
5
5
5
5
5
5
5
5
5
14
14
5
5
5
5
14
5
14
14
14
5
14
14
5
5
14
14
14
5
14
14
14
14
14
14
14
4
14
12
14
12
14
12
14
12
29
14
12
12
12
12
12
1
29
29
29
29
29
12
12
12
26
12
29
12
12
12
12
12
29
12
12
12
26
12
12
12
26
12
12
12
12
12
12
12
12
12
12
12
26
12
12
12
12
12
29
12
12
12
12
12
14
12
12
12
12
12
12
12
12
12
12
28
12
12
12
12
25
25
25
25
25
25
25
25
25
25
25
25
25
25
25
25
25
35
35
35
35
35
35
35
35
35
35
35
35
35
35
35
35
35
12
12
12
12
35
35
16
16
16
16
16
16
16
16
24
16
16
16
16
24
16
16
24
24
24
16
24
24
24
24
24
24
24
24
24
24
16
16
24
24
24
41
41
41
41
41
41
41
41
41
41
41
41
41
41
41
41
41
41
41
41
41
41
41
41
41
41
41
35
10
10
10
10
10
10
10
10
10
10
10
17
10
9
36
36
36
36
36
36
36
36
36
36
36
36
36
36
36
36
36
36
36
36
36
36
36
36
36
36
36
36
36
36
30
36
36
7
7
7
2
2
2
2
2
2
2
2
2
2
2
7
7
7
7
7
7
2
7
7
7
7
7
7
7
7
7
7
36
36
7
31
31
31
30
30
30
30
36
30
36
30
30
30
30
31
30
30
30
30
30
30
30
30
30
30
30
30
30
30
30
30
30
30
30
30
30
30
30
30
30
30
30
30
30
30
30
30
30
30
30
30
30
30
30
30
30
30
30
30
30
30
30
30
30
30
30
27
27
30
30
27
15
27
27
27
15
15
27
21
39
21
15
15
27
30
30
22
22
30
22
21
21
21
21
21
21
22
22
22
22
22
22
22
22
22
22
22
22
22
39
39
22
39
39
39
22
39
39
39
39
22
22
22
22
22
22
22
22
22
22
22
22
39
39
39
39
39
39
39
39
39
39
39
39
39
39
39
39
39
39
39
39
39
39
39
39
39
39
39
38
38
38
38
38
38
38
38
38
38
38
38
38
38
38
38
38
38
38
38
38
38
37
38
38
38
37
38
37
38
38
38
38
38
38
38
38
38
38
38
38
38
37
37
37
37
37
37
37
37
33
37
37
33
37
18
37
37
33
33
33
33
33
33
33
33
33
18
33
33
33
33
33
33
33
33
33
33
33
33
33
33
33
33
40
40
40
40
40
40
40
40
40
40
40
40
40
40
40
40
40
40
40
40
40
40
40
40
40
40
40
40
