2
2
2
0
2
2
2
2
2
2
2
2
2
2
2
2
2
2
2
2
2
2
10
1
2
8
8
1
1
1
1
1
6
6
1
1
1
1
1
1
2
1
1
1
6
1
1
1
6
6
13
13
13
13
13
1
1
1
1
13
13
6
13
13
13
13
13
13
13
6
1
13
13
13
13
0
13
6
13
1
13
13
13
1
8
6
8
8
6
13
8
8
8
8
8
8
8
8
8
8
8
8
8
8
8
8
8
8
8
6
8
1
8
8
42
8
8
8
8
8
8
8
8
8
8
42
8
8
8
8
42
8
8
8
8
8
8
8
8
8
8
8
8
8
8
8
8
8
8
8
8
8
8
8
8
8
8
8
8
3
3
8
8
3
3
3
3
3
3
3
3
3
3
3
3
3
3
3
3
3
3
3
3
3
3
3
3
3
3
3
19
19
3
3
19
19
3
19
19
19
19
19
19
19
19
19
19
19
19
19
19
19
19
13
13
9
0
13
13
13
13
0
0
0
0
0
0
9
9
9
9
0
9
9
9
9
9
9
9
9
9
9
9
9
9
9
9
9
9
9
9
9
9
9
9
9
9
9
9
9
17
9
17
17
17
17
17
17
17
17
17
17
17
17
17
17
17
4
4
17
17
17
4
4
4
4
4
4
4
4
4
4
4
4
4
6
6
6
6
6
6
6
6
6
6
6
6
6
1
1
1
1
1
1
28
28
28
28
28
28
23
28
28
28
28
28
23
23
28
23
23
28
28
23
28
23
23
23
23
23
23
23
23
23
23
23
23
23
23
23
23
23
23
23
23
23
23
23
23
23
23
23
23
5
5
5
5
5
14
26
29
29
29
26
29
29
26
26
29
29
29
29
29
29
29
26
26
26
29
26
26
26
26
14
26
26
26
14
26
14
26
14
14
14
26
14
14
14
26
14
14
14
14
14
14
14
14
14
14
14
14
14
14
14
14
14
12
12
14
14
12
12
12
12
12
12
29
26
26
12
25
25
25
25
25
25
25
25
25
25
25
25
25
25
25
35
35
35
35
35
35
35
35
35
35
35
35
35
35
35
10
35
10
10
35
16
10
10
10
10
16
16
16
16
16
16
16
16
16
16
16
16
16
16
16
16
16
24
24
24
24
24
24
24
24
24
24
41
24
24
41
41
41
41
41
41
41
41
41
41
41
41
41
41
41
41
41
41
41
41
41
41
41
41
41
41
10
10
10
36
10
36
36
36
36
36
36
36
36
36
36
36
36
36
2
36
36
36
36
36
2
2
2
2
2
2
2
2
2
2
7
7
7
7
7
7
7
7
7
7
7
7
31
7
7
7
7
7
7
7
31
31
31
31
31
31
31
31
31
31
7
31
31
31
31
31
31
31
31
31
31
30
30
30
30
30
30
30
30
30
30
30
30
30
30
30
30
30
30
30
30
30
30
30
30
30
30
30
30
30
27
27
27
27
27
27
27
27
27
27
27
27
27
27
27
15
15
15
15
15
15
40
40
21
21
15
21
15
15
21
21
21
21
21
21
21
21
21
21
21
21
21
21
21
21
21
21
22
22
21
21
21
21
21
21
21
21
21
21
21
21
21
21
21
21
21
22
22
22
22
22
22
22
22
22
22
22
22
22
22
39
22
39
39
39
21
22
21
22
21
22
22
22
22
22
22
22
22
22
22
22
22
39
39
39
22
22
39
39
22
22
39
39
39
39
39
39
39
39
39
39
39
39
39
39
39
39
39
39
39
39
39
39
38
38
39
38
38
38
38
38
38
38
38
38
38
38
38
38
38
38
38
38
38
38
38
38
37
38
37
37
37
37
37
37
37
37
37
37
37
37
37
37
37
37
37
37
37
37
37
37
37
37
33
37
37
37
33
33
33
33
33
33
33
33
33
33
40
40
40
40
40
40
40
40
40
40
40
40
40
40
40
40
40
40
40
40
40
40
40
40
40
40
40
40
