13
13
10
10
34
20
6
6
6
6
6
20
20
20
20
20
20
20
20
20
6
20
20
20
20
20
20
8
6
6
6
4
6
6
10
13
13
20
6
13
6
20
6
6
6
20
8
6
6
20
6
6
20
20
6
6
4
6
6
6
6
20
6
6
6
6
6
8
8
8
40
8
8
8
8
8
8
8
3
8
3
8
3
3
3
3
3
3
3
8
3
3
3
8
3
3
3
3
3
3
3
3
3
3
3
3
3
3
3
3
3
3
3
3
3
3
3
3
40
40
13
8
40
40
6
8
40
8
6
8
8
8
8
8
40
6
13
3
13
13
1
19
13
13
13
3
1
13
13
13
1
13
13
3
40
13
13
19
40
13
13
19
40
13
13
19
40
13
13
19
40
13
13
19
40
13
3
19
40
13
3
19
40
13
3
19
40
19
13
19
40
13
13
13
9
6
13
13
6
25
25
25
25
25
25
25
0
0
0
0
0
9
9
9
9
9
9
9
9
9
9
9
9
9
9
9
9
9
9
9
9
9
9
9
9
9
9
9
9
9
17
17
17
17
17
17
17
17
17
17
17
17
17
17
17
17
17
17
17
17
17
17
4
4
4
4
4
4
40
4
21
4
4
4
4
6
6
6
6
6
6
6
6
6
6
6
1
1
1
1
1
1
1
1
1
1
1
1
1
1
28
28
28
28
28
28
28
28
28
23
23
23
28
23
23
23
23
23
23
23
23
23
23
23
23
23
23
23
23
23
23
23
23
23
23
23
23
23
23
23
23
23
23
23
23
23
5
5
5
5
5
5
14
26
26
29
26
29
29
29
26
29
26
29
29
29
29
29
29
29
29
29
29
29
29
29
29
29
29
29
29
29
26
29
26
26
26
29
26
26
26
29
26
26
26
26
26
26
26
26
26
14
14
26
26
14
14
14
14
12
14
14
14
12
12
26
26
12
12
26
26
26
26
25
25
25
25
25
25
25
25
25
25
25
25
25
25
25
35
35
35
35
35
35
35
35
35
35
35
35
35
25
35
16
16
16
16
16
16
16
16
16
16
16
16
16
24
24
24
24
24
24
24
24
24
24
24
24
24
24
24
24
24
24
24
24
41
41
41
41
41
41
41
41
41
41
41
41
41
41
41
41
41
41
41
41
41
41
10
10
10
10
10
10
10
10
10
10
10
10
10
36
36
36
36
36
36
36
36
36
36
36
36
36
36
36
36
36
36
36
36
36
2
2
2
2
2
2
2
2
2
2
2
2
2
2
2
2
2
2
2
2
7
2
2
2
7
7
7
7
7
7
7
7
31
7
7
31
31
31
31
31
31
31
7
31
31
31
31
31
31
31
31
31
31
31
31
31
31
31
30
30
30
30
30
30
30
30
30
30
30
30
30
30
30
30
30
30
27
27
30
30
27
27
30
30
27
30
30
30
30
30
15
27
15
27
30
27
27
27
30
30
27
30
30
30
27
15
15
15
15
15
15
21
21
21
21
21
21
33
33
33
40
21
21
21
21
21
22
21
21
21
21
22
21
21
21
22
22
22
22
22
22
22
39
39
39
39
39
39
39
39
39
39
39
39
39
39
39
39
39
39
39
39
39
39
39
38
38
38
38
38
38
38
38
38
38
38
38
38
38
38
38
38
38
38
38
38
38
38
37
37
37
33
33
33
33
33
33
33
33
33
33
33
33
33
33
33
33
33
33
33
33
33
33
33
33
33
33
33
33
33
33
33
33
33
33
33
33
33
33
33
33
33
33
33
33
40
40
40
40
40
40
40
40
40
40
40
40
40
40
40
40
40
40
40
40
40
40
40
40
40
