2
34
34
34
2
2
34
34
34
34
34
2
34
34
2
34
34
34
34
34
34
34
34
34
34
1
1
1
34
1
1
1
1
34
34
20
34
20
20
20
20
20
20
20
20
20
20
20
42
42
20
20
20
20
20
20
20
20
20
20
20
20
42
20
8
8
42
20
20
42
20
42
20
20
20
20
42
42
20
42
42
42
8
8
42
6
6
6
6
6
6
6
8
8
8
6
8
8
8
8
8
8
8
8
8
8
8
8
8
8
3
8
3
3
3
3
8
8
3
3
8
19
19
19
19
3
19
19
19
3
19
3
19
19
19
19
19
3
19
19
3
3
19
19
19
19
19
19
19
19
19
19
19
19
19
19
19
13
13
4
13
13
0
13
0
0
0
9
0
0
0
9
9
9
0
0
9
0
9
0
9
9
9
9
9
9
9
9
9
9
9
9
9
9
9
9
9
9
9
9
17
17
9
17
17
17
17
17
17
17
17
17
17
17
17
17
17
17
17
4
4
4
4
4
17
4
4
4
4
4
4
0
4
4
4
0
4
6
6
4
6
6
6
8
6
6
6
6
6
6
6
6
6
6
1
1
1
1
1
1
1
1
1
1
1
1
1
1
1
1
1
1
1
1
28
28
1
1
28
28
1
1
28
23
1
28
28
28
28
28
28
28
28
28
23
28
23
23
23
23
23
23
23
23
23
23
23
23
23
23
23
23
23
23
23
5
5
5
5
5
28
29
29
28
29
29
29
29
29
29
29
29
1
29
29
29
29
5
29
29
29
29
29
29
29
29
29
29
29
5
29
29
29
29
29
29
29
29
29
29
14
28
29
14
12
29
26
12
14
29
14
14
14
14
26
26
14
14
14
14
14
14
12
12
12
12
12
12
12
12
12
12
25
25
25
25
25
25
25
25
25
25
25
25
25
25
25
25
25
25
25
25
25
25
25
25
25
25
35
25
25
25
25
25
35
35
35
35
35
35
35
35
10
10
10
16
16
16
16
16
16
16
16
24
24
16
24
24
16
24
24
24
24
24
24
24
24
24
24
41
41
41
41
41
41
41
41
41
41
41
41
41
41
41
41
41
41
41
41
41
41
41
41
41
41
41
41
41
10
10
10
10
10
10
10
36
36
36
36
36
36
36
36
36
36
36
36
36
2
36
36
2
2
2
2
2
2
2
2
2
2
7
2
2
2
2
7
7
7
7
7
7
7
7
7
7
7
7
7
31
31
31
31
31
31
31
31
31
31
31
31
31
31
31
31
31
31
31
31
31
31
31
30
30
30
30
30
30
30
30
30
30
30
30
30
30
30
27
27
27
27
27
27
27
27
27
27
27
30
27
27
27
27
27
27
27
27
27
27
27
15
15
27
27
27
15
27
15
15
15
15
15
15
21
21
21
21
21
21
21
21
21
21
21
21
22
22
22
22
22
22
22
22
22
22
22
22
22
22
39
39
39
22
39
39
39
39
39
39
39
39
39
39
39
39
39
39
39
39
39
39
39
39
38
38
38
38
38
38
38
38
38
38
38
38
38
38
38
38
38
38
38
38
38
38
37
37
37
38
37
37
33
37
37
37
37
37
37
37
37
37
37
37
37
37
37
37
37
37
37
37
37
37
37
37
37
37
38
38
37
37
38
38
38
37
38
38
37
37
37
37
37
37
37
37
37
37
38
38
40
32
40
43
43
43
43
40
43
43
43
43
43
43
43
43
43
43
43
43
43
43
43
43
43
43
43
43
43
43
43
43
43
43
43
43
43
43
43
43
43
43
43
43
43
43
43
43
43
43
43
43
43
43
43
43
43
43
43
43
43
43
43
40
43
43
40
40
40
33
40
40
43
40
43
43
43
40
43
43
43
40
40
43
43
40
33
40
33
33
33
40
40
40
40
40
40
40
40
40
40
40
40
40
40
40
40
40
40
40
40
40
40
40
40
40
40
40
40
40
40
40
40
40
40
40
40
40
40
40
