21
21
21
21
21
21
6
6
6
6
6
6
6
6
4
6
4
6
20
20
20
20
42
20
20
20
20
20
42
42
8
8
8
8
8
8
3
3
8
3
3
3
8
8
3
3
3
3
3
3
3
3
3
3
3
3
3
3
3
3
3
3
3
3
3
3
3
3
3
3
3
3
3
3
3
3
3
3
3
3
3
3
3
3
3
3
3
13
13
0
13
13
13
6
6
6
6
4
0
0
0
0
0
0
0
0
0
0
9
9
9
9
0
9
0
0
0
9
9
9
9
9
9
9
9
9
9
9
9
9
9
9
9
9
9
9
9
9
9
17
17
17
17
17
17
17
9
9
17
17
17
4
4
4
4
4
17
4
4
4
4
4
4
4
4
4
4
4
4
4
4
4
4
4
4
4
4
4
6
6
6
6
6
6
6
6
6
6
6
6
1
1
1
1
1
1
1
1
1
1
28
23
28
28
28
23
23
23
23
23
23
23
23
23
23
23
23
23
23
23
23
23
23
23
23
23
23
23
23
23
5
5
5
5
5
5
5
5
5
5
5
5
5
5
5
5
5
5
5
5
29
29
29
26
29
29
29
29
26
29
26
29
29
26
29
26
29
29
29
29
26
26
26
26
14
26
26
26
14
14
14
14
14
14
14
14
14
14
14
14
14
14
14
14
14
14
14
14
14
14
14
14
14
14
14
12
14
12
12
12
14
12
12
12
12
12
12
12
26
12
12
25
25
25
25
25
25
25
25
25
25
25
25
25
25
25
25
25
25
25
25
35
35
35
35
35
35
35
35
35
35
12
35
34
34
35
25
35
35
16
16
16
16
16
16
16
16
16
16
16
16
16
16
16
24
24
24
16
24
24
24
24
24
24
24
24
24
24
24
24
24
24
24
41
41
41
41
41
41
41
41
41
41
41
41
41
41
41
41
41
41
24
24
10
24
10
10
24
24
24
24
24
24
24
24
24
41
41
41
41
41
24
24
24
24
10
10
10
10
10
10
10
10
10
10
10
10
36
36
36
36
36
36
40
40
30
30
30
30
30
7
2
2
2
2
2
2
2
2
2
2
7
2
7
7
7
7
7
7
7
7
7
7
31
31
31
31
7
31
31
31
31
31
31
7
31
31
31
31
31
31
31
31
31
31
31
31
31
31
31
31
31
31
31
31
31
40
30
30
30
30
30
30
30
30
30
30
30
30
30
31
30
30
30
30
30
30
30
30
30
30
30
30
30
30
30
30
27
30
30
30
30
27
30
30
30
15
15
32
15
15
43
4
17
4
4
4
4
4
17
17
4
4
4
4
4
4
4
6
4
4
4
4
4
21
21
33
21
21
40
21
21
21
21
22
39
36
39
22
22
22
40
22
22
22
22
22
22
22
22
22
22
22
32
22
22
22
32
22
32
22
39
39
40
32
32
22
40
40
39
39
40
40
38
38
38
40
38
39
39
39
39
39
39
38
38
40
43
43
40
38
38
38
43
43
38
38
38
38
33
40
40
38
37
38
43
40
37
43
34
40
43
43
34
43
43
43
43
33
33
37
43
43
43
43
43
43
40
43
40
43
43
40
43
43
43
43
43
43
33
43
40
40
40
43
43
43
43
43
43
43
43
43
37
43
33
33
33
43
33
33
40
33
33
33
40
33
33
33
33
37
40
33
33
37
37
33
33
33
33
33
33
33
33
33
33
33
33
33
33
33
33
33
40
33
40
40
40
40
40
40
40
40
40
40
40
40
40
40
40
40
40
40
40
