20
20
8
20
20
20
20
20
1
34
34
34
34
6
34
20
20
20
20
20
20
42
20
42
42
42
20
8
8
8
8
8
20
20
8
8
8
8
8
8
8
3
3
3
8
3
5
5
5
19
19
5
19
3
19
19
19
19
5
5
8
8
5
8
8
8
8
8
8
8
8
8
8
8
8
1
8
1
8
8
8
8
6
40
3
8
4
40
3
3
3
13
13
3
3
8
8
8
3
8
13
13
3
3
3
8
3
19
3
3
3
3
3
3
19
19
19
3
19
19
5
19
19
19
19
19
19
19
19
19
19
19
5
19
13
13
13
0
13
4
4
4
4
0
9
0
0
0
9
9
0
0
9
9
9
9
9
9
9
9
9
9
9
9
9
9
9
9
17
17
17
17
17
17
17
17
17
17
17
17
17
17
17
17
17
17
17
17
17
17
17
17
4
4
17
4
4
4
4
4
4
4
4
4
6
6
4
4
6
4
6
6
6
6
6
6
6
6
6
6
6
6
6
6
6
6
6
1
1
1
1
1
1
1
1
1
1
1
1
1
1
1
1
1
1
1
1
1
1
1
1
1
1
1
1
1
1
1
1
23
23
23
23
23
28
23
23
23
23
23
23
23
23
23
23
23
23
23
23
23
23
23
23
23
5
5
5
5
5
5
5
5
5
5
5
5
5
5
5
5
29
5
5
5
29
5
5
5
5
5
5
5
29
5
5
5
29
29
29
5
29
29
40
5
29
5
5
5
29
5
40
5
29
5
40
5
29
29
40
40
14
40
40
40
14
40
40
14
14
14
14
12
12
12
26
12
12
12
12
12
12
12
12
12
12
12
14
14
12
12
29
29
12
12
14
12
12
12
14
12
12
12
14
26
14
12
14
14
14
12
14
12
12
12
14
12
12
12
14
12
12
12
14
12
14
12
14
12
12
12
12
12
12
12
12
12
12
12
12
12
12
12
12
12
12
12
12
12
25
25
25
25
25
25
25
25
25
25
25
25
25
25
25
25
35
25
25
25
25
35
35
35
35
35
35
35
35
35
16
34
10
10
10
16
16
16
16
16
16
24
16
16
16
16
16
16
16
16
16
16
16
16
24
24
24
24
24
24
24
24
24
41
41
41
41
41
41
41
41
41
41
41
41
41
41
41
41
10
10
10
41
41
41
41
41
41
34
24
16
16
24
24
24
24
24
24
10
10
10
10
41
10
10
10
10
10
10
10
10
10
10
41
41
41
41
41
41
41
41
41
41
41
41
41
41
41
41
41
10
10
10
41
41
41
41
41
34
10
10
36
21
36
36
36
36
36
36
30
30
30
30
30
30
30
30
30
2
2
2
2
2
2
2
2
2
2
2
2
2
2
2
2
2
7
7
7
7
7
31
31
31
31
31
31
31
31
7
31
31
31
31
31
31
31
31
31
31
31
31
31
31
31
31
31
31
31
31
31
31
31
31
31
30
30
30
30
30
30
30
30
30
30
30
30
30
30
30
30
30
30
27
30
27
27
27
27
27
27
27
27
27
27
27
27
27
27
27
27
27
27
27
27
27
27
15
15
15
15
27
15
15
21
21
21
36
21
21
21
21
21
21
21
21
22
22
22
22
22
22
22
22
22
22
22
22
22
22
22
22
22
22
22
22
39
39
39
22
39
39
39
39
39
39
39
39
39
39
39
39
39
39
39
39
39
39
39
39
39
39
39
39
39
39
39
39
39
39
39
39
39
39
39
39
39
39
38
39
38
38
38
38
38
37
18
37
37
37
37
37
37
37
37
33
37
37
37
37
37
37
37
18
37
37
37
18
37
37
37
18
37
33
33
33
33
33
33
33
33
33
33
33
33
33
33
33
33
40
40
40
40
40
40
40
40
40
40
40
40
40
40
40
40
40
40
40
40
40
40
40
40
40
