1
1
1
1
1
10
10
1
8
8
8
8
8
6
40
8
40
40
40
40
40
40
40
40
40
40
40
40
40
40
40
40
40
40
40
40
40
40
40
40
40
3
40
40
40
3
40
40
40
40
40
3
40
3
40
13
40
40
40
40
40
40
40
13
40
40
3
13
40
40
3
3
6
6
13
6
6
6
8
6
8
6
13
0
0
0
0
0
0
0
0
0
0
0
0
0
0
0
0
0
0
0
9
9
0
9
9
0
0
9
0
9
9
9
9
9
9
9
9
9
9
17
9
17
17
17
17
17
17
17
17
17
17
4
17
17
17
17
17
17
17
17
17
17
17
4
17
17
17
4
4
4
4
4
4
4
4
6
6
6
6
6
6
6
6
6
6
6
6
6
6
6
6
6
6
6
6
6
6
6
1
1
1
1
1
1
1
1
28
1
28
1
28
1
23
28
28
28
1
1
28
28
23
23
23
23
23
23
23
23
5
5
23
5
5
23
23
5
23
5
23
5
23
5
5
5
5
5
5
5
5
5
5
5
5
5
5
5
5
5
5
5
5
5
5
26
26
29
14
14
26
29
14
26
26
29
29
1
20
26
14
26
26
29
14
14
26
29
14
14
14
26
14
14
26
26
14
26
26
26
14
26
26
26
14
26
26
26
14
14
26
26
14
12
26
26
14
12
14
14
14
14
14
14
14
14
12
12
14
12
12
12
12
12
12
25
25
25
25
25
25
25
25
25
25
25
25
25
25
25
25
25
25
35
35
25
35
35
35
35
35
25
12
35
35
35
35
10
10
10
10
10
10
10
16
16
16
16
16
16
16
16
16
16
16
16
16
16
16
16
16
24
41
41
24
24
24
41
41
16
24
24
24
41
41
41
41
24
24
41
24
24
41
41
41
24
41
41
41
41
24
41
41
41
41
41
41
41
41
41
41
41
41
41
41
41
41
41
41
41
41
41
41
41
41
41
41
41
41
41
41
10
10
10
10
10
10
10
10
10
36
36
36
36
36
36
36
36
36
36
36
36
36
36
36
36
36
36
36
36
36
36
36
36
36
36
36
36
36
36
36
36
30
2
2
2
2
2
2
2
2
2
2
2
2
2
2
2
2
2
7
7
7
7
2
7
7
7
7
7
7
7
7
31
31
31
31
31
31
31
31
31
31
31
31
31
31
31
31
31
31
31
31
31
31
31
31
31
31
31
31
31
31
31
31
31
30
30
30
30
30
30
27
27
27
27
30
30
27
30
27
27
27
27
27
27
27
27
27
27
27
27
27
27
27
27
27
27
27
27
27
27
27
15
15
27
15
15
15
15
15
15
15
15
15
15
15
21
21
21
21
21
21
21
21
21
21
21
21
21
21
22
22
22
22
22
22
22
22
22
22
22
22
22
22
22
39
39
39
39
22
39
39
39
39
39
39
39
39
39
39
39
39
39
39
39
39
39
39
39
39
39
39
39
38
38
38
38
38
38
40
39
38
38
38
38
38
38
38
38
38
38
38
38
38
37
37
37
37
37
37
37
37
37
37
37
37
37
37
37
37
37
37
37
37
37
37
37
37
37
37
37
37
37
18
33
33
33
33
33
33
33
33
33
33
33
33
33
33
33
40
40
40
40
40
40
40
40
40
40
40
40
40
40
40
40
40
40
40
40
40
40
40
40
