34
34
34
34
34
1
1
34
6
1
2
6
6
6
1
1
6
6
6
20
8
8
6
6
20
34
6
6
8
5
6
6
20
6
8
8
8
8
8
8
8
8
6
8
8
8
8
8
8
8
8
8
8
3
3
3
3
3
3
3
3
3
3
3
3
3
3
3
3
3
3
3
3
3
3
3
3
3
3
3
3
3
3
3
3
3
3
3
3
3
3
3
3
19
3
3
3
3
3
3
3
3
19
19
13
13
13
13
13
13
13
13
9
0
0
0
9
9
0
9
9
9
9
0
9
9
9
9
9
9
9
9
9
9
9
9
9
9
9
9
9
9
9
9
9
9
9
9
9
17
17
17
9
17
17
17
17
17
17
17
17
17
17
17
17
17
4
17
17
4
4
17
4
4
4
4
4
4
4
4
4
4
4
4
6
6
6
6
6
6
6
6
6
6
6
6
1
1
1
1
1
1
1
1
1
1
1
1
1
1
28
1
28
1
1
28
28
28
28
1
28
28
28
28
28
28
23
23
23
23
28
28
23
23
23
23
23
23
23
23
23
23
23
23
23
23
23
5
23
5
23
23
23
5
5
5
23
5
5
5
5
5
5
5
14
14
14
14
14
14
14
14
14
14
14
14
14
14
14
14
14
14
14
14
14
14
14
14
14
14
14
14
14
14
14
14
14
14
14
14
14
14
14
14
14
14
14
14
14
14
14
14
14
14
14
14
14
14
14
14
14
14
14
14
14
12
12
12
12
12
12
12
14
14
12
25
25
25
25
25
25
25
25
25
25
25
25
25
25
25
25
35
25
25
35
35
35
35
35
35
35
35
35
35
35
35
35
35
10
10
10
10
10
10
10
16
16
16
16
16
16
16
24
16
16
16
16
16
16
24
24
24
41
41
24
24
24
24
24
24
24
24
24
24
41
41
41
24
41
41
41
41
41
41
41
41
41
41
41
41
41
41
41
41
41
41
41
41
41
24
41
41
10
10
10
10
10
10
10
10
10
10
36
36
36
36
36
36
36
36
36
36
2
36
36
2
2
2
2
2
2
2
2
2
2
2
2
7
2
2
7
7
7
7
7
7
7
7
7
7
7
7
31
31
7
7
7
7
31
31
31
31
31
31
31
31
31
7
31
31
31
31
31
31
31
30
31
30
30
30
30
30
30
30
30
30
30
30
30
30
30
30
30
30
30
30
30
30
30
30
30
30
30
30
30
30
30
30
30
30
27
27
27
30
27
27
27
30
27
27
27
30
15
15
15
15
15
15
21
15
21
21
21
21
21
21
21
21
21
21
21
21
21
21
21
21
21
21
21
21
21
21
21
21
21
21
21
21
21
21
21
22
22
22
22
22
22
22
22
22
22
22
22
22
39
39
39
39
39
39
39
39
39
39
39
39
39
39
39
39
39
39
39
39
38
38
38
38
38
38
38
38
38
38
38
38
38
38
38
38
38
38
38
38
38
38
38
37
37
37
37
37
37
37
37
37
37
37
37
37
37
37
33
18
18
37
33
18
37
37
18
18
18
33
33
33
33
33
33
33
33
33
33
33
33
33
33
40
40
33
33
40
40
40
40
40
40
40
40
40
40
40
40
40
40
40
40
40
40
40
40
40
40
40
40
