34
34
34
34
34
8
8
6
34
6
34
6
6
34
34
34
34
8
34
42
42
42
8
42
42
42
42
42
8
8
8
8
8
8
8
8
8
8
8
8
8
8
8
8
6
8
8
8
8
8
8
8
8
3
8
8
8
3
8
8
8
8
8
8
3
3
3
8
8
3
3
3
8
3
3
3
3
3
3
3
3
3
3
3
3
3
3
3
3
19
3
3
3
3
3
3
19
19
3
3
19
13
3
13
13
6
6
13
8
8
6
6
6
40
1
40
6
0
6
0
0
0
0
0
0
0
0
0
0
0
0
0
0
0
0
0
0
0
0
0
0
0
0
0
0
0
0
0
0
0
0
9
13
13
13
13
13
0
13
13
13
0
6
13
13
9
5
13
13
9
13
13
13
9
13
13
13
1
13
13
13
13
13
13
13
1
13
13
1
40
1
13
1
1
1
40
1
40
13
13
40
13
1
1
40
40
13
13
13
40
1
13
1
40
1
1
13
5
1
1
13
5
1
23
40
5
13
13
23
5
5
5
5
5
5
40
5
5
5
5
5
5
5
5
5
5
5
5
5
5
5
12
12
12
12
14
14
12
12
12
12
12
29
12
12
26
12
12
12
26
14
14
14
14
14
14
14
14
14
14
14
14
14
14
14
14
14
14
14
14
12
12
14
14
14
14
14
14
14
14
14
14
14
14
14
14
12
12
12
14
14
12
12
12
12
12
12
12
12
12
12
25
25
25
25
25
25
25
25
25
25
25
25
25
35
35
35
35
35
35
35
35
35
35
35
12
35
35
35
25
25
25
16
16
16
16
16
16
16
16
16
16
16
16
16
16
16
24
41
41
16
24
24
24
24
24
24
24
24
24
24
24
24
24
24
24
24
24
24
41
41
41
41
41
41
41
41
41
41
41
41
41
41
24
24
24
24
24
10
10
10
10
10
40
10
10
10
10
10
10
10
10
10
10
10
10
10
10
36
10
36
36
36
36
36
36
24
24
24
24
24
24
36
36
36
36
36
36
36
36
36
36
36
36
36
36
36
36
36
36
27
36
27
30
27
36
36
30
2
2
7
2
2
2
2
2
7
7
7
7
7
7
7
7
7
7
7
7
7
31
31
31
31
31
31
31
31
31
31
31
31
31
31
31
31
31
31
31
31
31
31
31
31
31
31
31
31
31
31
31
30
30
30
30
30
30
30
30
30
30
30
30
30
30
27
30
30
27
27
27
30
27
27
27
27
27
27
27
27
27
27
27
27
27
27
27
27
27
15
27
27
27
15
27
15
15
15
21
15
15
21
21
21
21
15
15
15
15
21
21
21
21
21
21
21
21
21
21
21
21
21
21
21
21
21
21
21
21
21
21
21
21
21
21
21
21
21
21
22
22
21
21
22
22
22
22
22
22
22
22
22
22
22
22
22
22
22
21
21
21
21
22
22
22
22
22
22
22
22
22
22
22
22
22
22
22
22
22
22
22
22
22
22
22
22
21
22
22
22
22
39
22
22
22
39
22
39
39
39
39
39
39
39
38
38
37
38
38
38
38
38
38
38
38
38
38
38
37
38
38
38
38
38
37
38
38
38
38
38
38
38
38
38
38
38
38
38
38
38
38
38
38
38
37
38
37
38
38
38
38
37
40
38
38
38
38
38
38
38
37
38
37
37
37
37
37
37
37
38
37
37
37
37
37
37
37
37
37
33
33
33
33
18
33
33
33
33
33
33
33
33
33
33
33
33
33
33
33
43
33
33
43
43
43
43
43
43
43
43
43
43
43
43
43
43
43
40
43
40
40
40
40
40
40
40
40
40
40
40
40
40
40
40
40
40
40
40
40
40
40
40
40
40
40
