8
8
8
8
8
8
8
8
8
8
8
8
8
8
8
8
8
8
8
8
8
8
8
8
8
8
8
8
8
8
3
8
8
8
3
8
8
3
3
3
8
8
3
3
8
3
3
3
8
8
3
3
8
3
3
3
3
3
3
3
3
19
19
19
3
3
19
0
0
0
0
0
0
0
0
0
0
0
0
0
0
0
0
0
0
0
0
0
0
0
0
9
9
9
9
9
9
9
9
9
9
9
9
9
17
17
17
17
17
17
17
17
17
17
17
17
17
17
17
17
17
4
4
4
17
4
17
4
4
4
4
4
4
4
4
4
4
4
4
4
4
4
4
4
4
4
4
4
4
0
6
6
6
6
6
6
10
10
6
6
6
6
1
1
1
1
1
1
1
1
1
1
1
1
1
1
1
1
1
1
1
1
1
1
1
1
1
1
1
1
1
1
1
1
1
1
1
1
1
1
1
1
1
1
1
23
23
23
23
23
23
23
23
23
23
23
23
23
23
23
23
23
23
23
1
1
5
5
5
1
5
5
5
5
5
5
5
5
5
9
5
5
5
29
5
5
14
5
5
5
29
5
5
5
5
5
5
5
14
5
5
5
14
5
5
14
14
5
5
40
40
5
40
40
14
40
14
40
14
13
40
40
14
14
14
12
12
14
12
12
12
13
13
5
12
12
12
14
29
5
14
14
14
14
14
14
29
14
29
29
29
29
29
29
29
26
26
29
26
29
26
14
14
14
26
14
14
14
14
14
14
14
14
14
14
14
14
14
14
14
14
14
14
14
14
14
14
14
14
14
14
14
14
14
14
14
14
14
12
12
12
12
12
12
12
12
12
12
12
12
12
12
12
12
12
12
1
12
12
12
12
34
12
12
12
12
14
12
12
12
12
12
12
12
12
1
12
12
12
12
12
12
12
12
26
26
14
12
12
12
14
12
12
12
12
12
12
12
12
12
12
12
12
1
12
14
12
12
14
14
12
14
12
34
12
1
12
12
12
13
12
12
12
1
12
1
1
34
1
1
12
13
34
12
12
34
34
34
12
34
34
34
35
34
34
34
35
13
12
34
35
34
12
34
35
34
34
34
12
34
34
34
35
34
12
34
12
12
12
34
12
34
34
34
12
12
12
12
35
25
25
25
25
25
25
25
25
25
25
25
25
25
25
25
25
25
25
25
25
35
25
25
25
25
35
35
35
35
25
25
35
35
35
35
35
35
35
35
16
16
16
16
16
16
16
16
16
16
16
16
16
16
16
24
41
41
41
41
24
24
24
24
24
24
24
24
24
24
24
24
24
24
24
41
41
41
41
41
41
41
41
41
41
41
41
41
41
41
41
41
41
41
41
41
41
41
41
41
41
24
10
10
10
10
10
10
24
24
24
10
10
10
10
10
10
10
10
10
10
10
36
36
36
36
36
36
36
36
36
36
36
36
36
36
36
2
36
36
36
2
2
2
2
2
2
2
2
2
2
2
7
7
7
7
7
7
7
7
7
7
7
7
7
7
7
7
7
7
7
7
31
31
31
31
31
31
31
31
31
31
31
31
31
31
31
31
31
31
31
31
31
30
30
30
30
30
30
30
30
30
30
30
30
30
30
30
30
30
30
30
30
30
30
30
30
30
30
30
30
30
30
30
30
30
30
30
30
30
30
27
27
27
27
27
27
27
27
27
27
15
15
15
27
15
15
15
15
15
15
21
30
15
21
21
21
21
21
21
21
21
21
21
21
21
21
21
21
21
21
21
21
21
21
21
21
21
21
21
21
21
21
22
22
22
22
22
22
22
22
22
22
22
22
22
22
22
22
22
39
39
22
39
39
39
39
39
39
39
39
39
39
39
39
39
39
39
39
39
39
38
38
38
38
38
38
38
38
38
38
38
38
38
38
38
38
38
38
38
38
38
38
38
38
38
38
38
38
38
38
38
38
38
38
38
38
38
38
38
38
37
37
38
38
37
37
37
37
37
37
37
37
37
37
37
37
37
37
37
37
37
37
37
37
37
37
37
37
37
37
33
18
37
33
33
33
33
33
33
33
33
33
33
33
33
33
40
33
40
40
40
40
40
40
40
40
40
40
40
40
40
40
40
40
40
40
40
40
40
40
40
40
