2
2
2
1
1
1
1
2
1
1
2
2
2
2
6
2
13
2
2
2
2
2
2
1
1
1
1
13
13
13
6
6
1
1
1
2
1
1
1
1
1
6
6
1
6
6
1
6
1
1
1
1
6
6
1
1
1
1
1
1
1
13
1
1
1
1
1
1
1
1
2
1
1
1
1
1
1
2
2
2
2
2
1
1
1
1
1
13
1
13
1
1
13
2
2
2
2
2
2
2
2
2
2
6
2
2
13
6
6
6
13
2
6
13
2
2
2
2
2
2
2
2
13
2
2
13
13
1
2
8
2
8
2
8
1
6
8
8
13
1
1
1
13
8
1
8
8
1
8
1
8
8
1
40
1
6
6
8
8
8
8
8
8
8
8
8
8
8
8
8
8
42
8
8
8
8
42
42
42
8
8
8
8
8
8
8
8
8
8
8
8
8
8
8
8
8
8
8
3
3
8
40
3
3
8
3
3
3
3
19
19
3
3
19
19
3
3
19
19
3
19
19
19
3
3
19
19
19
19
19
19
3
3
19
19
19
19
19
19
19
19
19
19
19
19
8
13
13
13
13
13
13
6
0
0
0
0
0
0
0
9
9
9
9
9
9
9
9
9
9
9
9
9
9
9
9
9
9
17
9
9
17
17
9
17
17
17
17
17
17
17
17
9
17
17
17
17
17
17
17
17
17
17
17
17
17
17
17
17
17
17
17
17
17
17
17
17
17
4
4
4
4
43
17
9
9
9
0
9
10
10
6
6
6
6
6
6
6
6
6
6
1
1
1
1
1
1
1
28
1
1
1
1
1
28
28
28
28
28
28
23
23
23
28
23
23
23
23
23
23
23
23
23
23
23
23
23
23
23
23
23
23
23
23
23
23
23
23
23
23
23
23
23
23
23
23
23
5
5
5
5
5
5
29
29
29
29
29
29
29
29
29
29
14
29
26
29
29
29
26
29
29
29
14
26
14
14
14
26
14
14
14
26
14
14
14
26
14
14
14
14
14
14
14
14
14
14
14
14
14
14
14
14
14
14
14
14
14
12
14
14
12
14
12
12
12
12
12
12
12
12
12
12
12
12
12
12
12
12
12
12
12
12
14
12
12
25
25
25
25
25
25
25
25
25
25
25
25
25
25
25
35
25
25
35
35
35
35
35
35
35
35
35
35
35
35
35
35
16
16
16
16
16
16
16
16
16
16
16
16
24
24
24
24
24
24
24
24
24
24
24
24
24
24
24
24
24
24
24
24
24
41
41
41
41
41
41
41
41
41
41
41
41
41
41
41
41
41
41
35
35
10
10
10
10
36
10
10
36
36
36
36
36
36
36
36
36
36
36
36
36
36
36
36
36
36
2
2
2
36
2
36
2
36
2
2
2
2
2
2
2
2
7
2
7
7
7
7
7
7
7
7
31
31
31
7
7
7
7
7
7
7
7
7
31
31
31
31
31
31
31
31
31
31
31
31
31
31
31
31
31
31
31
31
31
30
30
30
30
30
30
30
30
30
30
30
30
30
30
30
30
30
30
30
27
30
30
27
27
27
27
27
27
27
27
27
27
27
27
27
27
27
27
15
15
27
27
27
15
15
15
15
15
15
15
15
15
15
21
21
15
30
30
15
15
21
21
21
21
22
22
22
22
22
22
21
21
21
21
21
21
22
22
22
22
22
22
22
22
22
22
22
22
22
22
22
39
39
39
39
39
39
39
39
39
39
39
39
39
39
39
39
39
39
39
39
39
39
39
39
39
39
39
39
39
39
39
39
39
39
39
39
39
39
39
39
39
39
39
39
39
39
39
39
39
39
39
38
39
39
39
39
39
39
39
39
39
39
38
37
37
38
37
37
37
37
37
37
37
37
37
37
37
37
37
37
37
37
37
37
37
37
37
37
37
37
37
37
37
33
33
33
33
33
33
33
33
33
33
33
33
33
33
33
33
33
33
40
40
40
40
40
40
40
40
40
40
40
40
40
40
40
40
40
40
40
40
40
