2
2
2
2
2
8
2
2
2
2
2
2
2
3
2
2
2
2
2
2
2
2
2
2
8
2
2
2
2
2
2
2
6
2
2
2
2
2
2
2
2
1
2
2
2
2
2
2
1
6
6
2
6
6
8
6
8
8
8
6
6
8
8
6
1
1
1
6
8
8
8
8
1
8
8
8
8
8
8
8
8
8
8
8
1
8
6
8
8
8
42
6
6
8
8
8
42
6
6
19
40
8
8
6
8
6
6
8
8
8
19
19
19
3
19
3
3
19
19
19
19
3
19
19
19
3
19
19
19
13
13
3
19
1
8
8
13
8
6
6
6
6
8
6
8
8
8
6
6
3
6
6
8
8
8
8
6
6
6
8
6
8
8
6
6
8
6
6
1
6
6
6
40
11
33
2
40
40
40
40
11
11
11
2
2
40
34
2
10
10
10
10
10
10
10
10
10
10
10
10
10
10
10
10
10
10
10
10
1
11
11
1
1
32
11
1
11
4
11
32
32
32
11
32
11
40
5
5
5
6
5
1
1
6
11
6
1
1
6
1
6
6
10
6
10
6
6
6
8
6
6
6
6
6
6
8
8
8
8
8
8
8
8
8
8
8
8
8
8
8
8
8
8
8
8
8
8
8
8
8
8
3
3
8
3
3
19
3
3
3
19
3
3
3
19
3
3
3
19
19
19
19
19
19
19
19
19
19
19
19
19
19
19
19
19
19
19
19
19
19
19
19
19
13
13
13
13
13
13
13
13
0
0
0
0
9
0
9
9
17
9
0
9
9
9
9
9
9
9
9
9
9
9
9
9
17
9
9
17
17
9
9
17
9
17
17
17
17
17
17
17
17
17
17
17
17
17
17
17
17
17
17
17
17
17
17
17
4
17
17
4
17
17
4
4
4
4
4
4
4
4
4
4
4
21
15
6
6
6
6
13
6
6
6
6
6
6
6
6
6
6
6
6
1
1
1
1
1
1
28
28
28
28
28
28
28
28
28
23
23
28
23
23
23
23
23
23
23
23
23
23
23
23
23
23
23
23
23
23
23
23
23
23
23
23
23
23
23
23
23
23
23
5
5
23
5
5
5
5
5
5
5
5
5
26
29
29
29
14
26
26
29
26
26
26
29
26
26
26
26
26
26
26
29
26
26
26
26
26
26
26
26
26
26
14
26
14
14
14
26
14
14
14
26
14
14
14
14
14
14
14
14
14
14
14
14
14
14
14
12
12
12
12
12
12
12
12
12
12
12
12
26
29
26
12
25
25
25
25
25
25
25
25
25
25
25
25
25
25
25
35
35
35
35
35
35
35
35
35
35
12
14
35
35
35
25
35
16
16
16
16
16
16
16
16
16
16
16
16
16
16
16
16
16
24
16
24
24
24
24
24
16
24
24
24
24
24
24
24
24
24
16
16
16
16
24
24
24
24
24
24
24
41
41
41
24
41
41
41
41
41
41
41
41
24
10
10
10
10
10
10
10
36
10
10
36
36
36
36
36
36
36
36
36
36
36
36
36
36
36
36
7
7
36
36
36
36
36
7
7
7
7
7
7
7
7
7
7
7
7
7
7
7
7
7
7
7
36
16
16
16
16
7
7
7
7
7
31
31
31
31
31
31
31
31
31
31
31
31
31
31
31
31
31
31
31
31
31
30
30
30
30
30
30
30
30
30
30
30
30
30
27
27
27
30
30
27
30
30
27
27
27
30
27
27
30
27
27
27
27
27
27
27
27
27
27
27
27
27
27
27
27
27
27
15
27
27
27
15
15
15
15
15
15
27
21
21
21
21
21
21
21
21
21
21
21
21
21
21
21
21
21
21
21
21
22
21
22
21
22
22
22
22
22
22
22
22
22
22
22
22
22
22
39
39
39
39
39
39
39
39
39
39
39
39
39
39
39
39
39
39
39
39
38
38
38
38
38
38
38
38
38
38
38
38
38
38
38
38
38
38
37
37
37
38
37
37
18
33
33
33
33
33
33
33
33
33
18
33
33
33
33
33
33
33
33
33
18
33
33
33
33
33
33
33
33
33
33
33
33
33
33
33
33
33
33
33
33
33
33
33
33
33
33
33
33
33
33
33
33
33
43
43
43
43
43
43
40
33
40
40
43
43
43
43
43
43
40
40
43
43
40
40
43
43
40
40
43
43
43
40
43
43
43
43
43
43
43
43
43
43
43
43
43
43
43
43
43
43
43
43
43
43
43
43
43
43
43
43
43
43
43
43
43
43
43
43
43
43
43
43
43
43
43
43
43
43
43
43
43
43
43
43
43
43
43
43
43
43
40
40
40
40
40
40
40
40
40
40
40
40
40
40
43
40
40
40
43
40
40
40
43
43
40
40
40
40
40
40
40
40
40
40
40
40
40
40
40
40
40
40
40
40
40
40
40
40
40
40
40
40
40
40
40
40
40
40
40
40
40
40
40
40
40
40
40
40
40
