2
2
34
34
1
34
34
34
34
20
20
20
34
34
34
1
1
2
34
34
34
34
1
1
20
20
1
1
1
34
1
1
1
20
32
1
32
34
20
20
20
20
20
20
20
20
20
20
20
20
20
20
20
20
20
42
8
6
6
8
20
1
1
33
1
1
40
3
40
1
1
1
1
1
1
1
10
0
10
0
0
0
13
0
10
10
10
10
10
10
10
10
10
10
10
10
10
10
10
10
10
10
10
10
10
10
10
10
13
1
1
1
1
3
23
1
3
3
5
19
19
3
5
19
5
3
5
13
13
13
13
13
13
19
4
4
4
4
6
20
20
42
42
6
6
6
6
8
8
6
8
6
6
42
6
8
6
6
6
6
6
6
42
6
8
8
42
8
8
8
8
8
8
8
8
8
8
8
8
8
8
8
8
8
8
8
8
8
8
3
8
8
3
3
8
8
3
3
3
3
3
19
3
8
3
3
3
3
3
19
3
3
19
19
3
3
19
19
19
19
19
19
13
13
13
4
13
13
13
0
0
0
0
0
9
9
9
9
9
0
9
9
9
9
9
9
9
9
9
17
9
17
17
9
9
9
9
9
9
17
17
17
17
17
17
17
17
17
17
17
17
17
17
17
17
17
17
17
17
17
17
17
17
17
4
17
4
4
4
17
4
4
4
4
4
4
4
4
4
4
4
4
6
6
21
6
6
6
6
6
6
6
6
6
6
6
1
1
1
1
1
1
1
1
1
1
1
1
1
1
1
1
1
1
28
28
1
1
1
1
28
28
28
28
28
28
28
28
28
28
23
28
23
23
23
23
23
23
23
23
23
23
23
23
23
23
23
23
23
23
23
23
23
23
23
23
23
5
5
5
5
5
5
5
5
5
29
29
5
5
29
5
5
5
29
29
5
29
29
29
29
29
29
29
29
26
29
29
26
26
26
26
14
26
26
26
14
14
26
14
14
14
26
26
14
14
26
26
14
14
26
14
14
14
14
14
14
14
14
14
12
14
14
14
12
12
12
12
12
12
12
12
25
25
25
25
25
25
25
25
25
25
25
25
25
25
25
25
25
25
25
35
25
35
35
35
35
35
35
35
35
35
35
12
35
35
40
35
16
16
16
16
16
16
16
16
16
16
16
16
16
16
16
16
24
24
24
24
41
41
24
24
41
41
24
24
41
41
41
41
41
41
41
41
41
41
41
41
41
41
41
41
41
41
41
41
41
41
41
41
34
34
10
10
10
10
10
36
10
36
36
36
36
36
36
36
36
36
36
36
36
36
36
36
2
36
36
36
2
2
2
2
2
2
2
2
7
2
7
2
7
7
7
7
7
7
7
7
7
7
7
7
7
7
7
7
7
7
7
7
7
7
7
7
31
31
31
31
7
31
31
31
31
31
31
31
31
31
31
31
31
31
30
30
30
30
30
30
30
30
30
30
30
30
30
30
30
30
30
30
30
30
30
30
30
30
30
30
30
30
30
30
30
30
30
27
27
27
27
30
27
27
27
27
27
27
27
27
27
27
27
27
27
27
27
27
27
27
15
15
15
15
15
15
21
21
21
21
21
21
21
21
21
21
21
21
21
21
7
7
21
21
21
21
21
21
21
21
21
21
21
21
21
21
21
21
21
22
22
21
22
22
22
22
22
22
22
22
22
22
22
22
22
22
22
22
22
39
22
22
39
39
39
39
39
39
39
39
39
39
39
39
39
39
39
39
39
39
39
39
39
39
39
39
39
39
39
39
39
39
39
39
39
39
38
38
38
38
38
38
37
38
38
38
38
38
38
38
38
38
38
38
38
38
38
38
38
38
38
37
37
40
37
37
37
37
38
38
38
38
37
37
38
37
37
38
38
38
38
37
37
37
37
37
37
37
37
37
37
37
37
18
37
37
37
18
37
37
37
37
37
37
18
18
18
33
33
33
33
33
33
33
33
33
33
33
33
33
33
40
40
40
40
40
40
40
40
40
40
40
40
40
40
40
40
40
40
40
40
40
40
40
40
40
40
