34
34
34
34
34
34
34
20
20
20
20
20
42
42
20
8
8
8
8
8
42
6
6
8
0
8
6
8
4
8
8
3
8
8
8
3
8
8
8
8
3
3
8
6
8
3
3
3
3
3
3
40
3
3
8
6
8
3
3
3
3
3
3
3
3
3
3
3
3
3
3
19
3
3
3
3
3
3
3
3
3
3
3
3
3
3
3
3
3
3
3
3
3
3
3
3
3
3
3
19
3
3
3
3
3
3
3
8
3
0
0
0
13
13
13
13
13
13
9
9
9
17
9
0
0
0
0
0
0
9
9
0
0
9
9
9
9
9
9
9
9
9
9
9
9
9
9
9
9
9
9
9
9
9
9
9
9
9
9
17
17
17
17
17
17
17
17
17
17
4
17
4
4
4
4
4
4
4
4
4
4
4
4
4
4
4
4
6
6
6
6
15
13
6
6
13
6
6
0
6
6
6
6
6
6
6
1
1
1
1
1
1
1
1
1
1
1
1
1
1
1
1
1
1
1
1
1
1
1
1
1
1
1
1
1
28
1
1
1
28
28
28
28
28
28
23
23
23
28
23
23
23
23
23
23
23
23
23
23
23
23
23
23
23
5
5
5
5
5
5
5
40
40
5
5
13
5
29
29
5
29
29
29
29
29
29
29
29
29
29
29
29
29
29
29
29
29
29
29
29
29
29
29
29
29
29
29
29
29
29
29
29
14
5
14
14
14
14
29
14
14
14
14
14
14
14
14
14
14
14
14
12
12
12
12
12
12
29
25
25
25
25
25
25
25
25
25
25
25
25
25
25
35
35
25
35
35
35
35
35
35
35
35
35
35
35
35
35
35
16
16
16
16
16
16
16
16
16
16
16
16
16
16
16
16
16
16
16
16
24
16
24
24
24
16
24
24
24
24
16
24
16
41
41
41
41
41
41
41
41
41
41
41
41
41
41
41
41
41
41
24
24
16
16
24
16
16
24
24
24
24
24
24
16
24
41
41
41
41
16
10
10
10
24
16
24
16
16
16
16
16
24
24
24
24
24
24
24
16
41
41
41
41
41
41
41
41
41
41
41
41
10
10
10
10
10
36
36
36
36
36
36
36
36
36
36
36
36
36
36
36
15
15
36
27
27
15
36
30
30
7
7
7
2
2
2
2
2
2
2
2
2
2
7
2
7
7
7
7
7
7
7
7
7
7
7
7
7
7
7
31
7
7
7
31
31
31
31
7
7
7
7
31
31
7
31
31
31
31
31
31
31
31
31
31
31
31
31
31
31
30
27
30
30
30
27
30
27
30
30
30
30
30
30
30
27
30
27
30
27
30
30
30
30
30
27
27
27
27
27
30
27
27
27
27
27
27
27
27
27
27
27
27
27
27
27
15
27
15
15
15
27
15
15
15
15
15
21
15
15
21
21
21
15
15
21
21
21
21
21
21
21
21
21
21
43
21
33
43
21
43
21
21
21
21
21
21
21
21
21
21
21
21
21
21
21
21
21
21
21
21
21
22
21
22
22
22
22
22
22
22
39
39
39
22
22
22
22
39
39
39
39
39
39
39
39
39
39
39
39
39
22
22
22
22
22
22
39
22
22
39
39
21
39
39
39
39
39
38
38
38
38
38
38
38
38
38
38
38
38
38
37
38
37
38
37
38
38
38
37
38
38
38
37
38
37
37
38
38
38
38
38
38
38
38
38
38
38
38
38
38
37
37
37
38
37
37
37
37
37
37
37
37
37
37
37
37
37
37
37
37
37
37
37
37
37
37
37
37
37
37
37
37
37
33
33
33
33
33
33
33
33
33
33
33
40
40
40
40
40
40
40
40
40
40
40
40
40
40
40
40
40
40
40
40
40
40
40
40
40
40
40
40
