3
8
13
3
1
20
8
6
0
6
13
20
1
2
1
34
1
2
6
6
1
1
1
1
34
20
20
20
20
20
32
6
6
32
1
34
32
6
2
2
2
2
1
6
1
1
6
34
34
34
34
34
34
1
1
6
1
6
6
34
34
6
34
34
34
34
1
34
2
34
20
8
34
34
34
34
8
34
34
34
8
20
8
2
8
8
8
8
20
20
20
20
42
20
42
8
8
8
8
8
8
8
6
6
8
3
1
6
8
8
3
8
42
8
6
8
8
42
8
42
42
8
8
42
6
6
6
6
1
8
8
8
8
8
8
8
8
8
8
8
8
8
8
8
8
6
8
8
8
8
8
8
8
8
3
3
8
3
3
3
3
3
3
3
3
3
3
19
3
19
3
3
3
19
3
19
19
19
3
19
19
19
19
19
19
19
19
13
19
19
19
13
4
5
5
5
0
0
12
0
0
9
9
9
9
9
17
9
9
9
9
9
9
9
9
9
9
9
9
9
9
9
9
9
9
9
9
9
9
9
9
17
17
17
17
17
9
17
17
17
17
17
17
17
17
17
17
17
17
17
4
4
4
4
4
4
4
4
4
4
4
4
6
6
6
4
6
4
6
6
6
6
6
6
6
6
6
6
6
6
1
1
1
1
1
1
1
1
40
1
1
1
1
1
1
1
1
1
28
23
28
40
28
23
23
23
23
23
23
23
23
23
23
40
23
40
5
40
23
23
40
40
23
5
5
5
5
5
5
5
5
5
5
5
5
5
5
5
5
5
5
5
5
5
5
5
29
29
26
29
29
29
29
29
29
29
26
29
29
29
26
29
29
29
26
26
26
26
26
26
26
26
26
26
26
26
26
14
14
26
14
14
14
14
14
14
26
26
14
14
14
14
14
14
14
14
12
14
12
14
14
14
12
12
12
12
12
12
12
12
12
12
12
12
25
25
25
25
25
25
25
25
25
25
25
25
25
25
25
25
25
25
35
35
35
35
25
35
25
25
35
35
35
25
35
35
35
35
35
35
35
35
35
16
16
16
16
16
16
16
16
16
16
16
16
16
24
16
16
16
24
24
24
24
24
24
24
24
24
16
16
24
24
24
24
24
24
24
41
41
41
41
41
41
41
41
41
41
41
41
41
41
41
41
41
41
41
24
24
41
24
24
41
24
41
41
41
41
41
41
41
41
41
41
41
41
41
41
41
41
41
10
10
41
41
10
10
10
10
10
10
10
10
10
10
10
10
10
10
10
10
10
36
36
36
36
36
36
36
36
36
36
36
36
36
36
36
36
36
36
36
36
36
7
7
7
2
2
2
2
2
2
2
2
7
7
7
2
2
2
2
2
2
2
2
2
7
7
7
7
7
7
7
7
7
7
7
31
31
31
31
31
31
31
31
31
31
31
31
31
31
31
31
31
31
31
31
31
31
31
31
31
31
31
31
31
31
31
30
30
30
30
30
30
30
27
30
30
30
30
30
30
30
27
30
30
30
27
30
30
27
27
27
27
27
27
30
30
27
27
30
27
27
27
27
27
27
27
27
27
15
27
15
15
15
15
33
15
15
15
15
27
21
21
30
22
22
21
21
21
22
22
22
22
21
21
22
21
21
21
22
22
22
22
22
22
22
22
22
22
22
22
22
22
22
22
22
39
39
22
22
22
39
39
39
39
39
39
39
39
39
39
39
39
39
39
39
39
39
39
39
39
38
39
38
38
38
38
39
39
39
39
39
39
38
38
38
39
38
38
38
38
37
38
37
38
38
38
38
38
38
38
38
38
38
37
38
37
38
38
38
38
38
38
37
37
37
37
37
37
37
37
37
38
38
38
38
37
38
37
37
37
37
37
37
37
37
37
37
18
37
37
37
18
37
33
33
18
33
33
33
33
33
33
33
33
33
33
33
33
33
33
33
33
33
33
33
33
33
33
33
33
33
33
40
33
33
33
40
33
33
33
40
40
40
40
40
40
40
40
40
40
40
40
40
40
40
40
40
40
40
40
