2
2
2
2
2
6
6
2
2
2
2
2
2
2
2
2
2
2
2
2
2
2
2
2
1
2
2
2
1
1
1
1
1
1
10
1
2
1
1
1
8
1
6
1
1
2
1
1
2
2
1
1
1
34
1
1
6
6
6
6
6
6
8
6
6
6
8
8
8
8
8
8
8
42
8
8
8
8
8
8
8
8
42
8
42
6
8
8
8
8
8
8
8
8
20
8
8
8
8
8
8
8
8
6
8
8
8
8
8
8
8
8
8
8
8
8
8
8
8
8
8
8
8
8
8
8
8
8
8
8
8
8
8
8
8
8
8
8
8
8
8
8
8
8
8
8
8
8
3
3
8
8
3
3
8
8
3
3
8
8
3
3
3
3
3
3
3
3
3
3
19
19
19
19
3
3
3
19
3
3
3
19
3
19
19
19
19
19
19
19
19
19
19
19
19
19
19
19
13
13
13
13
13
13
40
40
13
40
0
9
0
0
0
0
0
0
9
0
9
9
9
9
9
9
9
9
9
9
9
9
9
9
9
9
9
9
9
9
9
9
9
9
9
9
17
17
17
17
17
17
17
17
17
17
17
17
17
17
17
17
17
17
17
17
17
17
17
17
17
17
17
4
9
4
4
5
9
9
9
9
9
9
9
9
9
6
6
1
1
1
1
1
1
1
1
1
1
1
1
1
1
1
1
1
1
1
1
28
28
28
28
28
28
28
28
28
28
28
28
23
23
23
23
23
23
23
23
23
23
23
23
23
23
23
23
23
23
23
23
23
23
23
23
23
23
23
23
23
23
23
5
5
5
5
5
5
29
26
29
29
29
14
26
29
29
29
29
29
26
26
26
26
26
26
26
26
26
14
26
26
26
14
26
26
26
14
14
26
26
14
14
14
14
14
14
14
14
14
14
14
14
14
14
14
14
12
12
12
14
12
12
12
12
12
12
12
12
12
12
12
12
12
12
26
25
25
25
25
25
25
25
25
25
25
25
25
25
25
25
25
25
25
25
25
35
35
25
25
25
35
35
35
35
35
35
12
12
35
6
10
35
35
35
16
16
16
16
16
16
16
16
16
16
16
24
24
24
24
24
24
24
24
24
24
24
24
24
24
24
24
24
24
24
24
24
24
24
24
41
41
41
41
41
41
41
41
41
41
41
41
41
41
41
24
41
41
41
10
10
10
10
10
10
10
36
36
36
36
36
36
36
36
36
36
36
36
36
2
36
2
36
2
2
2
2
2
2
2
2
2
2
2
2
7
7
7
2
7
7
7
7
7
7
7
7
31
31
31
31
31
31
31
31
31
31
31
31
31
31
31
31
31
31
31
31
31
31
31
31
31
31
31
31
31
31
31
30
30
30
30
30
30
30
30
30
30
30
30
27
30
27
27
27
27
27
27
27
30
30
30
30
30
30
27
27
27
27
27
27
27
27
15
15
27
27
15
15
15
15
15
15
21
15
15
21
21
21
21
21
21
21
21
21
21
21
21
22
22
21
21
22
22
22
22
22
22
22
22
22
22
22
22
22
22
22
22
22
22
22
22
22
22
22
22
22
22
39
39
39
39
39
39
39
39
38
39
39
38
39
38
38
38
39
38
38
38
38
38
38
38
38
38
38
38
38
38
38
38
38
38
38
38
38
38
38
38
38
38
38
38
37
37
37
37
37
37
37
37
37
37
37
37
37
37
37
37
37
37
37
37
37
37
37
37
37
37
37
37
37
37
33
33
37
33
33
33
33
33
33
33
33
33
33
33
33
40
33
40
40
40
40
40
40
40
40
40
40
40
40
40
40
40
40
40
40
40
40
40
40
40
40
40
