0
0
0
0
10
8
0
8
8
8
8
10
0
8
0
0
0
0
0
0
10
8
8
0
10
0
10
10
0
0
0
0
0
0
0
10
0
0
10
0
0
0
0
0
0
0
0
10
10
0
10
10
10
10
10
0
0
10
10
10
0
10
0
10
0
10
0
10
10
10
10
0
10
10
10
10
10
10
10
10
10
10
10
10
10
10
10
10
10
10
10
10
8
8
8
10
10
10
18
14
10
24
14
14
24
14
14
14
17
14
14
14
14
14
14
14
14
14
14
14
14
29
24
14
1
1
1
1
1
1
1
1
9
14
9
9
14
9
9
1
1
14
14
9
9
9
9
8
9
8
8
8
9
9
8
9
9
8
8
8
9
9
9
9
14
14
9
9
19
14
19
9
9
9
14
19
19
19
19
19
4
4
4
4
4
4
4
4
4
4
4
4
4
4
4
4
4
4
4
4
4
4
4
4
4
4
4
4
4
4
4
4
4
4
4
4
4
4
4
4
4
4
4
4
4
4
4
4
4
4
11
11
11
4
11
11
11
11
11
11
11
11
11
11
11
1
1
1
1
1
11
1
11
1
34
1
3
1
1
32
32
32
32
32
32
32
32
32
32
32
32
32
3
32
32
3
3
32
3
3
3
3
3
3
3
3
3
3
3
3
3
3
3
3
3
3
3
3
3
3
3
5
5
3
5
5
5
5
5
5
5
5
5
5
5
5
5
5
29
29
29
29
29
13
29
13
29
29
29
29
20
20
29
20
20
20
20
20
20
20
20
23
20
20
20
20
23
23
23
23
23
23
23
23
23
23
23
23
23
23
23
23
23
23
23
16
23
23
16
23
16
16
16
16
16
16
16
16
16
16
16
16
16
16
16
16
16
13
16
13
13
13
13
13
13
13
13
13
13
13
13
6
6
13
26
0
13
13
6
26
0
0
6
0
6
6
26
6
6
6
6
6
6
6
6
6
6
6
6
6
6
26
26
26
26
26
26
26
26
26
26
26
26
26
26
26
26
26
26
26
26
26
26
26
26
26
26
26
26
26
26
26
40
40
40
26
40
40
40
26
40
40
36
36
36
36
36
36
36
36
36
36
36
36
36
36
36
36
36
41
41
41
41
41
41
41
41
41
41
41
41
41
41
41
41
43
43
43
43
43
43
43
43
43
43
43
43
43
43
43
43
43
43
43
31
31
31
31
43
43
43
43
43
31
43
43
43
43
43
43
43
31
31
43
31
31
31
31
39
39
39
39
39
39
39
39
39
39
39
39
39
39
39
31
31
31
31
41
39
7
18
7
7
7
7
18
18
7
7
18
18
7
7
25
25
25
25
25
25
25
25
25
25
2
2
25
25
25
25
25
25
25
25
25
2
2
2
2
2
2
2
2
2
2
2
2
2
2
2
28
28
28
28
28
28
28
28
28
28
28
28
25
28
28
28
28
28
28
28
28
28
28
28
28
28
28
28
28
28
28
28
15
15
22
22
22
38
38
38
38
38
38
38
38
38
38
22
22
38
38
38
38
38
38
38
38
38
38
38
38
38
38
38
38
38
38
38
38
38
38
38
38
38
38
38
38
38
38
35
38
38
35
35
35
35
35
35
24
24
24
35
34
35
34
34
34
34
34
42
34
34
34
35
34
34
35
34
35
34
34
34
34
34
34
34
34
34
34
34
42
42
42
34
42
42
42
42
42
42
42
42
42
42
42
42
42
42
42
42
42
42
24
30
42
42
30
30
30
30
30
30
30
30
30
30
30
30
30
30
30
30
30
30
30
30
24
24
24
24
24
24
24
24
24
30
24
24
24
24
24
18
18
18
18
18
18
18
18
18
18
18
18
18
18
18
18
18
18
18
18
18
18
18
