8
8
8
9
9
9
9
9
9
9
9
9
9
9
9
9
9
9
9
9
9
9
9
9
9
9
9
9
9
9
9
9
9
9
9
9
9
9
9
14
9
9
9
14
14
14
14
14
14
14
14
14
19
19
14
4
4
4
4
4
4
4
4
4
4
4
4
4
4
4
4
4
4
4
4
4
4
4
4
4
4
4
4
4
4
4
4
4
4
4
4
4
4
4
4
4
4
4
4
11
4
4
4
11
4
11
4
11
4
4
11
11
11
11
11
11
1
1
3
3
3
3
1
19
19
19
19
4
20
4
20
20
20
1
1
1
3
3
3
3
10
3
3
1
23
3
3
3
10
3
3
3
3
3
3
3
3
3
3
3
3
3
3
5
3
3
10
3
10
3
10
5
3
3
8
5
3
5
3
5
3
5
5
5
8
8
5
5
5
5
5
5
5
18
18
13
13
13
13
16
20
16
16
1
1
3
20
20
20
20
20
20
20
20
20
20
20
20
20
20
23
20
20
20
23
23
20
23
23
20
23
23
23
20
20
23
23
23
23
23
23
20
23
16
16
16
16
16
16
16
23
16
16
16
16
13
13
13
13
16
13
13
13
13
13
13
13
20
13
13
13
16
13
6
13
0
13
13
26
6
6
6
0
0
0
6
6
6
0
6
0
6
6
26
26
6
26
26
26
26
6
26
26
26
26
26
26
26
26
26
26
26
26
26
26
26
26
26
26
26
26
26
26
26
26
26
26
26
40
40
40
26
40
40
40
40
40
40
40
40
40
40
40
36
36
36
36
36
36
36
36
36
36
36
36
36
36
36
36
36
36
36
36
41
41
41
41
41
41
41
41
41
41
9
41
41
7
7
7
7
7
7
7
43
43
43
43
43
43
43
43
43
43
43
43
43
43
43
43
43
31
31
31
43
31
31
31
31
31
31
31
31
31
31
31
31
31
31
39
39
39
39
39
39
39
39
39
39
39
39
39
39
39
39
39
7
7
7
7
7
7
7
7
7
7
7
7
25
25
25
25
25
25
25
25
25
2
2
2
2
2
25
2
2
2
2
2
2
2
2
2
2
2
2
2
2
28
28
28
28
28
28
28
28
28
28
28
28
28
28
28
28
28
28
28
28
28
28
28
28
28
28
28
28
28
28
28
15
3
22
15
15
15
15
22
22
22
28
28
28
15
28
28
28
15
28
28
28
15
28
15
15
15
15
15
15
15
22
22
22
15
15
15
15
15
15
15
15
15
15
22
22
15
22
22
38
22
22
22
38
22
22
22
38
22
38
38
38
38
22
22
38
38
38
38
38
38
38
38
38
38
38
38
38
38
38
38
38
38
38
38
38
38
35
35
35
35
35
29
35
35
35
15
35
35
35
35
35
35
35
35
34
34
12
12
12
12
34
34
34
12
34
34
34
12
34
34
34
34
34
34
34
42
42
42
42
42
42
42
42
42
42
42
42
42
42
42
42
42
42
42
42
27
27
42
27
27
27
27
27
27
27
21
27
27
27
27
27
27
27
27
27
27
27
27
27
27
27
27
21
27
27
27
27
27
27
21
27
27
27
27
30
30
30
30
30
27
30
30
30
30
30
30
30
30
30
30
30
30
30
30
30
30
30
30
30
30
30
30
30
30
30
30
30
24
24
24
24
24
24
24
24
24
24
24
18
18
18
18
18
18
18
18
18
18
18
18
18
18
18
18
18
18
18
18
18
18
18
18
18
18
18
18
