0
0
0
0
0
0
0
0
0
0
0
0
0
0
0
0
0
0
0
8
0
0
9
9
9
9
9
9
0
0
0
4
0
10
14
9
9
9
9
8
9
9
9
9
9
9
9
9
9
9
9
9
9
9
9
9
14
14
14
14
4
14
19
4
4
24
23
4
4
4
4
4
4
4
4
4
4
4
4
4
4
4
4
4
4
4
4
4
4
4
4
4
4
4
4
4
4
4
4
4
4
4
4
4
4
4
4
4
4
4
4
4
4
4
18
18
4
4
4
4
11
4
24
11
4
18
18
0
24
11
1
1
1
1
1
1
1
1
1
1
1
1
1
1
1
1
32
32
32
32
1
32
32
3
3
32
3
3
3
3
3
3
3
3
3
3
3
3
3
3
3
3
3
3
3
3
3
3
3
5
3
3
5
5
3
3
3
5
3
5
5
5
5
5
5
5
5
5
5
5
5
5
29
29
29
29
29
29
29
5
1
29
29
29
29
1
1
20
20
20
20
20
20
20
23
23
20
20
23
23
20
20
23
23
16
23
23
23
23
23
23
23
23
23
23
23
23
23
23
23
23
23
23
23
23
20
23
23
23
23
23
23
16
16
16
23
16
16
16
16
16
13
13
13
13
13
13
13
13
26
23
13
6
6
6
6
6
6
0
0
0
0
0
26
26
26
6
6
26
6
6
6
6
6
6
6
26
26
26
26
26
26
26
26
26
26
26
26
26
26
26
26
26
26
26
26
26
26
26
26
26
26
26
26
26
26
26
26
26
26
26
26
26
29
40
40
40
40
40
13
13
40
26
40
40
36
36
36
36
36
36
36
36
36
36
36
36
36
36
36
36
36
36
36
36
41
41
41
41
41
41
41
41
41
41
41
41
41
41
41
41
41
41
41
43
7
7
7
7
43
43
43
43
43
43
43
43
43
43
43
43
43
43
43
43
43
43
39
39
39
31
31
31
39
39
39
31
31
31
31
31
31
31
31
31
31
31
31
31
31
31
31
39
31
39
39
39
39
39
39
39
39
39
39
39
39
39
39
39
39
39
39
7
7
7
7
7
7
7
7
7
7
7
7
7
7
7
7
7
7
7
7
7
7
7
7
7
7
7
7
7
25
25
25
25
25
25
25
25
25
25
25
35
35
35
25
25
25
25
25
25
25
25
28
28
2
25
25
2
2
2
2
2
2
2
2
2
2
2
2
2
2
2
2
2
2
2
2
28
28
28
28
28
28
28
28
28
28
28
28
28
28
28
28
28
28
28
28
28
28
28
28
28
28
28
28
28
28
28
28
28
15
15
15
15
22
22
15
15
15
22
22
15
22
22
15
22
22
22
22
22
22
22
22
22
22
22
22
22
22
22
22
22
22
22
22
38
38
38
38
38
38
38
38
38
38
38
38
38
38
35
35
35
35
35
35
35
35
35
35
35
7
7
37
37
35
35
35
35
35
35
35
35
12
35
35
35
35
35
35
35
12
35
35
35
35
35
35
35
34
34
34
34
34
29
29
29
29
29
34
34
34
34
29
29
34
29
29
34
34
29
29
35
34
34
34
34
34
34
34
34
34
34
34
42
42
42
42
42
42
34
42
42
42
42
42
42
42
42
42
42
42
42
42
42
42
42
42
42
42
42
42
42
42
42
42
42
42
42
42
42
42
42
42
42
42
42
42
42
27
27
27
27
27
27
27
27
21
21
27
27
27
27
27
27
27
27
27
27
30
30
27
27
30
30
30
30
30
24
30
30
30
30
30
30
30
30
30
30
30
30
30
30
30
30
30
30
30
30
30
30
30
24
24
24
24
24
24
24
24
24
24
24
24
24
24
24
24
24
24
24
24
24
18
18
18
18
18
18
18
18
18
18
18
18
18
18
18
18
18
18
