0
0
0
0
0
0
0
0
0
0
0
0
0
0
0
0
0
10
0
0
0
0
0
0
0
0
0
14
0
0
0
10
0
0
0
0
0
10
10
0
10
10
10
10
10
10
10
10
10
10
10
10
10
10
10
10
10
10
10
10
10
10
0
10
10
0
10
10
0
10
8
0
10
10
10
10
0
9
0
14
14
9
9
9
0
14
14
14
14
9
14
14
9
9
9
9
9
9
9
9
9
14
14
14
14
9
9
9
9
9
9
9
9
9
9
9
9
9
18
9
14
16
20
14
24
9
14
19
18
20
20
19
9
9
14
9
9
18
9
9
19
19
19
14
14
19
4
19
4
4
4
4
4
4
4
4
4
4
4
4
4
4
4
4
4
4
4
4
4
4
4
4
4
4
4
4
4
4
4
4
4
4
4
4
4
4
4
4
4
4
4
11
4
11
11
4
4
11
11
11
11
11
11
11
4
11
11
11
4
11
11
11
11
11
11
11
11
11
11
11
11
1
1
1
1
13
1
1
32
1
1
1
32
32
32
32
32
32
32
32
32
32
32
3
3
3
32
32
3
3
3
3
3
3
3
3
3
3
3
3
3
3
3
3
3
3
3
5
3
5
5
3
5
5
5
3
3
5
5
5
5
5
5
5
5
5
5
5
5
5
5
29
29
29
29
29
29
5
29
29
29
29
29
29
29
29
29
29
20
20
20
20
20
20
20
20
23
20
20
20
23
20
20
23
23
23
23
23
23
23
23
23
23
23
23
23
23
16
16
23
16
16
23
16
16
16
16
16
16
16
16
16
16
16
16
16
16
16
16
16
16
16
13
16
13
13
13
16
13
13
13
13
13
13
13
0
13
0
13
0
0
0
0
6
6
0
6
0
0
0
6
0
0
6
6
6
0
6
6
6
6
6
6
6
6
26
26
26
6
6
26
26
26
26
26
26
26
26
26
26
26
26
26
26
26
26
26
26
26
26
26
26
26
26
26
40
40
26
40
40
40
6
26
36
36
36
36
36
36
36
36
36
36
36
36
36
36
36
36
36
36
41
41
41
41
41
41
41
41
41
41
41
41
41
41
7
41
43
41
43
43
43
43
43
43
43
43
43
43
43
43
43
43
43
43
43
43
43
39
39
39
39
31
31
31
31
31
31
31
31
31
31
31
31
39
39
39
39
39
39
39
39
39
39
39
39
39
39
39
39
39
39
39
39
39
39
39
39
7
7
7
7
7
7
7
7
7
7
7
7
7
7
7
7
43
43
43
43
43
43
43
7
7
7
7
25
25
25
24
24
35
35
35
35
35
35
35
35
35
39
31
43
31
43
43
31
43
43
43
43
31
31
31
31
35
35
35
7
7
7
7
7
28
28
28
28
28
28
28
28
28
2
2
2
2
2
2
2
2
2
2
2
2
2
2
2
2
2
2
2
2
28
28
28
28
28
28
15
28
28
28
28
15
15
15
15
28
28
28
28
28
28
28
28
28
28
28
28
28
28
28
28
28
28
28
28
28
28
28
28
28
28
28
28
28
28
28
28
28
28
28
28
28
15
28
15
15
15
15
22
22
22
22
22
22
22
22
22
22
22
22
22
22
22
22
22
22
22
22
22
38
38
38
38
38
38
38
38
38
38
38
38
38
38
38
35
35
35
35
35
35
35
35
35
35
35
38
35
35
35
35
34
34
12
12
12
12
12
12
12
39
39
31
31
39
34
35
12
34
12
12
12
12
12
12
34
12
34
34
34
12
34
34
34
34
34
34
42
42
42
42
42
42
42
42
42
42
42
42
42
42
42
42
42
42
42
42
42
42
42
27
27
27
27
21
27
27
21
21
21
27
27
27
27
27
27
27
27
27
27
27
30
30
30
24
24
24
30
30
30
30
30
30
30
30
30
30
30
30
30
30
30
30
30
30
30
30
30
30
24
24
24
24
24
24
24
24
24
24
24
24
24
24
24
24
18
18
18
18
18
18
18
18
18
18
18
18
18
18
18
18
18
18
18
18
18
18
18
