8
8
8
8
8
8
8
8
8
5
0
5
0
9
5
0
1
5
0
0
14
14
11
29
14
14
14
14
14
9
9
14
14
19
19
14
19
4
4
19
4
4
4
4
4
4
4
4
4
4
4
4
4
4
4
4
4
4
4
4
4
4
4
4
4
4
4
4
4
4
4
4
4
4
4
4
4
4
4
4
4
4
4
1
1
1
1
1
1
1
1
1
1
1
1
1
1
1
1
1
1
1
1
3
3
32
32
32
1
1
32
1
32
32
32
32
3
3
3
3
3
32
3
3
3
3
3
3
3
3
3
3
3
3
3
3
3
3
3
3
5
5
5
5
5
5
5
5
5
5
5
5
5
5
5
5
5
5
5
5
5
29
12
29
29
29
5
5
29
20
29
29
29
29
29
20
20
20
20
5
20
20
20
13
13
13
23
20
20
20
20
20
20
20
20
20
20
20
20
23
23
23
23
23
23
23
23
23
23
23
23
23
23
23
23
23
23
23
23
23
23
23
23
16
16
16
16
16
16
16
16
16
16
16
16
16
16
16
16
16
16
13
13
13
13
13
13
13
13
13
13
13
13
26
26
26
6
26
6
6
6
6
26
26
6
6
6
26
6
26
6
26
6
6
6
6
6
26
26
26
6
26
26
26
26
26
26
26
26
26
26
26
26
26
26
26
26
26
26
26
26
26
26
26
26
26
26
26
26
26
26
26
26
26
26
26
40
26
26
40
40
26
26
40
36
36
36
36
36
36
36
36
36
36
36
36
36
36
36
36
36
41
41
41
41
41
41
41
41
41
41
41
41
41
43
43
43
43
43
43
43
43
43
43
43
43
43
43
43
43
43
43
43
43
43
43
43
43
31
43
31
31
43
43
43
43
43
31
31
31
31
31
31
31
39
39
39
39
39
39
39
39
39
39
39
39
39
39
39
43
39
7
7
7
7
7
7
7
7
7
7
7
7
7
7
7
7
7
7
7
7
7
25
25
25
25
25
25
25
25
25
25
25
25
2
2
2
2
2
2
2
2
2
2
2
2
2
2
2
2
2
2
2
2
2
2
2
2
28
28
28
28
28
28
28
28
28
28
28
28
28
28
28
28
28
28
28
28
28
28
28
28
28
28
28
28
28
28
28
28
28
28
15
15
15
15
15
22
22
22
22
15
22
22
22
22
22
22
22
22
22
22
22
22
22
15
15
15
22
15
22
15
15
22
15
22
22
22
22
22
38
22
22
22
22
38
38
35
35
35
35
35
35
35
35
35
35
35
35
35
35
35
35
24
35
35
34
34
34
34
34
34
34
34
34
34
34
34
34
34
34
34
34
34
34
34
34
34
34
34
42
42
42
42
42
42
42
42
42
42
42
42
42
42
42
42
42
42
42
42
42
42
27
27
42
21
21
21
21
21
21
21
21
21
21
21
21
27
21
21
21
27
30
21
27
27
30
21
21
21
21
21
21
21
21
27
21
27
21
21
21
27
27
30
27
27
21
21
21
21
21
27
27
27
27
21
21
21
21
21
21
21
27
30
30
27
30
30
30
30
30
24
30
30
24
24
30
30
30
30
30
24
24
30
30
30
24
24
30
30
30
24
30
24
24
24
24
24
24
24
24
24
24
24
24
24
24
24
24
24
18
18
18
18
18
18
18
18
18
18
18
18
18
18
18
18
18
18
18
18
18
18
18
18
18
