0
0
0
0
0
0
0
0
0
0
0
0
0
0
0
0
0
0
0
0
0
0
0
0
0
0
0
0
0
0
0
0
0
8
0
0
0
0
0
0
0
0
0
0
0
8
8
8
0
8
0
8
8
9
14
9
9
9
9
9
9
9
9
14
4
14
14
14
13
9
14
14
14
9
14
14
9
14
14
14
10
14
14
14
14
14
14
14
14
14
0
14
10
14
0
14
14
14
14
10
18
4
4
20
4
4
4
4
13
11
4
4
19
4
4
4
4
4
4
4
4
4
4
4
4
4
4
4
4
19
4
4
19
4
4
4
4
4
4
4
4
4
4
4
4
4
4
4
4
4
4
4
4
4
4
4
4
4
4
4
4
11
4
11
11
11
4
11
11
11
11
11
11
4
11
11
11
1
20
1
1
1
1
1
1
1
1
1
1
1
1
1
32
32
32
32
32
32
3
32
32
3
3
3
32
32
3
3
3
3
3
3
3
3
3
3
3
3
3
3
3
3
3
3
3
3
3
3
3
3
5
3
3
3
3
5
3
5
5
5
5
5
5
5
5
5
5
5
5
5
29
29
29
5
5
29
29
29
29
29
20
20
20
20
20
20
20
20
20
20
20
20
20
20
20
20
20
23
20
20
20
23
20
23
23
23
23
23
23
23
23
23
23
23
23
23
23
23
16
23
23
16
16
16
16
16
23
16
16
16
16
16
16
16
16
13
16
16
16
16
16
16
13
13
16
16
13
13
13
13
13
13
13
26
6
6
13
6
6
6
6
26
0
0
6
6
6
6
6
26
26
6
6
26
26
6
26
26
26
26
26
26
26
26
26
26
26
26
26
26
26
26
26
26
26
26
26
26
26
26
26
26
26
26
26
26
26
26
40
26
26
26
26
40
40
40
40
40
40
40
36
36
36
36
36
36
36
36
36
36
36
36
36
36
36
36
36
36
36
36
36
36
36
36
41
41
41
41
41
41
41
41
41
41
41
41
41
41
41
41
41
43
43
43
43
43
43
43
43
43
43
43
43
43
43
43
43
43
43
43
43
43
31
31
31
43
31
31
31
31
31
31
31
31
31
39
39
39
39
39
39
39
39
39
39
39
39
39
39
31
31
31
7
7
7
7
7
7
7
7
7
7
7
7
7
7
7
7
7
25
7
7
7
7
25
25
25
25
25
25
25
25
25
25
2
2
25
25
25
25
25
25
25
25
25
2
2
2
2
2
2
2
2
2
2
2
2
2
2
2
25
28
28
28
28
28
28
28
28
28
28
28
28
28
28
28
28
28
28
28
28
28
28
28
28
28
28
28
28
28
28
15
15
15
15
22
15
15
22
15
22
22
22
22
22
22
22
22
22
22
22
22
22
22
22
38
22
22
38
38
22
22
38
38
38
38
38
38
38
38
38
38
38
38
38
38
38
38
35
35
35
35
35
35
35
35
35
35
35
35
35
35
35
35
35
35
35
12
35
12
35
35
12
35
12
12
12
12
12
12
34
34
34
35
34
34
34
34
34
34
34
34
34
34
42
34
42
42
42
34
34
34
34
34
42
42
34
34
34
34
34
34
34
34
34
42
42
42
34
34
42
42
42
42
42
34
34
34
34
34
34
42
42
42
42
27
42
21
21
27
27
27
27
27
27
27
27
27
27
30
27
27
27
42
27
27
27
27
27
27
27
27
27
27
42
27
27
27
27
27
27
27
30
30
30
30
30
30
30
30
30
30
30
30
30
30
30
30
30
30
30
30
30
30
30
30
30
24
24
24
24
24
24
24
24
24
24
24
24
24
24
24
24
24
24
37
24
24
37
37
37
37
37
37
37
37
37
37
37
37
37
37
37
37
37
37
37
37
37
37
37
37
37
37
37
37
37
37
37
37
37
24
37
37
37
37
37
37
37
37
37
18
18
18
18
18
18
18
18
18
18
18
18
18
18
18
18
18
18
18
18
18
18
18
18
18
18
18
18
