0
0
0
0
0
0
0
0
0
0
0
0
0
0
0
0
0
0
0
0
0
0
0
0
0
0
0
0
0
0
0
0
0
0
1
0
0
10
0
0
0
0
0
0
0
0
0
0
0
0
0
0
0
0
0
0
0
0
0
0
0
0
0
0
0
0
0
0
0
0
0
0
0
0
0
0
0
0
0
0
0
0
0
0
0
0
0
0
0
0
0
0
0
0
0
0
0
0
0
0
0
0
0
0
0
0
0
0
0
0
0
0
0
0
0
0
0
0
0
0
0
0
10
10
0
10
10
10
0
0
0
10
10
0
10
10
10
0
10
0
0
10
0
0
0
10
8
0
10
0
10
10
9
9
9
9
9
9
9
9
9
9
9
9
9
9
9
9
9
9
9
9
9
9
9
9
9
9
9
14
14
14
9
14
14
19
14
29
4
29
4
29
4
29
5
19
4
4
4
4
4
4
4
4
4
4
4
4
4
4
4
4
4
4
4
4
4
4
4
4
4
4
4
11
4
4
4
4
4
4
4
11
4
4
4
11
4
4
11
11
11
11
11
11
11
11
11
11
11
11
11
11
11
11
11
11
11
11
11
11
1
3
11
1
1
1
1
1
1
1
1
1
1
1
1
1
1
1
1
1
32
32
32
32
32
32
32
32
32
32
32
32
32
32
32
3
3
32
3
3
32
3
3
3
3
32
3
3
3
3
3
3
3
3
3
3
3
3
3
5
3
3
3
5
3
5
3
5
5
5
5
5
5
5
5
5
5
5
5
5
5
5
5
5
29
29
29
29
5
5
29
29
29
29
29
29
29
29
29
29
29
20
3
20
16
16
16
16
16
16
16
16
23
16
16
16
23
23
23
16
23
16
23
23
23
16
16
23
23
23
16
23
23
16
23
23
23
23
16
16
23
16
16
16
23
16
16
26
26
16
16
26
26
16
16
26
26
26
26
16
40
26
16
26
40
26
40
26
40
40
16
40
40
40
13
13
40
13
13
13
40
13
13
13
40
13
40
13
6
6
6
26
40
6
6
26
40
6
13
26
26
26
13
26
40
26
26
26
26
26
6
26
26
26
26
26
26
26
26
26
26
26
26
26
40
40
40
40
40
40
40
40
40
40
40
40
40
40
40
40
40
40
16
40
40
40
16
36
36
36
36
36
36
36
36
36
36
36
36
36
36
36
36
36
41
41
41
41
41
41
41
41
41
41
41
41
36
41
43
41
43
43
43
43
43
43
43
43
43
43
43
43
43
43
43
43
43
43
43
43
43
43
43
43
43
43
43
43
43
43
43
43
43
43
31
31
31
31
31
31
31
39
39
39
39
39
39
39
39
39
39
39
39
31
7
7
7
25
7
7
7
37
37
37
7
7
7
18
18
18
18
18
18
33
37
18
2
25
25
25
25
2
2
2
2
2
2
2
2
2
2
2
2
2
2
18
18
18
18
24
24
24
24
24
24
24
23
23
23
28
28
28
28
28
28
24
28
24
28
24
24
24
24
24
24
24
24
24
24
24
24
24
23
24
24
24
24
24
24
24
23
24
24
24
24
24
24
24
24
24
24
24
24
24
24
24
24
22
24
24
24
24
24
24
24
24
24
24
24
24
24
24
24
24
24
24
24
24
38
38
35
38
18
35
35
24
38
35
35
35
24
35
35
42
35
34
34
35
35
12
35
12
12
12
12
12
34
34
34
12
12
34
34
34
35
34
34
42
34
34
42
42
42
42
42
42
42
42
42
42
42
42
42
42
42
42
42
42
42
42
42
42
42
42
42
42
42
27
27
27
27
27
27
27
27
27
27
30
30
30
27
30
30
30
30
30
30
30
30
30
30
30
30
30
30
30
30
30
30
30
30
30
30
30
30
30
30
30
30
30
30
30
30
30
30
30
30
24
24
24
24
24
24
24
24
24
24
24
24
24
24
24
24
24
24
24
24
18
18
18
18
18
18
18
18
18
18
18
18
18
18
18
18
18
