41
41
9
8
8
8
9
8
9
8
8
8
8
8
8
8
8
8
9
9
8
8
8
9
9
9
9
9
9
9
9
9
9
9
14
41
9
9
9
9
9
9
9
9
9
9
9
9
9
9
9
9
9
29
9
9
9
9
29
4
4
20
4
4
4
0
11
4
4
4
4
4
4
4
4
4
4
0
20
4
4
4
11
4
4
4
4
4
4
4
4
4
4
4
4
4
4
4
4
4
4
4
4
4
4
4
4
4
4
4
4
4
4
4
4
4
4
4
4
4
4
4
4
4
4
4
4
4
4
4
4
4
4
4
4
4
4
4
11
11
4
11
11
11
4
11
11
11
4
11
11
11
4
11
4
11
4
11
11
4
4
11
11
3
11
0
0
3
4
0
0
3
4
0
11
0
4
11
11
0
11
1
0
11
11
0
11
24
0
0
4
0
0
0
24
0
0
0
0
24
0
24
24
18
0
18
0
0
0
0
0
0
0
17
18
18
0
17
17
18
0
17
17
24
17
17
11
11
11
11
11
11
11
17
11
11
11
11
11
11
11
0
11
11
11
11
11
0
1
11
1
5
1
33
1
1
1
1
1
1
1
1
1
1
32
32
32
32
32
32
1
1
32
32
32
32
32
32
32
32
32
3
32
32
32
3
32
32
32
3
3
32
32
3
3
3
3
3
3
3
3
3
3
3
3
3
3
3
3
5
3
3
3
5
3
5
3
5
5
5
3
5
5
5
5
5
5
3
16
3
1
20
20
5
29
1
23
32
18
20
20
20
29
20
20
20
20
20
20
20
20
20
20
20
20
20
20
13
20
20
23
13
23
20
20
13
23
20
20
20
20
20
20
20
20
23
20
23
23
23
23
32
23
23
23
32
23
23
23
32
23
23
13
13
23
16
16
16
13
16
16
5
16
16
5
3
5
5
5
3
18
17
17
13
18
13
13
13
6
18
13
13
18
26
13
13
13
18
26
26
26
18
6
6
26
26
26
6
26
26
26
26
26
26
26
26
26
26
26
26
26
26
26
26
26
26
26
26
26
26
26
16
26
26
26
26
26
26
26
26
26
26
40
26
26
26
26
13
26
40
40
40
40
26
26
36
36
36
36
36
36
36
36
36
36
36
36
36
36
36
36
36
36
36
41
41
41
41
41
41
41
20
20
20
20
41
41
41
41
41
43
43
43
43
43
43
43
43
43
43
43
43
43
43
43
43
43
43
43
43
31
31
31
31
31
31
31
31
31
31
31
39
39
39
39
39
39
39
39
39
39
39
39
39
39
39
39
39
39
31
31
7
7
18
7
7
7
7
7
7
33
7
7
25
7
7
25
25
7
25
7
25
25
25
25
25
25
25
25
25
25
25
25
25
25
25
25
25
25
25
25
2
2
25
2
2
2
2
2
2
2
2
2
28
28
28
28
28
28
28
28
28
28
28
28
28
28
28
28
28
28
28
28
28
28
28
28
15
28
28
28
28
28
28
28
15
15
15
15
15
15
15
22
22
22
22
22
22
22
22
22
38
22
22
22
38
38
38
38
38
38
38
38
38
38
38
38
38
38
38
38
38
38
38
38
38
38
38
38
38
35
35
35
35
35
35
35
35
35
35
35
35
38
35
35
35
35
35
35
34
34
34
34
34
34
34
34
12
34
34
34
34
34
34
34
34
34
34
34
34
34
42
42
34
42
42
42
42
42
42
42
42
42
42
42
42
42
42
42
42
42
42
42
42
27
30
30
27
27
30
27
27
27
27
27
27
27
27
27
27
27
27
27
21
27
30
30
27
27
30
30
30
30
27
27
27
27
27
27
30
27
30
27
30
27
30
30
30
30
30
30
30
30
30
30
30
30
27
30
30
30
30
30
30
30
30
30
30
30
30
30
30
30
30
30
30
30
30
30
30
30
30
24
30
30
30
24
30
30
30
24
30
30
30
24
24
18
18
24
18
24
24
18
18
18
18
18
18
18
18
18
18
18
18
18
18
18
18
18
18
18
18
18
18
18
18
18
18
18
18
18
18
18
18
18
