9
9
10
9
9
9
9
9
9
9
9
9
9
9
9
29
4
5
11
14
11
4
10
11
4
4
19
19
4
19
19
4
19
4
4
4
4
4
4
4
4
4
4
4
4
4
4
4
4
4
4
4
4
4
4
4
4
4
4
4
4
4
4
4
4
4
4
4
4
4
4
4
4
4
4
4
4
4
4
4
4
4
4
4
4
4
4
4
1
0
0
0
0
11
0
0
0
1
3
5
1
1
1
1
1
1
1
1
3
3
3
3
3
3
3
3
3
3
3
3
3
3
3
3
3
3
3
3
3
3
3
3
3
3
3
3
3
3
3
3
3
3
3
5
18
5
5
5
5
5
5
5
5
5
5
5
5
5
5
18
5
18
6
5
5
5
29
5
5
5
20
29
20
29
29
29
29
29
29
29
29
20
20
20
20
20
20
20
20
20
20
23
23
20
20
23
20
23
20
23
23
23
20
23
23
23
20
23
23
23
23
23
23
23
23
16
16
16
23
16
16
16
16
16
16
16
16
16
13
13
16
13
13
13
13
13
13
13
13
13
13
13
13
13
13
13
13
13
0
0
0
0
0
0
13
13
0
0
0
0
0
0
0
13
0
0
0
0
0
0
0
0
0
0
0
13
0
0
0
0
0
0
0
13
0
0
0
0
0
0
0
13
17
0
17
6
17
6
6
6
17
0
6
0
17
0
6
26
26
26
40
26
26
26
36
36
36
36
36
36
36
36
36
36
36
36
36
36
36
36
41
36
36
36
36
36
36
36
41
41
41
41
41
41
41
41
41
40
41
41
41
7
41
41
41
43
43
43
43
43
43
43
43
43
43
43
43
43
43
43
43
43
43
43
43
43
43
43
43
31
31
31
31
31
31
31
31
31
31
31
31
31
31
31
31
31
39
39
39
39
39
39
39
39
39
39
39
39
39
39
39
39
39
39
7
7
7
7
7
7
7
7
7
7
37
25
25
25
25
25
25
7
25
25
25
25
25
25
25
25
25
25
25
25
25
25
25
25
25
25
25
25
25
25
25
25
25
25
25
25
25
25
25
2
2
2
2
2
2
2
2
2
2
2
2
2
2
2
28
28
28
28
28
28
28
28
28
28
28
28
28
28
28
28
28
28
28
28
28
28
28
28
28
28
28
28
28
28
15
28
22
15
22
22
22
22
22
22
38
22
22
22
38
22
22
22
38
22
38
22
38
22
38
22
38
38
38
22
38
38
38
22
38
38
38
38
38
38
38
38
35
38
38
38
38
35
32
35
35
35
35
35
35
35
35
35
35
35
24
35
35
35
35
35
35
35
35
35
35
35
35
35
35
35
35
35
38
38
38
35
35
35
35
35
35
35
35
35
34
34
34
34
34
34
34
35
34
42
34
34
34
42
34
34
34
42
34
34
34
42
34
42
42
42
42
34
42
42
42
42
42
42
42
42
42
42
42
34
42
42
42
42
42
42
42
42
42
42
42
42
42
42
42
42
42
42
42
42
42
27
27
27
27
30
30
30
30
30
30
30
30
30
30
30
30
30
30
30
30
30
30
30
30
30
30
30
30
30
30
30
30
24
24
24
24
24
24
24
24
24
24
24
24
24
24
24
24
24
24
24
18
18
18
18
18
18
18
18
37
18
18
37
18
18
18
18
18
18
37
