0
0
0
0
0
0
0
10
10
8
8
8
0
0
10
0
0
0
0
0
0
0
0
0
8
8
10
0
0
0
0
0
0
8
8
8
8
8
8
8
8
8
8
8
8
8
8
8
8
8
8
8
9
9
8
9
9
9
9
9
14
10
0
0
0
0
0
4
0
0
10
10
10
10
10
1
1
1
10
1
3
10
8
3
10
3
1
10
7
7
7
7
7
7
7
7
7
7
7
7
7
7
7
7
7
7
7
7
10
4
0
11
0
0
0
0
4
4
13
4
4
4
4
4
4
4
4
0
4
11
0
0
4
11
11
5
5
5
1
0
9
9
9
14
9
14
9
14
14
29
14
29
29
14
18
9
18
18
18
29
29
29
29
29
18
29
9
14
4
19
19
19
19
19
19
4
4
19
19
19
4
4
19
19
4
4
4
4
4
4
4
4
4
4
4
4
4
4
4
4
4
4
4
4
4
4
4
4
4
4
4
4
4
11
4
4
4
11
4
4
11
11
11
11
11
1
1
1
1
1
1
1
1
1
1
1
1
1
3
1
3
32
32
1
1
1
1
3
3
3
3
3
3
32
3
3
3
3
3
3
3
3
3
3
3
3
3
3
3
3
3
5
3
3
3
3
3
5
5
5
5
3
5
5
5
5
5
5
5
5
5
5
5
5
5
5
29
29
29
29
29
29
29
29
35
29
29
29
29
29
20
20
20
20
20
20
20
20
20
20
20
20
20
20
20
20
20
20
20
23
23
23
23
23
23
23
23
23
23
23
23
23
23
23
23
23
23
23
23
23
23
23
16
16
16
16
16
16
16
16
16
16
16
16
16
13
16
16
13
13
13
13
13
13
16
13
13
13
13
13
13
13
13
13
17
18
0
13
0
18
13
0
17
18
0
6
6
18
0
0
6
18
17
6
6
6
0
6
26
26
26
6
26
26
26
26
26
26
26
26
26
26
6
26
26
26
26
26
26
26
26
26
26
26
26
26
26
26
26
26
26
26
26
26
40
40
40
26
40
40
40
40
40
36
36
36
36
36
36
36
36
36
36
36
36
36
36
36
36
36
36
36
36
41
41
41
41
41
41
41
41
41
41
40
41
41
18
41
41
41
43
43
43
43
43
43
43
43
43
43
43
43
43
43
43
43
43
43
39
39
31
31
39
39
31
31
31
31
31
31
31
39
39
39
39
39
39
39
39
39
39
39
39
39
39
39
39
39
39
39
24
24
7
7
7
7
7
7
7
7
7
7
25
25
25
25
25
25
25
25
25
25
25
25
25
25
2
25
2
2
2
2
2
2
2
2
2
2
2
2
2
2
2
2
2
2
2
2
2
2
2
2
28
2
28
28
28
28
28
28
28
28
28
28
28
28
28
28
28
28
28
28
28
28
28
28
28
28
28
28
28
15
28
15
15
15
15
15
15
15
15
15
15
15
15
15
22
15
15
15
22
22
15
22
22
22
15
15
22
22
22
22
22
22
22
22
22
22
22
22
22
22
22
22
22
22
22
22
38
38
38
38
38
38
38
38
38
38
35
38
35
35
35
35
35
35
35
35
35
35
35
35
35
35
35
35
35
28
28
28
35
35
12
12
12
12
12
12
35
35
35
35
28
12
12
12
12
12
12
12
12
12
12
12
12
34
34
12
12
12
34
34
34
34
34
34
34
34
34
34
34
34
34
34
42
42
34
42
42
42
42
42
42
42
42
42
42
42
42
42
42
42
42
42
42
42
42
42
42
42
42
42
42
42
27
27
42
27
27
27
30
27
27
27
27
27
27
27
27
27
27
27
27
27
27
30
27
42
42
30
30
24
30
30
30
27
27
27
27
27
27
30
27
27
27
27
30
30
27
30
30
30
30
30
30
30
30
30
30
30
30
30
30
30
30
30
30
30
30
30
30
30
30
30
30
30
24
24
24
24
24
24
24
24
24
24
24
24
24
24
24
24
18
18
18
18
18
18
18
18
18
18
18
18
18
18
18
18
18
18
18
18
18
18
18
