8
8
8
8
8
8
8
8
8
8
8
8
8
1
1
1
1
0
0
0
0
0
0
11
10
10
10
10
10
10
4
4
0
0
10
10
0
0
0
0
1
0
10
0
10
0
1
1
1
10
10
0
10
10
0
10
0
9
9
9
8
9
9
8
7
0
8
8
9
9
9
9
9
8
8
10
8
8
10
5
5
8
4
29
5
5
5
14
5
14
3
1
5
14
1
29
29
14
29
29
5
4
1
29
5
4
29
5
5
5
5
29
5
4
4
4
5
5
5
29
5
5
5
19
5
4
4
29
5
19
19
19
4
19
19
19
4
19
19
19
19
19
19
14
4
4
19
19
19
4
19
19
19
4
19
19
3
4
4
20
19
19
19
19
19
19
4
19
4
4
4
4
4
4
4
4
4
4
4
4
4
4
4
4
4
4
4
4
4
4
4
4
4
4
4
4
4
4
4
4
4
4
4
4
4
4
4
4
4
4
4
4
4
4
4
11
3
4
11
11
3
3
1
3
3
1
1
3
3
1
1
1
32
1
1
1
1
1
32
1
32
32
3
32
3
32
3
3
32
32
32
32
32
32
32
32
32
32
32
32
3
3
3
3
3
3
3
3
3
3
3
3
3
3
3
3
3
3
3
5
5
5
5
3
5
5
5
5
5
5
5
3
3
3
3
3
3
3
5
5
5
5
13
13
16
16
3
23
23
16
23
23
23
23
23
23
16
23
20
16
13
16
16
23
16
18
16
18
13
18
16
18
16
18
18
18
16
3
23
18
16
18
23
23
18
18
18
18
13
13
20
20
16
20
20
20
20
20
20
18
20
20
20
20
20
20
20
0
20
20
20
20
20
20
6
0
13
13
13
13
0
13
13
0
13
13
13
13
13
13
13
13
13
13
13
13
13
13
13
13
13
13
13
0
13
13
13
6
13
13
13
6
13
24
13
6
13
24
13
26
13
24
13
24
13
24
13
13
13
24
13
24
13
24
13
20
20
18
13
13
13
13
13
13
13
18
13
13
13
13
13
13
16
36
36
36
36
36
36
36
36
36
36
36
36
36
36
36
36
36
41
36
41
41
41
41
41
41
41
41
41
41
41
41
41
41
43
43
43
43
43
43
43
43
43
43
43
43
43
43
43
43
31
43
43
43
43
43
31
43
31
31
31
31
43
43
43
43
31
31
31
31
31
31
31
39
39
39
39
39
39
39
39
39
39
39
39
39
39
39
31
43
31
31
31
31
31
43
43
31
39
39
39
39
31
31
31
31
31
7
7
7
7
7
7
10
7
7
7
7
2
28
2
7
7
25
7
7
7
25
25
25
25
25
25
25
25
2
25
25
25
25
25
25
25
25
25
25
25
25
25
25
25
25
25
25
25
2
2
2
2
2
2
2
2
2
28
28
28
28
28
28
28
28
28
28
28
28
28
28
28
28
28
28
28
28
28
28
28
28
28
28
28
28
28
28
28
28
40
40
28
26
28
40
40
26
40
40
40
18
26
26
26
26
26
40
26
26
26
26
26
26
26
26
26
26
26
40
26
26
26
40
26
26
26
26
26
26
26
26
26
26
26
40
35
26
40
35
24
24
24
24
24
24
24
24
24
28
24
24
18
24
24
18
24
24
24
24
24
24
24
24
24
24
24
24
24
24
24
24
24
24
24
24
24
24
24
24
24
24
24
24
24
24
24
24
24
24
24
24
24
24
24
24
24
24
24
24
24
24
24
18
24
35
24
24
24
24
24
18
24
24
24
24
24
24
24
24
24
24
24
24
24
24
24
24
24
24
24
24
24
24
24
24
24
24
24
24
24
24
24
24
24
30
24
24
24
30
24
24
24
24
24
24
24
30
24
24
24
24
24
38
24
30
24
24
24
30
24
30
38
42
35
24
24
24
35
35
35
42
34
42
34
42
42
42
34
42
30
24
34
34
42
42
42
42
42
42
42
42
42
42
42
42
42
42
42
42
42
42
42
42
42
42
27
42
42
42
27
27
42
42
42
42
42
42
42
42
42
42
27
27
27
27
30
30
30
27
30
30
30
30
30
30
30
30
30
30
30
30
30
30
30
30
30
30
30
30
30
30
30
30
30
30
30
24
24
30
30
30
24
24
24
24
24
24
24
24
24
18
24
24
24
18
18
18
18
18
18
18
18
18
18
18
18
18
18
18
18
18
18
18
