0
0
0
0
0
0
0
0
0
0
0
0
0
0
0
0
0
0
0
0
0
0
0
0
0
0
0
0
0
0
0
0
0
0
0
0
0
0
0
0
0
0
0
0
0
0
0
0
0
0
0
0
0
0
1
0
0
0
0
0
0
0
0
0
0
0
0
0
0
0
0
0
0
0
0
0
0
0
0
0
8
0
0
0
0
0
0
0
0
0
0
14
14
14
14
9
9
9
8
9
0
14
0
14
9
14
9
9
9
9
9
9
9
9
9
9
14
14
14
14
19
13
19
4
4
4
4
4
4
4
4
4
4
4
4
4
4
4
4
4
4
4
4
4
4
4
4
4
4
4
4
4
4
4
4
4
4
4
4
4
4
4
4
4
4
4
4
4
4
4
4
4
4
4
4
4
4
4
4
11
11
11
4
11
11
11
1
1
11
1
5
1
1
1
29
1
1
1
1
29
29
1
1
3
3
3
3
3
3
3
3
3
3
3
32
3
3
3
3
3
3
3
32
3
3
32
3
3
3
3
3
3
3
3
3
3
3
3
3
5
5
5
3
5
3
5
3
5
5
5
5
5
5
5
5
5
5
5
5
5
5
5
5
5
5
5
5
5
5
5
29
5
29
29
16
13
29
29
29
29
29
20
20
20
20
20
20
20
20
20
20
20
20
20
23
23
20
23
20
23
20
20
20
23
20
20
20
23
23
23
23
23
23
23
23
23
23
23
23
16
23
23
23
23
23
23
23
16
23
16
23
16
16
16
23
16
16
16
16
16
16
16
16
13
13
13
13
23
18
6
26
26
26
26
26
26
26
26
26
26
26
26
26
26
26
26
26
26
26
26
26
26
26
26
26
26
26
26
26
26
26
26
26
26
26
26
26
26
26
26
26
26
26
26
26
26
26
26
26
26
26
26
26
26
26
26
26
26
26
26
40
40
40
40
40
40
40
26
40
36
36
36
36
36
36
36
36
36
36
36
36
36
36
36
36
36
36
36
36
36
36
41
41
41
41
41
41
41
41
36
36
41
41
43
43
43
43
43
43
43
43
43
43
43
43
43
43
43
31
31
31
31
43
43
43
43
31
31
31
31
31
31
31
31
31
31
31
39
39
31
39
39
39
39
39
39
39
39
39
39
39
39
31
7
39
7
18
18
43
7
7
7
7
7
7
7
7
7
7
7
7
7
25
25
25
25
25
25
25
25
25
25
25
25
25
25
25
25
25
25
25
25
25
25
2
2
2
2
2
2
2
2
2
28
39
39
31
39
39
28
28
28
28
28
28
28
28
28
28
28
28
28
28
28
28
28
28
28
28
28
28
28
28
28
28
28
28
28
15
15
15
15
15
15
15
15
15
15
15
15
22
15
15
15
15
15
22
15
22
22
22
15
22
22
22
22
22
22
22
22
22
38
38
38
38
38
38
38
38
38
38
38
38
38
38
38
35
35
35
35
35
35
35
35
35
35
35
35
35
35
35
35
35
35
35
12
12
12
12
12
12
12
12
12
12
34
12
34
12
34
34
34
34
34
34
34
34
34
34
42
42
34
34
42
42
42
34
42
42
42
42
42
42
42
42
42
42
42
42
42
42
42
27
27
27
27
27
27
27
42
27
27
27
27
27
27
27
27
27
27
27
27
27
27
27
21
27
42
21
27
21
27
42
27
27
27
27
27
27
27
27
27
30
30
27
30
30
30
30
30
30
30
30
30
30
30
30
30
30
30
30
30
30
30
30
30
30
30
30
30
30
30
30
24
24
24
24
24
24
24
24
24
24
24
24
24
24
24
24
24
24
24
24
18
18
18
18
18
18
18
18
18
18
18
18
18
18
18
18
18
18
