9
14
14
14
14
9
14
14
14
14
14
14
19
19
19
19
19
19
19
19
19
19
19
19
19
19
19
19
19
19
19
4
4
19
4
19
4
4
4
4
4
19
4
4
4
4
4
4
4
4
4
4
4
4
4
4
4
4
4
4
4
4
4
4
4
4
4
4
1
1
11
1
1
1
1
1
0
0
1
1
1
1
1
1
1
1
1
1
1
3
3
32
3
32
32
1
1
1
1
1
1
3
32
1
3
3
3
32
32
3
3
3
3
3
3
3
3
3
3
3
3
3
3
3
3
3
3
3
3
5
5
5
5
3
5
5
5
5
3
5
3
5
5
5
5
5
5
5
5
5
5
5
5
5
29
29
29
29
29
29
29
0
29
29
29
29
20
20
20
20
20
20
20
20
20
20
20
20
20
20
20
20
20
20
20
23
23
23
23
23
23
23
23
23
23
16
16
16
16
16
16
16
16
16
16
16
16
16
13
13
16
16
13
16
13
13
13
13
13
13
13
13
13
13
13
13
13
13
13
13
13
13
13
0
0
0
13
0
13
13
0
0
0
0
6
0
0
6
6
6
6
6
6
6
17
18
6
26
6
6
6
26
6
26
26
26
26
26
26
26
26
26
26
26
26
26
26
26
26
26
26
26
26
26
26
26
26
26
26
26
26
26
26
17
24
26
17
26
13
24
17
26
24
40
36
36
36
36
36
36
36
36
36
36
36
36
36
36
36
36
36
36
36
36
36
36
36
36
41
36
41
41
41
41
41
41
41
41
41
41
41
41
41
41
41
41
41
41
41
43
43
43
43
43
43
43
43
43
43
43
43
43
43
43
43
43
31
31
31
43
43
43
43
31
31
43
43
31
31
31
31
31
31
39
39
39
39
39
39
39
39
39
39
39
39
39
39
31
31
31
31
31
43
43
43
31
31
31
31
31
31
31
31
31
31
39
39
39
39
39
31
31
31
7
7
7
7
7
7
7
7
7
7
7
7
7
7
7
7
7
7
25
25
25
25
25
25
25
25
25
25
25
25
25
2
25
25
2
2
2
2
2
25
25
2
2
25
2
25
2
2
2
2
2
2
2
2
2
2
28
28
28
28
28
28
28
28
28
28
28
28
28
28
28
28
28
28
28
28
28
28
28
28
28
28
28
28
28
28
28
28
15
15
15
22
22
22
22
22
22
22
22
22
22
22
22
38
38
22
22
22
38
38
38
38
38
38
38
38
38
38
38
38
38
38
38
38
38
38
38
38
38
38
38
38
38
35
35
35
35
35
35
35
35
35
35
35
35
35
35
35
34
34
12
34
34
34
34
35
34
34
34
34
34
34
34
34
34
34
34
34
42
34
34
42
34
42
42
42
42
42
42
42
42
42
42
42
42
42
42
42
42
42
42
27
42
42
27
24
42
30
27
21
21
21
21
27
27
27
27
27
27
27
27
27
30
27
30
30
30
30
30
30
30
30
30
30
30
30
30
30
30
30
30
30
30
30
30
30
30
30
30
30
30
30
24
24
24
24
24
24
24
24
24
24
24
24
24
24
24
18
18
18
18
18
18
18
18
18
18
18
18
18
18
18
18
18
18
18
18
18
18
18
18
