1
20
1
10
10
20
1
0
10
1
0
0
0
1
0
0
1
1
1
10
11
1
20
1
10
10
10
10
5
10
9
8
8
8
8
8
8
9
8
8
8
8
9
9
9
9
5
8
9
19
5
4
4
14
14
19
19
4
14
14
14
19
19
19
14
4
4
4
4
4
4
4
4
4
4
4
19
4
4
4
4
4
4
4
4
4
4
4
4
4
4
4
4
4
4
4
4
4
4
4
4
4
4
4
4
4
4
4
4
4
4
4
4
4
4
11
11
11
11
11
11
0
0
5
5
5
5
5
5
1
1
1
3
3
3
3
3
3
3
3
3
3
3
3
3
3
3
3
3
3
3
3
3
3
3
3
3
3
3
3
3
3
3
3
3
3
3
5
5
5
5
5
5
5
5
5
5
5
5
5
5
5
5
5
5
5
5
5
5
5
5
5
5
5
29
5
5
5
5
24
5
5
5
5
29
20
20
20
20
20
20
20
20
20
23
23
23
23
23
23
23
23
16
23
16
23
16
16
16
23
16
16
16
16
16
16
16
16
16
16
16
16
16
16
16
16
13
13
13
13
13
13
13
16
16
13
13
13
13
13
13
13
13
13
13
13
13
13
13
13
0
6
0
0
6
0
0
0
6
0
0
0
0
0
0
6
6
0
0
6
0
0
0
6
6
0
0
6
6
0
6
6
6
6
6
6
6
6
6
6
6
0
6
6
6
0
6
6
6
6
6
6
6
6
6
6
26
26
26
26
26
26
26
40
26
26
26
40
26
26
40
36
36
36
36
36
36
36
36
36
36
36
36
36
36
36
36
36
36
36
36
36
36
41
41
41
41
41
41
41
41
40
41
36
36
41
41
43
43
43
43
43
43
43
43
43
43
43
43
43
43
43
43
43
43
31
31
31
31
31
31
31
31
31
31
31
43
31
31
31
31
31
31
31
39
39
39
39
39
39
39
39
39
39
39
39
39
31
31
7
7
7
7
7
7
7
7
7
7
7
7
7
7
7
7
7
7
7
7
7
7
7
7
7
7
7
39
43
43
43
43
43
31
7
7
7
7
7
7
7
7
7
7
25
25
25
25
25
25
25
25
25
2
2
2
25
25
2
25
2
2
2
2
2
2
2
2
2
2
2
2
2
2
2
2
2
2
2
2
2
2
2
2
2
2
2
2
28
28
28
28
28
28
28
28
28
28
28
28
28
28
28
28
28
28
28
28
28
28
28
28
28
28
28
28
28
28
28
28
15
22
22
22
22
22
22
22
22
22
22
22
22
22
22
38
38
38
38
22
22
38
22
38
38
38
38
38
38
38
38
38
38
38
38
38
38
38
38
38
38
38
38
38
38
35
38
35
35
35
35
35
35
35
35
35
35
35
35
35
35
35
35
35
35
35
35
35
35
12
35
12
12
12
12
12
12
12
12
12
12
12
34
34
34
34
34
34
34
34
34
34
34
34
34
34
34
34
34
34
34
34
34
42
42
34
34
42
42
42
27
21
21
21
21
21
42
27
27
27
27
27
21
27
27
27
27
27
27
27
27
21
21
21
21
42
42
21
21
21
27
27
27
27
27
27
27
27
27
27
27
30
30
30
30
30
30
30
30
30
30
30
30
30
30
30
30
30
30
30
30
30
30
30
30
30
30
30
30
30
24
24
24
24
24
24
24
24
24
24
24
24
24
24
24
24
24
24
24
24
18
18
18
18
18
18
18
18
18
18
18
18
18
18
18
18
18
18
