0
0
0
0
0
0
0
0
0
0
0
0
0
0
0
0
0
0
0
0
0
0
0
0
0
0
0
0
0
0
0
0
0
0
0
0
0
0
0
0
0
0
0
0
0
0
0
0
0
0
10
0
10
10
0
0
0
0
0
29
14
14
14
11
0
10
0
0
0
0
0
0
0
0
0
8
8
8
8
8
8
0
0
8
9
9
9
9
9
9
9
9
9
9
9
9
14
9
9
14
14
9
14
19
14
14
11
4
20
14
19
4
19
14
14
19
19
19
19
4
19
19
4
4
4
4
4
4
4
4
4
4
4
4
4
4
4
4
4
4
4
4
4
4
4
4
4
4
4
4
4
4
4
11
4
4
11
11
11
4
11
11
11
4
11
11
11
11
1
1
1
1
1
1
1
1
1
1
1
1
1
1
1
1
1
1
1
3
3
32
3
3
32
3
3
3
3
3
3
3
3
3
3
3
3
3
3
3
3
3
3
3
3
3
3
3
3
3
3
3
3
3
5
5
5
3
3
5
5
5
5
5
5
5
5
5
5
5
5
5
5
5
5
29
29
29
29
5
5
29
29
29
29
29
29
29
29
29
29
20
20
20
20
20
20
20
20
20
20
23
23
23
23
23
23
23
20
20
23
23
23
23
23
23
23
23
23
23
23
23
23
23
23
23
23
23
16
16
16
16
16
16
16
16
16
16
16
16
16
16
16
16
16
16
16
16
16
13
16
16
13
13
13
13
13
13
6
6
6
13
6
13
6
26
6
6
6
6
6
6
0
6
6
13
6
6
6
6
6
6
6
6
6
6
6
6
6
26
26
26
6
26
6
26
26
26
26
26
26
26
26
26
26
26
26
26
26
26
26
26
26
26
26
26
26
26
26
40
40
40
40
40
26
40
26
40
36
36
36
36
36
36
36
36
36
36
36
36
36
36
36
36
36
36
36
36
41
41
41
41
41
41
41
41
41
41
41
41
41
41
43
43
43
43
43
43
43
43
43
43
43
43
43
43
43
43
43
43
43
43
43
7
7
7
7
7
7
7
7
31
43
31
43
31
43
43
31
31
31
31
31
31
31
31
39
39
39
39
39
39
39
39
39
39
39
39
39
39
39
39
39
39
31
31
7
7
7
7
7
7
7
7
7
7
7
25
25
25
25
25
25
25
25
25
2
2
25
25
25
25
25
25
25
25
2
2
2
2
2
2
2
2
2
2
2
2
2
2
2
28
2
28
28
28
28
28
28
28
28
28
28
28
28
28
28
28
28
28
28
28
28
28
28
28
28
28
28
28
28
28
28
15
28
15
15
15
15
15
22
22
22
22
22
22
22
22
22
22
22
22
22
22
22
22
22
22
22
22
22
22
22
22
38
38
38
22
38
38
38
38
38
38
38
38
38
38
35
35
35
38
35
35
35
35
35
35
35
35
35
35
35
25
35
35
22
15
12
12
12
12
12
12
12
12
34
12
12
12
12
12
12
12
12
12
12
12
12
12
34
34
34
34
34
34
34
34
34
34
34
34
34
34
34
34
34
34
42
42
42
42
42
42
42
42
42
42
42
42
42
42
30
27
27
30
27
27
27
27
27
21
21
21
27
27
27
27
27
21
21
27
27
30
27
21
27
27
27
27
27
27
27
27
27
27
27
27
27
27
21
21
27
27
30
27
27
27
27
27
27
27
27
27
30
27
27
21
27
27
27
27
27
27
27
30
30
27
27
30
30
27
30
27
30
27
27
27
27
27
30
27
27
30
30
30
30
30
30
30
24
24
24
24
30
30
30
30
30
30
30
30
30
30
30
30
30
30
30
30
30
30
30
24
24
24
24
24
24
24
24
24
24
24
24
24
24
24
24
18
24
18
18
18
24
18
18
18
18
18
18
18
18
18
18
18
18
18
18
18
18
18
18
18
18
18
18
18
18
18
18
18
18
18
18
18
18
18
18
18
18
18
18
18
18
18
18
18
18
18
18
18
18
18
18
18
18
18
18
18
18
18
18
18
18
18
18
18
18
18
18
18
18
18
18
18
18
18
18
18
18
18
18
18
18
18
18
18
18
18
18
18
18
18
18
18
18
18
18
18
18
18
18
18
18
18
18
18
18
18
18
18
18
18
18
18
18
18
18
18
18
18
18
18
18
18
18
18
18
18
18
18
18
18
18
18
18
18
18
18
