0
0
0
0
0
0
0
0
0
0
0
0
0
0
0
0
0
0
0
0
0
0
0
0
0
0
0
0
0
0
0
0
0
0
0
0
0
0
0
0
0
0
0
0
0
0
0
0
0
0
0
0
0
10
10
10
0
0
0
0
10
0
0
10
0
0
0
0
0
0
10
10
0
10
0
0
0
10
10
9
0
9
9
9
9
10
0
10
10
0
0
14
14
9
8
9
9
9
8
9
9
14
14
0
9
0
9
9
9
14
8
8
8
8
8
9
9
8
8
14
9
14
9
9
14
9
14
14
9
14
9
29
9
29
9
14
9
14
20
14
14
14
14
14
14
14
14
14
9
14
16
14
9
14
14
9
14
19
9
19
19
4
4
19
4
4
24
18
24
20
20
4
4
20
4
1
18
4
4
19
4
4
4
4
19
19
18
4
19
24
19
4
4
18
4
18
19
4
4
23
4
4
4
4
4
4
4
4
4
4
4
4
4
4
4
4
4
4
4
4
4
4
4
4
4
4
4
4
4
11
4
11
11
11
4
11
11
4
4
11
11
11
11
11
11
11
11
0
17
1
1
2
32
32
32
2
1
1
32
32
32
1
1
32
1
3
32
2
32
3
3
3
3
3
3
3
3
3
3
3
3
3
3
3
3
3
3
3
3
3
5
3
5
3
5
5
5
5
5
5
5
5
5
5
5
5
5
5
5
5
5
5
5
5
29
29
29
29
29
29
13
16
13
17
17
17
29
29
0
29
20
29
29
18
18
18
20
20
20
20
20
23
23
23
20
23
20
20
20
20
20
20
20
20
20
20
20
20
20
20
20
20
20
23
20
23
23
23
23
23
23
23
23
16
16
23
23
16
23
23
23
16
16
16
23
16
23
16
23
16
16
16
16
16
16
16
16
16
16
16
16
16
13
13
13
16
13
18
13
18
13
13
13
18
6
6
18
13
26
6
26
26
13
26
26
18
6
26
26
18
26
26
26
18
26
26
26
18
26
26
26
18
26
26
26
18
26
26
26
18
26
26
26
18
26
26
26
26
26
26
26
26
26
26
26
26
26
40
26
26
40
40
40
40
40
40
40
40
40
40
40
36
36
36
36
36
36
36
36
36
36
36
36
36
36
36
36
41
41
41
41
41
41
41
41
41
41
41
41
26
29
41
41
43
43
43
43
43
43
43
43
43
43
43
43
43
43
43
43
43
43
43
43
43
43
43
43
43
43
43
43
39
39
39
39
39
39
39
39
39
39
39
39
31
31
39
39
39
39
39
39
39
39
39
39
39
39
39
39
39
39
39
31
43
31
31
31
31
31
31
31
31
31
39
39
7
7
7
7
7
7
7
7
31
31
7
31
7
31
31
31
39
39
39
39
39
39
39
39
39
39
39
39
39
39
39
39
17
17
17
17
17
17
34
35
7
7
25
7
25
25
25
25
25
25
25
25
15
25
15
2
2
2
2
2
2
2
2
2
2
2
2
2
2
2
2
2
2
2
2
2
2
28
28
28
28
28
28
28
28
28
28
28
28
28
28
28
28
28
28
28
28
28
28
28
28
28
28
28
28
28
28
28
15
28
15
15
15
15
22
22
22
22
22
22
22
22
22
22
22
22
22
22
22
22
38
22
22
22
38
22
38
38
38
38
38
38
38
38
38
38
38
38
38
38
38
38
38
38
38
38
38
38
38
38
35
35
35
35
35
35
35
35
35
35
35
38
15
25
35
35
12
12
34
34
34
12
12
12
12
12
34
12
12
12
34
34
34
34
34
34
34
34
34
34
34
42
42
42
42
42
34
42
42
42
42
42
42
42
42
42
42
42
42
42
42
42
42
42
42
42
42
42
42
42
42
42
42
42
42
42
42
42
42
42
42
42
42
42
42
42
42
27
27
30
27
30
27
27
30
30
30
30
30
30
30
30
30
30
30
30
30
30
30
30
30
30
30
30
30
30
30
30
30
30
30
24
30
30
30
30
24
24
24
24
24
24
24
24
24
24
24
18
18
18
18
18
18
18
18
18
18
18
18
18
18
18
37
37
37
