0
0
0
0
0
0
0
0
0
0
0
0
0
0
0
1
0
0
10
10
10
1
1
1
10
10
10
1
0
1
1
1
1
1
29
10
29
1
29
29
10
10
1
1
1
1
10
1
29
0
1
10
10
0
0
0
0
0
0
0
0
0
0
0
0
0
0
0
0
8
8
8
9
0
9
9
9
0
0
14
9
8
9
9
9
9
9
9
9
9
9
9
14
14
14
14
14
0
1
4
14
14
4
4
14
14
16
4
4
4
11
11
4
4
4
4
4
14
11
4
4
4
4
4
4
4
4
4
4
4
11
4
4
4
20
19
19
29
14
4
5
19
4
19
4
3
4
20
3
3
3
23
3
3
23
23
3
3
23
23
18
23
16
23
18
18
23
23
18
3
23
23
18
3
16
16
18
16
18
16
18
18
13
16
13
23
23
23
16
23
4
4
13
13
13
13
13
13
13
13
13
11
13
13
13
13
1
1
1
3
1
1
1
1
1
1
3
1
3
3
32
3
3
32
3
3
3
3
32
3
3
3
3
3
3
3
3
3
3
3
3
3
3
3
3
3
3
3
3
3
3
3
3
3
3
3
3
3
3
3
5
5
5
5
5
5
5
5
5
5
5
5
12
17
11
11
13
5
5
29
5
5
29
20
20
20
20
29
20
20
20
20
20
20
20
20
20
20
20
20
20
20
20
20
20
23
20
20
20
23
20
20
20
20
20
20
20
23
23
23
23
23
23
23
23
23
23
20
23
23
23
23
23
23
23
23
23
23
23
23
23
18
18
16
18
16
16
18
18
13
13
13
18
13
13
13
13
13
23
26
26
26
26
26
26
6
26
6
6
20
26
26
26
26
26
26
26
26
26
26
26
26
26
26
26
26
26
26
26
26
26
26
26
26
26
26
26
26
26
26
26
26
26
26
26
26
26
26
26
26
26
26
26
26
26
26
26
26
26
26
40
40
40
40
40
40
40
40
36
36
36
36
36
36
36
36
36
36
36
36
36
36
36
36
36
36
36
36
41
41
41
41
41
41
41
40
6
41
41
41
36
41
43
43
43
43
43
43
43
43
43
43
43
43
43
43
43
43
43
43
31
31
31
31
31
43
43
43
43
31
31
31
31
31
31
31
31
31
39
39
39
39
39
39
39
39
39
39
39
39
31
31
31
31
31
7
7
39
7
7
7
7
35
24
35
34
18
24
35
34
24
25
25
25
25
25
25
25
25
25
25
25
25
25
25
25
25
25
25
25
25
25
25
25
25
25
25
25
25
25
25
25
25
25
25
25
25
25
2
25
2
2
25
2
2
2
2
2
2
2
2
2
2
2
2
2
2
2
2
2
2
2
2
28
28
28
28
28
28
28
28
28
28
28
28
28
28
28
28
28
28
28
28
28
28
28
28
28
28
28
28
28
28
28
28
28
28
28
15
22
22
15
15
22
22
15
15
22
15
15
15
22
38
22
22
38
22
22
38
38
38
38
22
38
38
38
38
38
38
38
38
38
38
38
38
38
38
38
38
38
38
35
35
35
35
35
35
35
35
35
35
29
35
35
35
12
35
35
35
35
34
12
34
34
34
34
34
34
34
34
34
34
34
42
42
34
42
42
34
42
42
42
42
42
42
42
42
42
42
42
42
42
42
42
42
42
42
42
27
27
21
27
27
27
27
27
21
27
27
27
27
27
27
27
27
27
27
27
30
27
27
27
27
27
27
27
27
27
27
27
27
27
27
30
27
27
27
30
30
27
30
30
27
30
30
30
30
30
30
30
30
30
30
30
30
30
30
30
30
30
30
30
30
30
30
30
30
30
30
30
24
24
24
24
24
24
24
24
24
24
24
24
24
24
18
18
18
24
18
18
18
18
18
18
18
18
18
18
18
18
18
18
18
18
18
18
18
18
18
