0
0
0
0
0
0
0
0
0
0
0
0
0
0
0
0
0
0
0
0
0
0
0
0
0
0
0
0
10
0
9
0
1
1
1
0
0
0
0
0
0
0
0
0
0
18
36
36
36
18
18
18
18
0
0
0
0
0
0
0
0
0
0
0
0
0
10
0
10
10
10
0
0
0
0
0
0
33
33
0
0
4
11
11
0
10
0
0
0
11
11
0
10
10
33
0
0
0
0
0
0
0
4
4
10
0
0
4
0
4
0
1
11
11
4
0
0
0
0
0
0
0
0
0
0
0
0
0
0
0
0
0
0
0
0
0
0
0
0
0
0
0
0
0
0
0
0
0
0
8
8
8
8
8
9
9
9
9
14
14
9
14
19
14
19
14
16
11
14
14
19
19
14
14
14
4
4
11
19
4
19
14
19
19
19
11
4
4
4
4
4
4
19
4
19
20
14
14
14
14
18
4
13
14
13
4
13
13
16
13
13
0
13
4
13
11
13
11
4
19
13
4
13
19
4
19
19
4
4
19
19
19
19
19
19
4
4
4
4
4
4
4
4
4
19
4
4
4
4
4
4
4
4
4
4
4
4
4
4
4
4
4
4
4
4
4
11
4
4
4
4
4
4
4
4
4
4
4
11
4
4
18
11
4
4
18
11
13
11
11
11
1
1
0
1
23
11
3
3
1
1
3
3
32
3
32
32
3
32
32
32
32
32
32
32
32
32
32
32
3
3
3
32
3
3
3
3
3
3
3
3
3
3
3
3
3
3
3
3
3
5
5
3
5
5
5
3
5
5
5
3
5
5
5
5
5
5
5
5
5
5
5
5
5
5
5
5
29
29
29
5
29
5
20
29
36
36
36
29
29
29
29
29
29
5
12
12
13
13
16
20
16
16
16
20
20
20
20
29
29
5
5
5
26
26
5
20
20
20
20
20
20
23
20
20
20
23
20
20
20
20
20
20
20
20
20
20
20
20
20
20
20
20
20
23
20
20
23
23
20
20
23
23
23
23
23
23
23
23
23
23
23
23
23
23
16
16
16
16
16
16
16
16
16
16
13
13
26
13
13
16
23
20
20
20
40
20
40
20
40
40
40
40
40
40
41
41
40
36
36
36
36
36
36
36
36
36
36
36
36
36
36
36
36
36
36
36
36
36
36
36
41
36
41
41
41
41
41
41
41
41
36
41
41
41
13
43
41
41
41
43
43
43
43
43
43
43
43
43
43
43
43
43
43
43
43
43
43
43
43
39
39
39
43
41
41
41
41
41
7
43
43
43
43
43
43
43
31
31
31
31
31
39
31
31
39
39
39
39
39
39
39
39
39
39
39
39
31
39
39
39
39
39
31
39
39
39
39
39
39
39
39
39
39
29
29
29
35
20
25
7
35
24
24
24
1
25
25
7
7
7
25
25
7
25
25
25
25
25
25
25
25
25
25
25
25
25
28
2
2
25
2
2
2
2
2
2
2
2
2
2
2
2
2
2
2
2
28
28
28
28
28
28
28
28
28
28
28
28
28
28
28
28
28
28
28
28
28
28
28
28
28
28
28
28
28
28
28
28
28
15
15
15
15
15
15
22
22
22
22
22
22
22
22
38
22
22
22
22
22
22
38
38
38
38
38
38
22
38
38
38
38
38
38
38
38
38
38
38
38
38
38
38
5
35
35
35
35
35
38
35
35
35
35
35
35
35
25
28
25
28
25
35
35
35
35
35
35
35
12
12
12
12
12
12
12
12
12
12
12
12
12
34
35
34
34
34
34
34
34
34
42
42
42
42
42
42
42
42
42
42
42
42
42
42
42
42
42
42
42
30
27
27
42
21
21
42
42
27
42
27
27
27
27
21
27
27
27
27
27
27
27
27
42
42
27
27
27
27
27
27
27
27
27
27
27
27
27
27
27
27
27
27
30
27
27
30
30
30
30
30
30
30
30
30
30
30
30
30
30
30
30
30
30
30
30
30
30
30
30
30
30
30
30
30
30
30
30
24
30
30
24
30
24
24
24
24
24
24
24
24
24
18
18
18
18
18
18
18
18
18
18
18
18
18
18
18
18
18
18
18
