0
0
0
0
8
8
8
8
8
8
8
9
8
8
8
8
8
8
8
8
8
8
8
8
8
8
9
9
9
9
9
9
9
9
9
9
9
8
9
9
9
9
9
9
9
8
8
8
8
9
9
9
9
9
9
9
9
8
9
9
9
9
9
9
9
9
9
14
14
14
19
19
19
19
4
4
4
4
4
4
4
4
4
4
4
4
4
4
4
4
4
4
4
4
4
4
4
4
4
4
4
4
4
4
4
4
4
4
4
4
4
4
4
4
4
4
4
4
4
4
4
4
4
4
11
3
3
11
1
1
1
1
1
1
1
1
1
1
3
1
1
1
1
3
1
1
3
1
3
1
1
3
3
3
1
3
3
3
3
3
3
3
1
3
3
3
3
3
3
3
3
3
3
3
3
5
3
3
3
3
3
5
3
5
3
5
5
5
5
5
5
5
5
5
5
5
5
5
5
5
5
5
5
5
3
5
5
3
29
1
29
29
29
29
29
29
29
20
20
20
20
20
20
20
20
20
20
20
20
20
23
23
20
23
23
23
23
23
23
23
23
16
23
23
23
23
23
23
16
16
16
16
16
16
16
16
16
16
16
16
16
16
16
16
16
16
13
16
16
13
16
16
13
16
16
16
16
13
13
13
13
13
13
0
0
0
13
0
0
0
0
0
0
0
0
0
0
0
0
0
0
0
0
0
6
0
13
6
6
6
6
6
6
6
6
26
26
26
6
26
26
6
26
26
26
26
26
26
26
26
26
26
26
26
26
26
26
26
26
26
26
26
26
26
40
40
26
26
26
26
26
0
6
0
40
13
0
0
13
0
0
6
0
6
26
6
26
6
26
6
26
17
40
6
40
40
40
40
40
40
40
40
40
40
40
40
40
40
40
40
40
40
40
40
40
40
40
40
40
40
40
40
40
40
40
40
40
40
40
40
40
40
40
40
40
40
40
36
36
36
36
36
36
36
36
36
36
36
36
36
36
36
36
36
36
36
36
41
41
41
41
41
41
41
41
41
41
41
41
41
43
43
43
43
43
43
43
43
43
43
43
43
43
43
43
43
43
31
31
31
31
31
31
31
31
31
31
31
31
31
31
31
31
31
31
31
39
39
39
39
39
39
39
39
39
39
39
39
39
39
39
39
39
39
39
39
41
43
7
7
7
7
7
7
7
7
7
7
7
25
25
25
25
25
25
25
25
25
25
25
25
25
25
25
2
2
2
2
2
2
2
2
2
2
2
2
2
2
2
2
2
2
2
2
2
2
2
28
28
28
28
28
28
28
28
28
28
28
28
28
28
15
28
15
15
15
28
15
15
15
15
15
15
15
15
15
15
15
15
15
22
15
15
15
15
22
15
15
15
22
15
15
22
22
22
22
22
22
22
22
22
22
22
22
38
38
22
22
38
38
38
38
38
38
38
38
38
38
38
38
38
38
35
35
35
35
35
35
35
35
35
35
24
24
35
35
35
35
41
41
20
20
34
34
34
34
34
34
42
34
34
42
42
34
42
34
42
34
34
34
34
34
34
34
34
34
42
42
42
42
42
42
42
42
42
42
42
34
42
42
42
42
42
24
24
42
42
42
37
30
37
24
24
24
37
24
37
37
37
24
24
24
24
30
37
24
37
27
37
42
42
42
24
27
37
24
24
24
24
24
24
24
24
24
24
24
24
30
24
24
24
30
24
30
27
27
24
24
37
37
24
30
37
37
37
37
37
37
30
24
37
37
37
37
37
37
24
37
37
37
37
37
37
37
37
37
37
37
37
37
37
37
37
37
37
37
37
37
37
37
37
37
37
37
37
37
37
37
37
37
37
37
37
37
37
37
37
37
37
37
37
37
37
33
33
33
33
37
37
37
37
37
37
37
37
37
37
37
37
37
24
24
24
24
37
24
37
24
37
37
37
37
37
24
37
37
37
24
37
37
37
24
24
37
24
37
24
24
24
24
24
37
37
24
24
24
18
18
18
18
18
18
18
18
18
18
18
18
18
18
18
18
18
18
18
18
18
18
18
18
18
18
18
18
