8
8
9
9
9
9
9
9
8
9
9
4
9
10
0
14
10
14
14
14
14
4
14
14
14
14
1
11
4
4
4
4
4
4
4
4
4
4
4
4
4
4
4
4
4
4
4
4
4
4
4
4
4
4
4
4
23
23
4
4
4
4
4
23
23
23
4
4
23
4
4
4
4
4
4
4
4
4
4
4
4
4
4
4
4
4
4
4
4
4
4
4
4
11
11
11
4
1
1
0
11
0
1
20
20
20
20
20
1
20
1
3
3
1
3
3
1
3
3
1
3
3
3
3
3
3
3
3
3
3
3
3
3
3
3
3
3
3
3
3
3
3
3
3
3
3
3
3
3
18
3
13
3
5
5
13
3
5
5
13
5
5
5
5
5
5
5
5
5
13
0
0
13
13
13
13
13
13
13
0
0
13
0
20
20
29
20
20
20
20
20
20
20
20
20
20
20
20
20
20
20
20
23
23
23
23
23
23
23
23
23
23
23
23
23
23
23
23
23
23
23
23
23
23
23
23
13
13
16
16
16
16
16
16
13
16
16
16
13
16
13
13
13
13
13
13
13
13
13
13
13
13
13
13
13
13
24
16
26
13
6
13
13
13
6
13
6
6
6
40
26
26
26
13
26
6
26
26
26
16
26
6
26
26
26
26
26
26
26
13
26
26
26
13
26
26
26
26
26
26
26
5
26
26
26
5
26
26
26
5
26
13
40
5
26
40
26
5
26
16
16
16
40
40
13
16
40
16
16
36
36
36
36
36
36
36
36
36
36
36
36
36
36
36
36
36
41
41
41
41
41
41
41
41
41
41
13
13
41
7
7
7
7
43
43
43
43
43
43
43
43
43
43
43
43
43
43
43
43
43
43
43
43
43
43
31
43
43
43
43
43
43
31
31
39
39
39
39
39
39
39
39
39
39
39
39
39
39
39
39
39
7
7
7
7
7
7
7
7
7
7
7
25
25
25
25
25
25
25
25
25
2
2
25
25
25
25
25
25
2
2
2
2
2
2
2
2
2
2
2
2
2
2
2
2
28
28
25
28
28
28
28
28
28
28
28
28
28
28
28
28
28
28
28
28
28
28
28
28
28
28
28
28
28
28
28
28
28
15
15
15
15
22
15
22
22
22
22
22
22
22
22
22
22
22
22
22
22
22
22
22
22
22
22
22
22
38
22
38
38
38
38
38
38
38
38
38
38
38
38
38
38
38
35
35
38
35
35
35
35
35
35
35
35
35
25
25
25
35
35
35
35
35
35
35
35
35
34
12
34
35
12
12
34
12
12
12
12
34
34
34
34
12
34
34
34
34
34
34
35
35
34
24
34
35
24
18
18
35
24
18
32
24
34
34
18
38
24
34
34
34
34
34
32
32
34
18
18
35
24
34
34
34
34
34
34
34
34
34
34
34
34
34
34
34
34
34
34
34
34
34
34
34
34
34
34
34
34
34
34
34
24
42
34
42
42
34
34
34
42
42
42
42
42
42
42
42
42
42
34
34
42
42
42
42
42
42
42
42
42
42
42
42
42
42
42
42
42
42
42
42
27
27
30
27
27
27
27
27
27
27
27
27
27
27
21
27
27
27
27
27
27
27
27
27
27
27
27
27
27
27
27
27
27
27
27
27
27
27
27
30
27
30
30
30
30
30
30
30
30
30
30
30
30
30
30
30
30
30
30
30
30
30
30
30
30
30
30
30
30
30
30
30
24
24
24
24
24
24
24
24
24
24
24
18
18
24
18
18
18
18
18
18
18
18
18
18
18
18
18
18
18
18
18
18
18
18
18
18
18
18
18
