0
0
0
0
0
0
0
0
0
0
0
0
0
0
0
0
0
0
0
0
0
0
0
0
0
0
0
0
0
0
0
0
10
0
0
0
0
0
0
0
0
0
0
0
0
0
0
0
0
0
0
0
0
10
10
0
10
10
0
0
0
0
0
0
0
0
0
0
0
0
0
0
0
0
10
0
0
0
0
0
0
0
0
0
0
0
0
0
0
0
0
0
0
0
0
0
0
0
0
0
0
0
0
0
0
0
0
0
0
0
0
0
0
0
0
0
0
0
0
0
0
0
0
0
0
0
0
0
0
0
0
0
0
0
0
0
0
0
0
0
0
0
0
0
0
0
0
0
0
0
0
0
0
0
0
0
0
0
0
0
0
0
0
0
10
8
8
9
9
9
8
9
8
9
9
8
8
9
8
9
8
9
8
9
8
8
8
8
9
9
9
8
9
9
9
9
9
9
9
9
9
9
9
9
14
9
14
9
9
9
9
14
14
9
9
14
14
9
9
14
19
20
14
4
14
14
14
19
14
18
14
14
14
19
14
11
19
4
4
4
19
4
4
4
4
4
4
4
4
4
4
4
4
4
4
4
4
4
4
4
4
4
4
4
4
4
4
4
4
4
4
4
4
4
4
4
4
4
4
4
4
4
4
4
4
4
4
4
4
4
4
4
4
4
4
4
4
4
4
4
11
11
11
11
11
11
1
20
20
20
13
13
16
5
5
16
29
1
3
16
16
5
5
1
3
3
3
3
3
3
3
3
3
3
3
3
3
3
3
3
3
3
3
32
3
3
3
32
3
3
3
3
3
3
3
3
3
3
3
3
3
3
3
3
3
5
3
5
5
5
3
3
5
5
3
5
5
5
5
11
5
5
5
11
3
29
5
11
29
29
29
20
29
29
29
29
29
29
20
20
20
20
20
20
20
23
16
32
23
16
32
20
20
32
32
20
32
32
32
32
32
26
32
20
32
26
32
20
32
26
26
32
32
26
32
23
26
26
26
23
26
26
26
23
26
26
26
23
26
26
26
23
23
23
26
23
26
23
26
23
23
23
26
23
23
32
26
18
32
23
23
23
23
23
23
23
23
23
32
23
20
23
20
20
23
23
23
23
23
23
23
23
23
23
23
23
20
23
23
18
18
18
20
20
20
18
13
20
0
6
26
26
26
26
26
26
6
26
26
26
26
26
26
26
26
26
26
26
26
26
26
26
26
26
26
26
26
26
26
26
26
26
26
26
26
26
26
26
26
26
26
26
26
26
26
26
26
26
26
26
26
26
26
26
26
40
40
40
40
40
40
40
40
40
36
36
36
36
36
36
36
36
36
36
36
36
36
36
36
36
36
36
36
36
36
36
36
36
41
41
41
41
41
41
41
41
41
41
41
41
41
41
43
41
41
41
43
43
43
43
43
43
43
43
43
43
43
43
43
43
43
43
43
43
39
31
31
31
31
31
31
31
31
31
31
31
31
39
39
39
39
39
39
39
39
39
39
39
39
39
39
39
39
39
31
31
7
7
7
7
7
7
7
7
7
7
7
7
7
7
7
7
7
7
7
7
7
25
25
25
25
25
25
25
25
25
2
2
2
2
25
25
25
25
2
2
2
2
2
2
2
2
2
2
2
2
2
2
2
2
2
2
2
2
2
28
28
28
28
28
28
28
28
28
28
28
28
28
28
28
28
28
28
28
28
28
28
28
28
28
28
28
28
28
28
28
28
28
28
28
28
15
15
15
15
22
22
22
15
22
22
22
22
22
22
22
22
22
22
22
22
38
22
22
22
38
22
22
38
38
22
22
22
38
22
38
38
38
38
38
38
38
38
35
35
35
35
35
35
35
35
35
35
35
35
35
35
35
35
35
35
34
34
12
12
12
12
12
12
12
34
12
34
34
34
34
34
34
34
42
42
42
42
42
42
42
42
42
42
42
42
42
42
42
42
42
42
42
42
42
27
27
27
42
27
27
30
27
27
27
27
27
27
27
27
27
27
27
27
27
27
27
27
27
27
27
27
27
30
27
27
27
27
27
27
27
27
27
27
27
30
30
30
30
30
30
30
30
30
30
30
30
30
30
30
30
30
30
30
30
30
30
30
30
30
30
30
30
30
30
30
30
24
24
30
24
24
24
24
24
24
24
24
24
24
24
24
24
18
24
18
18
18
18
18
18
18
18
18
18
18
18
18
18
18
18
18
18
18
18
18
18
