0
0
0
0
0
0
0
0
0
0
0
0
0
0
0
0
0
0
0
0
0
0
0
0
0
0
0
0
0
0
0
0
0
0
0
0
0
0
0
0
0
0
0
0
0
0
0
0
0
0
0
0
0
0
0
9
0
0
9
9
9
9
9
9
9
9
9
9
9
9
9
9
9
9
9
9
9
9
14
14
14
4
4
4
4
4
4
4
4
4
4
19
4
4
4
4
4
4
4
4
4
4
4
4
4
4
4
4
4
4
4
4
4
4
4
4
4
4
4
4
4
4
4
4
4
4
4
4
4
4
4
4
4
4
4
4
4
4
4
4
11
11
11
1
1
1
1
1
1
1
1
1
1
1
1
1
1
1
1
1
1
1
1
1
1
1
3
32
32
1
1
32
1
1
3
3
3
3
3
3
3
3
3
3
3
3
3
3
3
3
3
3
3
3
3
5
5
5
5
5
5
5
5
5
5
3
5
5
5
5
5
5
5
5
29
29
29
29
29
29
3
3
20
1
29
29
29
29
29
29
29
29
20
20
20
20
20
20
23
23
23
20
23
23
23
23
23
23
23
23
23
23
23
23
23
23
23
23
23
23
23
23
23
23
23
23
16
16
23
23
16
16
16
23
13
13
16
16
8
8
16
16
13
13
16
16
13
13
16
16
13
13
16
16
13
8
16
16
16
16
16
13
13
13
13
18
13
18
13
6
18
18
0
6
13
18
18
6
17
18
17
18
13
0
17
17
13
17
6
6
18
6
6
6
18
6
6
6
18
6
6
26
18
26
26
26
18
26
26
26
26
26
26
26
18
26
26
26
18
26
26
26
26
26
26
26
40
18
40
40
40
40
20
17
26
40
20
40
26
40
40
40
13
36
40
40
40
40
40
26
13
40
40
40
6
40
40
40
13
40
40
26
26
40
40
40
26
40
26
26
26
40
40
26
26
40
40
40
26
40
26
40
26
40
40
26
26
40
40
40
26
40
40
26
40
40
40
40
26
40
40
36
36
36
36
36
36
36
36
36
36
36
36
36
36
36
36
36
36
36
36
41
41
41
41
41
41
13
41
41
41
43
7
43
43
43
43
43
43
43
43
43
43
43
43
43
43
43
43
43
43
43
43
43
43
43
43
43
43
43
43
43
43
43
31
31
31
31
31
39
39
39
39
39
39
39
39
39
39
39
39
39
31
31
31
39
31
7
7
7
7
7
7
7
7
7
7
7
7
7
25
25
25
25
25
25
25
25
25
25
25
25
25
25
25
25
25
25
25
25
25
25
25
25
25
2
2
2
2
2
2
2
2
2
2
2
2
2
28
28
28
28
28
28
28
28
28
28
28
28
28
28
28
28
28
28
28
28
28
28
28
28
28
28
28
28
22
22
22
22
15
22
22
22
15
22
22
22
22
22
22
22
22
22
22
38
22
22
22
22
22
22
22
22
22
22
22
38
38
38
38
38
38
38
38
38
38
38
38
38
38
38
38
35
35
35
35
35
35
35
35
35
35
35
35
35
35
35
35
35
35
35
35
35
35
12
12
12
12
12
12
12
12
12
12
12
35
35
35
34
34
35
35
34
34
34
34
34
34
34
34
34
42
34
34
34
34
34
34
34
42
42
42
42
42
42
42
27
27
42
27
27
27
27
27
27
27
42
27
27
27
27
27
27
27
27
30
27
27
42
27
27
27
30
30
27
27
42
27
21
21
27
27
27
27
27
27
27
27
27
27
27
30
30
30
30
30
30
30
30
30
30
30
30
30
30
30
30
30
30
30
30
30
30
30
30
30
30
30
30
24
24
24
24
24
24
24
24
24
24
24
24
24
24
24
24
24
24
24
24
18
18
18
18
18
18
18
18
18
18
18
18
18
18
18
18
18
18
