0
8
0
8
0
0
0
0
0
0
0
0
0
0
0
0
0
0
0
0
0
0
0
0
0
8
8
8
8
8
8
8
8
8
8
8
8
8
8
8
8
8
8
8
8
8
8
8
9
9
9
9
14
9
9
9
14
14
14
14
14
14
14
14
19
19
19
19
19
19
19
4
4
4
19
4
4
4
4
4
4
4
4
4
4
4
4
4
4
4
4
4
4
4
4
4
4
4
4
4
4
4
4
4
4
4
4
4
4
4
4
4
4
4
11
1
1
1
1
0
0
1
1
1
1
1
3
1
1
1
1
1
1
1
1
1
1
1
1
1
1
1
1
1
1
1
1
3
1
1
3
3
3
3
3
3
3
3
3
3
3
3
3
5
3
3
3
3
3
5
5
5
3
3
5
5
5
5
5
5
5
5
5
5
5
5
5
5
1
29
29
5
1
29
29
29
29
29
29
29
29
20
20
20
20
20
20
20
20
20
20
20
20
20
20
20
20
20
20
20
20
20
23
20
20
20
20
20
20
20
20
23
20
23
23
23
23
23
23
23
23
23
23
16
23
23
16
16
23
16
16
16
16
16
16
16
16
16
16
16
16
16
13
13
13
13
13
13
13
13
13
13
13
13
13
13
18
13
0
0
13
13
0
13
0
0
0
6
18
0
0
6
17
0
0
6
17
0
6
6
17
13
0
6
17
17
6
26
17
18
18
26
18
18
6
26
6
26
26
26
26
26
26
26
26
26
26
26
26
40
26
26
26
40
26
6
6
6
0
40
40
26
26
40
6
26
26
26
6
6
17
0
17
6
6
40
6
26
6
26
26
26
6
26
26
26
26
26
6
26
26
26
26
26
26
26
26
26
26
26
26
26
26
26
26
40
26
40
26
26
40
40
40
40
40
40
40
40
40
40
40
40
40
40
40
40
40
36
36
36
36
36
36
36
36
36
36
36
36
36
36
36
36
36
36
36
36
41
41
36
41
41
41
41
41
41
41
41
41
41
41
41
41
41
41
41
41
41
41
41
7
43
41
43
43
43
43
43
43
43
43
43
43
43
43
43
43
43
43
43
43
43
43
43
43
43
43
43
43
43
43
31
31
31
31
31
31
31
31
31
39
39
39
39
39
39
39
39
39
39
39
39
39
39
39
39
31
31
31
31
31
43
43
43
7
7
7
7
7
43
43
43
43
43
7
7
7
7
7
7
7
7
25
25
25
25
25
25
25
25
25
25
25
25
25
25
25
25
25
25
25
25
25
25
25
25
25
25
25
2
2
2
2
2
2
2
2
2
2
2
2
2
2
2
2
2
2
2
2
2
2
2
2
2
2
2
2
2
2
2
2
2
28
28
39
39
39
39
28
28
28
28
28
15
15
28
28
28
28
28
28
28
28
28
28
28
28
28
28
28
28
28
28
28
28
28
28
28
28
28
28
28
28
28
28
28
28
28
28
15
15
15
15
22
22
22
22
22
22
22
22
38
38
38
38
38
38
38
38
38
38
38
38
38
38
38
38
38
38
38
38
38
38
38
38
38
38
38
38
38
38
35
35
35
35
35
35
35
35
35
35
35
35
35
35
35
35
35
35
35
35
35
35
35
35
35
35
35
12
35
35
35
12
12
35
35
34
34
34
34
34
34
34
34
34
34
34
34
34
34
34
34
34
42
34
42
34
42
34
34
34
34
34
42
42
42
42
42
27
21
21
21
21
21
27
27
27
27
27
27
27
27
27
27
27
30
30
30
30
30
30
30
30
30
30
30
30
30
30
30
30
30
30
30
30
30
30
30
30
30
30
30
30
30
30
30
30
24
24
24
24
24
24
24
24
24
24
24
24
24
30
24
24
24
24
24
24
24
24
24
24
24
24
37
37
24
24
24
24
24
37
37
37
37
37
24
18
18
18
18
18
18
18
18
18
18
18
18
18
18
18
18
18
18
18
18
18
18
18
18
18
18
18
18
