0
0
0
0
0
0
0
0
0
0
0
0
0
0
0
0
0
0
0
0
0
0
0
0
0
0
0
0
0
0
0
0
0
0
0
0
0
0
0
0
0
0
0
0
0
0
0
0
0
0
0
0
0
0
0
0
0
0
10
0
0
0
0
0
0
10
0
0
0
0
10
0
0
0
0
0
0
0
0
10
0
10
0
0
0
0
10
10
10
8
9
10
20
9
9
8
9
8
8
8
9
8
9
9
9
9
9
9
9
9
0
14
4
0
14
14
9
9
9
9
9
9
9
9
9
9
9
9
9
9
20
9
19
14
14
19
14
19
19
4
19
19
19
4
19
4
19
19
19
4
19
4
19
4
4
4
4
4
4
4
4
4
4
4
4
4
4
4
4
4
4
4
4
4
4
4
4
4
11
4
4
4
4
4
11
11
11
4
11
11
11
11
11
11
11
11
4
11
11
11
11
11
11
11
11
11
11
11
11
11
11
11
1
1
1
1
1
1
1
1
1
1
29
1
1
1
1
1
1
3
3
3
3
3
1
3
3
1
32
32
1
1
32
1
1
1
1
1
32
1
1
1
32
32
32
32
3
3
3
3
1
32
3
5
3
3
3
5
5
3
3
3
5
3
3
5
3
3
3
5
5
5
5
5
5
5
5
5
5
5
5
5
5
29
29
29
13
29
13
29
29
29
20
20
20
20
20
20
20
20
20
20
20
20
20
20
20
20
20
20
23
23
23
23
23
23
23
23
23
23
23
23
23
23
23
23
23
23
23
23
23
23
23
16
16
16
16
23
23
16
16
16
16
16
16
16
16
16
16
16
16
16
16
16
16
16
16
16
13
13
13
13
13
13
6
6
6
6
26
26
26
26
26
6
6
6
6
0
6
6
26
6
6
6
26
26
26
6
26
26
26
6
26
26
26
26
26
26
26
6
26
26
26
26
26
26
26
26
26
26
26
26
26
26
26
26
26
26
26
26
26
26
26
26
26
40
40
40
40
40
26
40
40
40
40
40
36
40
36
36
36
36
36
36
36
36
36
36
36
36
36
36
36
36
36
36
36
36
36
36
36
41
36
36
36
36
36
36
41
41
41
41
41
41
41
41
41
41
41
41
41
41
41
43
43
43
43
43
43
43
43
43
43
43
43
43
43
43
43
43
43
43
43
31
31
43
43
31
31
31
31
31
31
31
31
31
31
39
39
39
39
39
39
39
39
39
39
39
39
39
39
39
39
39
39
41
41
41
7
7
7
7
7
7
7
7
7
7
7
7
25
7
25
25
25
25
25
25
25
25
25
25
25
25
2
25
2
2
25
25
2
2
2
2
2
2
2
2
2
2
2
28
28
28
28
28
28
28
28
28
28
28
28
28
28
28
28
28
28
28
28
28
28
28
28
28
28
28
28
28
28
28
28
15
28
15
15
22
15
15
15
22
15
22
22
22
22
22
22
22
22
22
22
22
22
22
22
38
38
38
38
38
38
38
22
38
38
38
22
38
38
38
38
38
38
38
38
38
38
38
35
35
35
35
35
35
35
35
35
35
39
43
39
31
39
31
39
31
35
35
35
35
12
34
34
34
34
34
34
34
34
34
34
34
34
34
34
34
34
34
34
34
34
34
34
42
42
42
42
42
42
42
42
42
42
42
42
42
42
42
42
42
42
42
27
42
27
27
27
27
27
27
27
30
27
27
27
27
27
27
27
27
27
27
27
21
21
27
27
27
27
27
27
27
27
27
27
27
27
27
27
27
27
30
27
27
27
30
27
30
30
30
30
30
30
30
30
30
30
30
30
30
30
30
30
30
30
30
30
30
30
30
30
30
30
30
24
24
24
24
24
24
24
24
24
24
24
18
18
24
18
18
18
18
18
18
18
18
18
18
18
18
18
18
18
18
18
18
18
18
18
18
18
18
18
