8
8
8
8
8
8
8
8
8
8
8
8
8
8
9
8
8
8
9
9
9
9
9
8
9
9
9
20
5
5
26
5
4
3
4
16
4
4
4
4
4
4
4
4
4
4
4
4
4
4
4
4
4
11
4
4
4
4
4
4
4
4
4
4
4
4
19
4
4
4
4
4
4
4
4
4
4
4
4
4
4
4
4
4
4
4
4
4
4
4
4
4
4
4
4
4
4
4
4
4
4
4
4
4
4
4
4
4
4
4
4
4
4
4
4
4
4
4
4
4
4
4
4
4
4
11
11
1
11
11
1
11
11
11
11
11
11
11
11
29
1
1
1
1
1
1
32
32
1
3
32
32
3
3
3
32
1
3
3
32
3
3
3
32
3
3
3
32
3
3
3
3
3
3
3
3
3
3
3
3
3
3
3
3
3
3
3
3
5
5
5
5
5
5
5
5
5
5
5
5
5
5
5
5
5
5
29
29
29
29
11
13
29
29
13
29
29
20
20
29
29
20
20
20
20
20
20
20
20
20
23
20
20
23
23
23
20
23
23
23
23
23
23
16
23
23
23
23
23
23
23
16
16
16
16
16
16
16
16
16
16
16
16
16
16
16
16
16
13
13
16
13
13
13
13
13
13
13
13
13
13
13
13
13
13
13
13
6
6
6
13
13
6
13
13
0
13
0
6
6
6
6
6
6
6
6
6
6
6
6
6
6
6
6
6
6
26
26
26
26
26
26
26
26
26
26
26
26
26
26
26
26
26
26
26
26
26
26
26
26
26
26
26
26
26
26
40
40
26
26
40
40
40
40
36
36
36
36
36
36
36
36
36
36
36
36
36
36
36
36
36
41
41
41
41
41
41
41
41
41
41
41
41
41
41
43
43
43
43
43
43
43
43
43
43
43
43
43
43
43
43
43
43
43
43
43
43
43
43
43
43
43
43
43
31
43
43
31
43
43
43
43
31
31
31
31
31
31
39
39
31
31
31
31
31
31
31
39
39
39
7
7
7
7
7
7
7
7
7
7
7
7
7
7
7
25
25
25
25
25
25
25
25
25
25
25
25
25
25
25
25
25
25
25
25
25
2
2
2
2
2
2
2
2
2
2
2
2
25
25
25
25
25
25
28
28
25
25
28
25
28
28
28
28
28
28
28
28
28
28
28
28
28
28
28
28
28
28
15
15
22
22
22
22
22
22
22
22
22
22
22
22
22
22
22
22
22
22
22
22
22
22
22
38
38
22
38
38
38
38
38
38
38
38
38
38
38
38
38
38
38
38
38
38
38
35
35
35
35
35
35
35
35
35
35
35
35
35
35
35
35
35
35
12
12
35
12
34
35
12
12
12
12
12
12
35
35
12
12
34
34
34
34
34
42
42
42
42
42
42
42
42
42
42
42
42
42
42
42
42
42
42
42
42
42
21
27
27
27
21
21
21
21
21
27
21
21
21
27
27
21
27
27
27
27
27
27
27
27
27
21
21
21
27
27
21
21
27
27
27
27
27
30
27
27
27
30
30
30
30
30
30
30
30
30
30
30
30
30
30
30
30
30
30
30
30
30
30
30
30
30
30
30
24
24
24
24
24
24
24
24
24
24
24
24
24
24
24
24
24
24
24
24
24
24
24
18
18
18
18
18
18
18
18
18
18
18
18
18
18
18
18
18
18
