8
8
9
0
8
8
14
9
9
9
9
9
9
9
14
9
9
14
14
9
14
14
9
9
10
9
9
9
14
9
9
9
9
9
9
9
9
9
9
9
9
9
9
9
9
9
9
9
14
9
9
14
14
9
9
14
9
14
14
14
14
9
9
14
9
14
14
14
14
14
29
14
29
14
14
29
4
4
4
19
4
4
4
4
4
4
4
4
4
4
4
4
4
4
4
4
4
4
4
4
4
4
4
4
4
4
4
4
11
4
4
4
4
4
11
4
4
4
4
4
4
4
11
11
11
11
11
11
11
11
11
11
11
11
11
11
11
11
11
11
11
1
1
1
1
29
29
29
1
1
3
29
29
1
3
5
1
1
1
3
3
3
3
3
3
32
3
3
3
3
3
3
3
3
3
3
3
3
3
3
3
3
3
3
3
3
3
3
3
3
3
3
3
3
3
3
3
3
3
3
3
5
3
3
5
5
3
5
5
5
5
5
5
5
29
5
3
1
13
29
29
29
20
3
5
29
29
20
20
20
20
20
20
20
20
20
20
20
20
20
20
23
23
23
23
20
23
23
23
20
23
23
23
23
23
23
20
23
23
23
23
23
23
23
23
16
23
16
16
16
16
13
16
16
16
16
16
23
13
13
16
16
13
13
13
13
13
13
13
13
13
13
13
13
13
13
20
20
20
20
20
20
20
20
13
13
13
20
16
20
20
20
6
23
6
6
6
23
6
6
6
6
6
6
6
6
26
26
26
23
26
26
6
6
26
6
6
17
26
26
26
26
26
26
26
6
26
24
6
6
26
26
13
26
26
24
13
13
24
24
26
13
40
13
36
36
36
36
36
36
36
36
36
36
36
36
36
41
36
36
36
41
41
41
41
41
41
41
41
41
41
41
41
41
41
41
41
41
41
41
41
41
41
41
43
43
43
43
43
43
43
43
43
43
43
43
43
43
43
43
31
31
31
43
31
31
31
31
31
31
43
31
31
31
31
31
31
31
31
31
31
31
31
39
39
39
39
39
39
39
39
39
39
39
39
39
39
39
31
31
31
7
7
7
7
7
7
7
7
7
7
7
7
7
7
7
25
25
25
25
25
25
25
25
25
25
25
25
25
25
25
25
25
25
25
25
25
25
25
25
2
2
2
2
2
2
2
2
2
2
2
2
28
28
28
28
28
28
28
28
28
28
28
28
28
28
28
28
28
28
28
28
28
28
28
28
28
28
28
28
15
15
15
22
22
15
22
15
22
22
22
15
22
22
22
22
22
22
22
22
22
22
22
22
22
22
22
22
22
22
22
22
22
38
22
22
38
22
22
22
38
38
38
38
38
38
38
38
35
35
35
35
35
35
35
35
35
35
35
35
35
35
12
12
12
12
12
12
12
12
12
12
12
12
12
12
34
12
34
12
34
34
34
34
34
34
42
34
34
34
34
34
42
42
42
42
42
42
42
34
42
42
42
42
42
42
42
42
42
42
42
42
42
42
42
42
42
42
42
42
42
42
42
27
27
30
27
30
30
30
30
30
30
30
30
30
30
30
30
30
30
30
30
30
30
30
30
30
30
30
30
30
30
30
30
24
24
24
24
24
24
24
24
24
24
24
24
24
24
24
24
24
24
24
24
18
18
18
18
18
18
18
18
18
18
18
18
18
18
18
18
18
18
