4
4
11
11
4
11
4
4
14
0
11
0
8
10
8
10
10
8
8
8
8
8
8
8
8
8
8
0
8
8
8
8
8
8
8
8
8
8
8
8
8
8
8
8
8
14
8
8
8
0
8
8
0
5
1
1
1
1
1
1
1
11
1
1
4
1
13
1
1
1
11
4
4
1
1
4
11
11
11
4
1
0
1
1
12
4
4
1
11
11
4
11
1
1
1
1
1
11
4
1
4
11
1
1
1
4
3
1
4
11
5
11
3
3
5
0
0
1
5
0
29
29
7
14
29
14
29
0
0
0
0
0
5
5
13
20
0
0
5
20
5
5
0
0
13
0
13
13
0
13
0
0
13
13
6
6
6
1
1
5
5
0
0
13
13
13
0
13
13
13
20
16
16
16
0
0
6
0
0
6
6
0
6
6
6
0
6
6
6
0
6
6
6
0
6
6
6
0
0
6
6
0
0
6
6
0
6
6
6
0
6
6
6
0
6
6
6
0
0
6
6
0
6
6
6
0
18
6
6
0
6
6
6
0
6
6
6
0
0
20
6
17
0
20
26
23
20
5
20
20
20
13
13
20
18
18
3
18
3
3
3
3
3
3
3
3
3
3
3
3
3
3
3
3
3
3
3
3
3
3
3
3
3
3
3
3
3
3
3
3
3
3
3
3
3
3
3
3
3
3
3
3
3
3
3
3
3
3
3
3
3
3
3
3
3
3
18
3
18
18
20
20
1
23
20
20
20
20
20
20
20
23
23
20
20
23
20
20
20
20
23
20
20
20
18
20
20
20
18
20
29
20
18
20
20
20
18
20
20
20
18
20
20
20
18
29
40
40
18
29
29
20
18
29
20
40
18
29
29
40
18
29
29
40
5
29
29
29
29
29
29
29
5
29
20
20
26
29
29
20
5
29
29
20
23
29
29
40
40
29
29
40
40
40
40
40
20
20
23
20
18
23
23
23
20
23
23
23
23
23
23
23
23
23
16
23
23
23
16
23
23
23
16
23
18
18
16
24
24
24
24
24
24
24
18
18
24
24
24
18
18
40
36
36
36
36
36
36
36
36
36
36
36
36
36
36
36
36
36
36
36
36
36
36
36
36
36
36
36
36
36
41
41
41
41
41
41
41
41
41
41
41
41
41
18
23
41
41
41
43
43
43
43
43
43
43
43
43
43
43
43
43
43
43
43
43
43
43
43
43
43
43
43
31
31
31
31
31
31
31
31
31
31
39
39
39
39
39
39
39
39
39
39
31
31
31
43
43
37
37
37
25
7
7
7
7
7
7
7
7
7
25
25
25
25
25
25
25
25
25
25
25
25
25
2
2
2
2
2
2
2
2
2
2
2
2
2
2
2
2
2
2
28
28
28
28
28
28
28
28
28
2
28
28
28
28
28
28
28
28
28
28
28
28
28
28
28
28
28
28
28
28
28
28
28
28
28
28
28
28
28
28
28
28
28
28
28
28
28
28
28
28
28
28
28
28
28
28
28
22
28
28
28
28
28
28
22
38
22
38
38
38
22
38
38
38
38
38
38
38
38
38
38
38
38
38
38
35
35
39
35
35
35
25
35
35
35
35
35
35
35
35
35
35
35
35
35
35
35
35
35
35
35
35
35
35
35
35
35
35
35
35
35
35
35
35
35
35
35
35
35
35
35
35
35
34
34
34
34
12
34
12
34
12
12
12
12
12
12
12
12
12
12
34
34
34
34
34
42
34
34
34
34
34
42
42
42
34
42
42
42
34
42
42
42
42
42
42
42
42
42
42
42
42
42
42
42
42
42
42
42
42
42
42
42
42
42
27
27
27
30
27
30
30
30
30
30
30
30
30
30
30
30
30
30
30
30
30
30
30
30
30
30
30
30
30
30
30
30
30
30
24
30
24
24
30
30
30
24
30
30
24
24
24
24
24
24
24
24
24
18
18
18
18
18
18
18
18
18
18
18
18
18
18
18
18
18
18
18
