0
0
0
0
0
0
0
0
0
0
8
0
4
0
19
19
4
19
4
19
4
19
19
4
4
4
4
4
4
4
4
4
4
4
4
4
4
4
4
4
4
4
4
4
4
4
4
4
4
4
4
4
4
4
4
4
4
4
4
4
4
4
4
4
4
4
4
4
4
4
4
4
4
4
4
4
4
4
4
4
4
11
4
11
1
1
1
1
1
1
1
1
1
1
1
1
1
1
1
1
1
1
1
1
1
1
1
1
1
1
1
1
1
1
1
1
1
3
3
3
3
3
3
3
3
3
3
3
3
3
3
3
3
3
3
5
5
5
5
5
5
5
5
5
5
5
5
5
5
5
29
29
29
29
29
29
29
29
29
5
29
29
29
29
29
29
20
20
40
7
20
20
20
20
20
20
20
20
20
20
20
20
20
20
23
23
20
20
20
20
20
20
23
23
20
20
23
20
20
20
23
23
23
23
23
23
23
23
16
16
23
16
16
16
16
16
16
16
16
16
16
16
16
13
13
16
16
16
13
13
13
16
13
13
13
13
13
13
13
0
0
0
13
0
0
0
13
0
0
0
0
0
0
6
0
0
0
6
0
0
0
6
0
0
6
26
6
6
6
26
6
6
6
26
6
26
26
26
26
6
26
26
26
26
26
26
26
26
26
26
26
26
26
26
26
26
26
26
26
26
40
40
40
40
40
40
40
0
40
40
36
36
41
36
41
41
41
41
36
36
36
36
36
36
36
36
36
36
36
36
36
36
36
36
41
41
41
41
41
41
41
41
41
41
41
41
41
41
41
41
43
43
43
43
43
43
43
43
43
43
43
43
43
43
43
43
43
43
43
43
43
43
43
31
43
31
43
31
31
31
31
31
31
31
31
31
39
31
39
31
31
39
39
39
39
39
31
39
39
39
39
39
7
7
7
7
7
7
7
7
7
7
39
31
31
31
43
43
43
43
43
7
7
7
7
7
25
32
25
7
25
25
25
25
25
25
25
25
25
25
25
25
2
25
25
2
2
2
2
2
2
2
2
2
2
2
2
2
2
28
28
28
28
28
28
28
28
28
28
28
28
28
28
28
28
28
28
28
28
28
28
28
28
28
28
15
28
15
28
15
15
24
15
15
15
24
15
15
15
24
15
15
15
22
15
15
22
38
22
22
22
24
22
22
22
38
22
38
38
38
38
38
38
38
38
38
38
38
38
38
38
38
38
38
38
38
35
35
35
35
35
35
35
35
35
35
35
35
35
35
35
34
35
12
35
12
35
34
35
34
12
34
34
12
12
34
34
12
34
34
34
34
34
34
34
34
34
34
34
34
34
34
34
34
34
34
34
34
34
34
34
34
34
34
34
34
34
34
34
42
42
42
42
42
42
42
42
42
42
42
42
42
42
42
42
42
42
42
42
42
42
42
30
27
27
27
27
27
27
27
30
30
30
30
30
30
30
30
30
30
30
30
30
30
30
30
30
30
30
30
30
30
30
30
30
30
30
30
30
30
24
24
24
24
24
24
24
30
24
24
24
24
24
24
24
18
18
18
18
18
18
18
18
18
18
18
18
18
18
18
18
18
18
18
18
18
18
18
