0
0
0
5
5
5
0
0
0
0
0
5
0
0
0
0
0
0
0
0
0
0
0
0
0
10
3
3
0
0
0
0
0
0
0
0
0
0
0
0
0
0
0
0
0
0
0
0
0
0
0
0
0
0
0
0
0
0
0
0
0
0
0
0
0
0
0
0
0
0
0
0
0
0
0
0
0
0
10
14
14
0
14
14
0
0
0
0
0
14
14
14
0
14
14
14
14
14
0
14
14
0
14
14
14
14
9
9
14
14
14
14
9
9
9
9
9
9
9
9
9
9
0
14
9
14
9
9
14
14
9
14
14
14
14
19
0
14
14
14
14
14
14
14
14
14
14
14
14
14
14
14
14
9
9
14
14
14
14
14
14
14
14
14
14
14
14
14
14
19
19
19
19
19
4
19
18
19
4
4
4
4
4
4
11
4
4
4
4
4
4
4
4
4
4
4
4
11
11
11
11
11
11
11
11
11
11
11
11
11
11
11
11
11
11
11
11
11
11
11
11
11
11
11
11
11
11
11
13
11
11
11
11
11
11
1
11
1
1
1
1
0
0
17
32
1
3
1
1
1
32
1
32
32
32
3
32
3
3
32
32
32
3
3
3
32
3
3
3
3
3
3
3
3
3
3
3
3
3
3
3
3
3
3
3
3
3
3
3
3
3
5
3
3
5
5
3
5
5
5
5
5
5
5
5
5
5
5
5
5
29
29
29
29
29
5
29
29
29
29
29
29
29
29
29
20
20
20
20
20
20
20
20
20
20
20
20
23
20
20
20
23
20
20
20
23
23
20
20
20
23
23
23
23
23
23
23
23
23
23
23
23
23
23
23
23
23
23
23
23
23
23
23
23
23
16
16
16
16
16
16
16
16
16
16
16
16
23
18
13
16
13
13
40
40
40
13
40
40
13
13
40
40
20
6
26
26
6
26
26
26
26
26
40
6
6
6
26
26
26
26
26
26
26
26
26
26
26
26
26
26
26
26
26
26
26
26
26
26
26
26
26
26
26
26
26
26
26
26
40
40
40
40
40
40
40
40
40
40
40
40
40
40
40
40
36
36
36
36
36
36
36
36
36
36
36
41
41
41
41
41
41
41
41
41
41
41
41
41
41
40
41
41
41
41
41
41
43
43
43
43
43
43
43
43
43
43
43
43
43
43
43
43
43
43
43
43
43
43
43
43
43
43
43
43
43
43
43
31
31
31
39
39
39
39
39
39
39
39
39
39
39
39
39
39
39
39
39
39
39
31
43
43
31
43
43
31
31
31
31
43
31
31
39
39
39
39
39
39
31
31
31
31
7
7
7
7
7
7
7
7
7
7
7
7
7
7
7
7
7
7
7
7
7
25
25
25
25
25
25
25
25
25
25
25
25
25
25
2
25
2
2
2
2
2
2
2
2
2
2
2
28
28
28
28
28
28
28
28
28
28
28
28
28
28
28
28
28
28
28
28
28
28
28
28
28
28
28
28
28
28
28
28
15
15
15
15
15
15
22
22
15
22
15
22
22
22
22
22
22
22
22
22
22
22
22
22
22
22
22
22
22
22
22
22
22
22
38
22
22
38
38
38
38
22
38
38
38
38
38
35
38
35
35
35
38
35
35
35
35
35
35
35
35
35
35
35
35
12
12
35
35
35
35
35
35
12
12
12
12
12
12
12
12
12
12
12
12
12
12
34
12
12
12
34
34
34
34
34
34
34
34
34
42
42
42
42
42
42
42
42
42
42
34
42
42
42
34
34
42
42
42
42
42
42
42
42
42
42
42
42
42
27
27
27
27
27
27
27
27
27
30
30
30
30
30
30
30
30
30
30
30
30
30
30
30
30
30
30
30
30
30
24
24
24
24
24
24
24
24
24
24
24
24
24
18
18
18
18
18
18
18
18
18
18
18
18
18
18
18
18
18
18
18
18
18
18
18
18
18
