10
8
0
9
9
9
14
14
14
14
19
9
9
9
14
4
19
19
19
4
14
14
19
19
19
19
14
14
14
14
14
19
14
19
19
4
19
19
19
4
19
4
19
4
19
4
4
4
4
4
4
4
4
4
4
4
4
4
4
4
4
4
4
4
4
4
4
4
4
4
4
1
4
4
4
4
4
1
1
1
1
4
1
3
1
3
1
1
3
1
1
1
1
3
3
3
3
3
3
3
3
3
3
3
3
3
3
3
3
3
3
3
3
3
3
3
3
3
3
3
3
3
3
3
3
3
3
5
5
5
5
5
5
5
5
5
5
5
5
5
5
5
5
5
5
5
5
4
4
5
4
29
5
5
4
5
5
19
20
20
18
20
20
20
20
20
20
20
20
20
20
20
20
20
20
20
20
20
23
20
23
20
20
20
23
23
23
23
23
23
23
23
23
20
23
23
23
23
16
16
23
16
16
16
23
23
16
23
23
16
16
16
16
16
16
16
16
16
16
16
16
16
16
16
16
13
13
13
13
13
13
13
13
13
13
13
13
13
13
13
40
40
13
13
13
13
13
13
13
13
13
13
13
13
13
13
13
17
13
13
13
13
26
13
13
17
13
26
26
26
26
26
26
26
26
26
26
26
13
13
26
26
26
26
26
26
26
26
26
26
26
26
26
40
40
13
40
13
13
13
13
17
17
36
36
36
36
36
36
36
36
36
36
36
36
36
36
36
36
36
36
36
36
41
41
41
41
41
13
13
41
36
41
43
43
43
43
43
43
43
43
43
43
43
43
43
43
43
43
43
43
43
43
43
43
43
43
31
31
43
31
43
43
31
31
43
43
43
43
43
31
31
31
31
31
31
31
39
39
39
39
39
39
39
39
39
39
39
39
39
39
39
43
31
31
7
7
18
10
7
7
7
20
7
7
7
7
7
7
7
7
7
7
7
7
7
25
25
25
25
25
25
25
25
25
25
2
2
2
25
25
25
25
25
25
25
2
2
2
2
2
2
25
2
2
2
2
2
2
2
2
2
2
28
28
28
28
28
28
28
28
28
28
28
28
28
28
28
28
28
28
28
28
28
28
28
28
28
28
28
28
28
28
15
15
15
22
22
22
22
22
22
38
38
22
22
22
22
22
22
38
38
38
38
38
38
38
38
38
38
38
38
38
38
38
38
38
38
38
38
38
38
38
38
38
38
38
38
38
38
35
35
35
35
35
35
35
35
35
35
35
35
35
35
12
12
35
34
34
12
12
34
34
34
34
34
34
34
12
12
12
12
34
12
12
12
34
12
34
12
34
34
34
34
34
34
34
34
42
34
34
34
34
42
42
42
42
42
42
42
42
42
42
42
42
42
42
42
42
42
42
42
42
42
27
27
27
27
21
21
21
27
27
27
21
27
27
21
21
21
27
27
27
27
30
27
27
30
27
30
30
30
30
30
30
30
30
30
30
30
30
30
30
30
30
30
30
30
30
30
30
30
30
30
30
30
30
24
24
24
24
24
24
24
24
24
24
24
24
24
24
24
24
24
24
24
24
18
18
18
18
18
18
18
18
18
37
18
18
18
18
18
18
18
18
