9
9
8
9
9
8
8
8
9
8
8
8
8
8
8
8
8
8
8
8
0
8
9
4
4
4
4
4
1
4
1
4
1
4
4
4
4
4
4
4
4
1
4
4
4
4
4
4
4
4
4
4
4
4
4
4
4
4
4
4
4
4
4
4
4
4
4
4
4
4
4
4
4
4
4
4
4
4
4
4
4
4
4
4
4
4
4
4
4
4
4
4
4
4
4
4
4
4
4
4
4
4
4
11
1
11
1
1
1
1
1
1
1
1
1
1
1
1
1
1
1
3
3
3
1
3
3
32
1
3
3
3
3
3
3
3
3
3
3
3
3
3
3
3
3
3
3
3
3
3
3
3
3
3
3
3
3
3
3
3
3
3
3
3
5
3
5
5
5
5
5
5
5
5
5
5
5
5
29
29
29
29
29
5
29
29
29
11
29
29
29
29
29
20
29
29
20
20
20
20
20
20
20
20
20
20
23
23
23
23
23
23
23
23
23
23
23
23
23
23
23
23
23
23
23
23
23
23
23
23
23
16
23
23
23
16
16
16
16
16
16
23
16
13
16
13
16
16
16
16
16
16
16
16
13
16
13
13
13
13
13
1
13
13
13
1
13
13
13
13
0
0
0
0
6
0
0
0
0
0
0
0
0
0
0
6
6
6
6
6
6
0
0
6
6
0
0
6
6
6
6
6
6
6
26
26
26
6
26
26
26
26
26
26
26
26
26
26
26
26
26
26
26
29
29
40
40
40
29
0
13
0
13
6
0
0
13
0
0
0
13
6
0
0
0
6
0
0
0
6
6
0
0
6
6
0
6
6
6
6
6
6
6
6
6
26
26
6
6
26
26
40
26
26
26
6
26
26
40
40
40
26
40
40
40
40
40
40
40
26
40
40
40
40
40
40
13
36
36
41
41
36
36
36
36
36
36
36
36
36
36
36
36
36
36
36
36
36
36
36
36
36
36
36
36
41
41
41
41
41
41
41
41
41
41
41
41
41
41
41
41
41
41
41
41
41
41
41
43
43
43
43
43
43
43
43
43
43
43
43
43
43
43
43
43
43
43
43
43
43
43
43
43
43
43
43
43
43
31
31
31
31
43
43
43
31
43
31
31
43
39
39
39
39
39
39
39
39
39
39
39
39
39
39
39
31
31
31
7
7
7
7
7
7
7
7
7
7
7
7
7
7
7
7
25
25
25
25
25
25
25
25
25
25
25
25
2
2
2
2
2
2
2
2
2
2
2
2
2
2
2
2
2
2
28
28
28
28
28
28
28
28
28
28
28
28
28
28
28
28
28
28
28
28
28
28
28
28
28
28
28
28
28
28
28
28
28
28
15
15
15
22
22
22
15
22
22
22
15
22
22
22
22
22
38
22
22
22
22
22
22
22
38
38
22
22
22
38
38
38
38
38
38
38
38
38
38
38
38
38
38
38
35
35
35
35
35
35
35
35
35
35
35
35
35
35
35
12
12
35
12
12
12
12
12
12
12
12
12
12
12
12
12
12
12
12
12
12
12
35
35
12
12
34
34
34
34
34
34
34
42
42
42
42
42
42
42
42
42
42
42
42
42
42
42
42
42
42
42
27
42
27
27
27
27
42
42
42
42
42
27
27
27
27
30
27
27
27
27
27
42
27
27
27
42
42
27
27
21
27
27
21
21
27
27
27
27
30
27
30
27
27
27
27
27
27
27
27
30
27
30
27
30
27
27
27
30
27
27
30
30
30
30
27
30
30
30
24
30
30
30
30
30
30
30
30
30
30
30
30
30
30
30
30
30
30
30
30
30
30
30
30
24
24
24
24
24
24
24
24
24
24
24
24
24
24
18
18
18
18
18
18
18
18
18
18
18
18
18
18
18
18
18
18
18
18
18
18
18
18
18
