8
9
8
9
8
9
9
9
9
9
9
9
9
9
9
9
8
8
8
14
9
9
9
9
9
9
14
8
14
9
9
9
14
9
9
9
9
9
9
14
13
0
0
0
0
0
14
14
14
14
9
0
14
14
9
14
14
14
9
9
4
14
14
14
0
14
9
4
20
14
20
10
10
14
14
4
20
20
10
14
14
14
14
14
14
14
0
11
20
14
20
4
19
3
14
19
14
14
19
4
4
19
19
4
4
19
19
19
4
20
4
19
4
4
4
4
4
4
4
4
4
4
4
4
4
4
4
4
4
4
4
4
4
4
4
4
4
4
4
4
4
4
4
4
4
4
4
4
4
4
11
4
4
11
11
11
11
11
11
4
11
11
11
4
11
11
11
4
20
23
23
20
1
20
1
1
1
0
0
1
3
1
1
1
5
3
3
32
3
3
32
3
3
3
3
3
3
3
3
3
3
3
3
3
3
3
3
3
3
3
3
3
3
3
3
3
5
3
3
3
5
3
5
3
5
5
5
3
5
5
5
5
5
5
5
5
5
5
5
5
29
29
29
29
29
29
29
29
29
29
29
29
29
20
0
0
0
20
29
29
20
20
29
20
20
20
20
20
23
20
20
20
23
23
23
23
23
23
23
23
23
23
23
23
23
23
23
23
23
16
23
16
16
16
23
16
16
13
16
16
16
16
16
16
16
16
16
16
16
16
16
16
16
16
16
16
16
13
16
16
13
13
13
13
13
13
13
13
0
0
0
0
0
6
0
0
0
6
6
6
6
6
6
6
6
6
6
6
6
26
6
26
26
26
26
26
26
26
26
26
26
26
26
26
26
26
26
26
26
26
26
26
26
26
26
26
26
26
26
26
26
26
26
26
26
40
26
26
26
40
40
40
40
40
40
40
36
36
36
36
36
36
36
36
36
36
36
36
36
36
36
36
36
36
36
41
41
41
41
41
41
41
41
41
41
41
40
41
41
41
41
41
41
43
43
43
43
43
43
43
43
43
43
43
43
43
43
43
43
43
43
43
43
43
43
43
43
43
43
43
43
43
43
43
43
43
43
43
43
43
43
43
43
43
31
43
31
43
43
43
39
39
39
39
39
39
43
39
39
39
43
43
7
7
7
7
7
7
7
7
7
7
7
7
7
7
7
7
7
7
7
7
7
7
25
25
25
25
25
25
7
7
25
25
7
7
25
7
25
25
25
25
25
25
25
25
25
25
25
25
25
7
25
25
25
25
25
25
25
25
25
25
32
25
18
25
24
24
24
24
24
24
24
24
25
25
25
24
2
2
25
25
2
2
2
2
2
2
2
2
2
2
2
2
2
2
2
2
2
2
2
28
28
28
28
28
28
28
28
28
28
28
28
28
28
28
28
28
28
28
28
28
28
28
28
28
28
28
28
28
28
28
28
28
15
22
22
15
24
22
22
22
22
24
24
24
22
22
38
38
38
38
38
22
22
22
38
22
22
22
38
22
38
38
38
38
38
38
22
38
38
38
38
38
38
38
38
38
35
35
35
35
35
35
35
35
35
35
35
35
35
35
35
38
25
15
35
35
35
35
35
35
35
34
35
34
34
34
34
34
34
34
34
34
35
34
34
34
34
34
34
34
42
42
34
42
42
34
42
34
42
42
42
42
42
42
24
34
24
42
27
42
42
42
42
42
42
42
35
42
42
42
35
42
42
42
42
42
42
42
42
42
42
42
42
42
42
42
42
42
42
42
42
27
42
42
27
30
30
30
30
27
27
30
30
30
30
30
30
30
27
27
30
27
30
30
30
30
30
30
30
30
30
30
24
24
24
24
24
30
30
30
30
30
30
30
24
30
30
24
24
30
30
30
24
30
30
24
24
24
24
24
24
24
24
24
24
24
24
24
24
24
18
18
18
24
18
18
18
18
18
18
18
18
18
18
18
18
18
18
18
18
18
18
18
18
18
18
18
