29
0
0
0
0
0
0
0
1
29
0
1
0
1
0
1
0
1
14
1
1
11
4
1
20
18
19
5
5
4
4
4
4
4
4
4
4
4
4
18
4
4
4
18
4
4
4
18
4
4
4
4
4
4
4
4
4
4
4
4
4
4
4
13
4
4
4
4
4
4
4
4
4
4
4
13
4
4
4
13
4
4
4
13
4
1
4
11
1
11
1
1
1
1
1
1
0
29
29
20
1
20
1
3
3
3
3
3
3
3
3
3
3
3
3
3
3
3
3
3
3
3
3
3
3
3
3
3
3
3
3
3
3
3
3
3
3
3
3
3
3
10
3
10
3
10
10
3
3
10
10
10
29
0
29
29
29
29
5
5
5
13
0
13
29
0
0
0
29
0
0
0
0
13
0
13
0
13
13
6
6
6
13
13
26
26
26
20
20
13
13
16
20
20
20
20
20
20
20
23
20
23
23
23
23
23
20
23
20
23
23
23
20
23
23
23
23
23
23
23
23
16
16
16
16
16
16
16
16
16
16
16
16
16
16
16
16
16
16
16
16
13
16
13
13
16
16
13
13
13
13
13
13
13
13
13
13
6
0
6
6
6
6
26
6
26
26
6
6
6
26
26
26
6
6
6
17
26
26
26
6
26
26
26
6
26
26
26
26
26
26
26
26
26
26
26
26
26
26
26
26
26
26
26
26
26
26
26
26
26
26
26
26
26
26
26
26
26
26
26
40
26
40
40
40
40
40
40
36
36
36
36
36
36
36
36
36
36
36
36
36
36
36
36
36
36
36
36
36
36
36
36
41
36
36
36
41
41
41
41
41
41
41
41
41
41
41
41
41
41
43
43
43
43
43
43
43
43
43
43
43
43
43
43
43
43
43
43
31
31
31
43
43
43
43
31
31
31
31
31
31
31
31
31
31
31
39
39
39
39
39
39
39
39
39
39
39
39
39
39
39
39
39
31
31
31
7
7
7
7
7
7
7
7
7
7
7
7
7
7
7
7
7
7
7
7
7
7
7
7
7
7
7
7
7
7
7
7
7
7
7
7
25
25
25
25
25
25
25
25
25
2
2
2
25
25
25
25
25
25
25
25
25
25
2
2
2
2
2
2
2
2
2
2
2
2
2
2
28
28
28
28
28
28
28
28
28
28
28
28
28
28
28
28
28
28
28
28
28
28
28
28
28
28
28
28
28
28
28
28
15
15
15
15
15
15
15
15
15
22
15
22
22
22
15
15
22
22
22
38
38
22
22
22
22
22
22
38
38
38
38
38
38
38
22
38
38
38
38
38
38
38
38
38
38
38
38
35
35
35
35
35
38
35
35
35
35
35
34
35
35
34
34
35
24
35
34
34
34
12
12
34
34
34
12
34
34
34
12
34
34
34
34
34
34
34
34
34
34
34
42
42
42
42
42
42
42
42
42
42
42
42
42
42
42
42
42
42
42
42
21
42
42
21
21
42
42
42
21
27
21
21
21
42
27
21
21
21
27
27
21
27
30
27
30
30
30
30
24
30
30
30
30
30
30
30
30
30
30
30
30
30
30
30
30
30
30
30
30
30
24
24
24
24
24
24
24
24
24
24
24
24
24
24
24
24
24
24
24
24
24
18
18
18
18
18
18
18
37
37
18
18
37
18
18
18
18
37
18
37
