8
14
8
1
1
8
14
0
0
0
0
0
8
8
8
9
9
9
9
9
9
9
19
14
9
14
9
14
19
9
9
9
9
1
9
9
9
14
9
9
14
19
14
9
9
19
19
14
9
9
9
9
14
29
20
0
29
29
41
0
0
16
40
13
9
9
9
0
20
20
20
20
20
20
20
16
20
20
14
16
20
20
14
16
20
20
20
16
20
9
20
20
6
16
16
16
16
16
16
16
16
40
16
13
16
16
13
20
13
5
14
14
9
14
9
14
19
19
19
19
19
14
4
24
4
23
4
4
11
11
11
4
11
0
11
4
4
0
4
4
4
4
4
4
11
11
4
4
11
11
11
4
11
13
11
4
11
11
11
4
11
13
11
4
11
13
11
11
11
13
11
4
11
13
11
11
11
13
11
11
1
1
1
1
1
29
29
3
1
29
1
20
3
1
20
1
1
1
1
20
20
1
3
1
3
1
3
32
3
32
32
3
3
3
3
32
3
3
3
32
3
32
32
32
3
3
32
3
3
3
3
3
3
3
3
3
3
3
3
3
3
3
3
3
5
5
5
3
5
5
5
3
5
5
5
13
8
6
3
3
3
17
18
17
17
17
18
0
5
0
5
17
0
10
0
20
20
10
18
20
20
20
20
23
20
23
23
23
20
20
23
23
20
23
23
23
23
23
16
23
23
23
23
16
23
23
23
23
23
23
23
23
23
23
23
23
23
23
23
18
23
23
16
23
23
23
16
23
16
23
16
16
16
16
16
16
16
16
13
16
13
13
13
13
13
13
6
6
6
6
6
26
6
6
6
6
0
6
6
6
6
6
6
26
26
26
26
26
26
26
26
26
26
26
26
26
26
26
26
26
26
26
26
26
26
26
26
26
26
26
26
26
26
26
26
26
26
26
26
26
26
26
26
26
26
26
26
40
40
40
40
40
40
40
36
36
36
36
36
36
36
36
36
36
36
36
36
36
36
36
36
36
36
36
36
36
36
41
41
36
36
36
36
36
40
41
41
41
41
41
7
7
13
7
7
7
7
7
43
43
43
43
43
43
43
43
43
43
43
43
43
43
43
43
43
43
43
43
43
43
43
43
43
43
43
43
43
43
43
43
43
31
31
31
31
31
31
31
31
31
31
39
31
39
39
39
39
39
39
39
39
39
39
39
39
39
39
39
39
39
43
31
43
43
7
7
7
7
7
7
7
7
7
7
7
7
7
25
25
25
25
25
25
25
25
25
25
25
25
25
25
25
25
25
25
25
25
25
25
25
2
2
2
2
2
2
2
2
2
28
28
28
28
28
28
28
28
28
28
28
28
28
28
28
28
28
28
28
28
28
28
28
28
28
28
28
28
28
15
15
15
15
22
15
15
22
22
22
22
22
22
22
22
22
22
22
22
38
38
38
38
38
38
38
38
38
38
38
38
38
38
38
38
38
38
38
38
38
38
38
38
38
38
38
38
38
35
35
35
35
35
35
35
35
35
35
35
35
35
35
35
35
35
35
35
35
35
12
35
35
35
12
12
35
12
35
12
12
12
12
12
12
12
34
34
34
34
34
42
42
42
42
42
42
42
42
42
42
42
42
42
42
42
42
42
42
42
42
42
42
42
42
42
42
42
42
42
42
42
30
30
30
30
30
30
30
30
30
30
30
30
30
30
30
30
30
30
30
30
30
30
30
30
24
24
30
24
30
30
30
30
24
24
24
24
24
24
18
18
18
18
18
18
18
18
18
18
18
18
18
18
18
18
18
18
18
18
18
18
