0
0
0
0
0
0
0
0
0
0
0
0
0
0
0
0
29
10
10
0
0
0
0
0
0
0
0
0
0
0
0
0
0
0
10
10
10
10
1
0
0
1
0
1
0
0
0
0
0
10
10
10
10
10
10
10
10
10
10
10
0
0
0
0
0
0
0
0
0
0
0
0
0
0
0
0
0
0
0
0
0
0
0
0
0
0
0
0
0
0
0
0
0
0
0
0
0
0
0
0
0
0
0
0
0
0
0
0
0
0
0
0
0
0
0
0
0
0
0
0
1
3
1
0
0
0
0
14
14
14
14
0
14
1
0
0
0
0
14
0
14
0
0
5
29
1
1
14
14
14
14
14
14
14
14
14
14
14
14
14
1
14
14
14
1
14
9
9
14
14
14
14
14
14
14
14
14
14
14
14
14
14
9
9
14
14
14
14
14
9
14
14
14
19
19
19
19
19
11
4
19
4
19
19
19
4
4
4
4
4
4
4
4
4
4
4
4
4
4
4
4
4
4
4
4
4
4
4
4
4
4
4
18
4
4
4
4
4
4
4
18
4
4
4
24
11
4
4
4
11
11
4
11
11
11
11
11
11
11
11
11
11
11
4
18
4
4
4
19
4
4
4
3
3
3
3
3
3
3
3
3
3
3
32
3
3
32
3
3
3
3
3
3
3
3
3
3
3
3
3
3
3
3
3
3
3
3
3
5
3
5
3
5
5
5
3
5
5
5
3
5
5
5
3
5
5
5
3
5
5
5
5
5
4
3
24
29
20
20
3
29
20
20
29
18
19
29
20
20
20
20
20
20
20
20
23
23
23
23
23
23
23
23
23
23
23
23
23
23
23
23
23
23
23
23
23
23
23
23
23
23
23
23
23
23
16
23
23
16
16
23
16
23
16
16
16
16
16
16
16
16
16
16
16
16
16
16
16
16
16
16
16
18
18
16
16
13
13
26
40
26
26
26
40
26
26
18
40
26
26
26
26
26
26
26
40
26
26
26
40
26
40
26
40
26
26
26
40
26
26
26
26
26
26
26
26
26
26
26
26
26
26
26
26
26
26
26
26
26
26
26
26
26
26
26
26
26
26
26
26
40
40
26
40
40
40
36
36
36
36
36
36
36
36
36
36
36
36
36
36
36
36
36
41
41
41
41
41
41
41
41
41
41
23
23
23
41
20
41
41
43
43
43
43
43
43
43
43
43
43
43
43
43
43
43
43
43
43
43
43
43
43
43
43
43
43
43
31
43
43
31
31
31
31
43
31
31
31
31
31
39
39
39
39
39
39
39
39
39
39
39
39
39
39
39
39
39
39
39
39
39
39
39
39
41
7
7
7
7
7
7
7
7
7
7
25
25
25
25
25
25
25
25
25
25
25
25
25
25
25
25
25
25
25
25
25
25
2
2
2
2
2
2
2
2
28
28
28
28
28
28
28
28
28
28
28
28
28
28
28
28
28
28
28
28
28
28
28
28
28
28
28
28
28
28
28
15
28
15
22
22
22
22
22
22
22
22
22
38
38
22
22
38
38
38
38
38
38
38
38
38
38
22
38
38
38
38
38
38
38
38
38
38
38
38
38
38
38
38
38
38
38
38
35
35
35
35
35
35
35
35
35
35
35
35
35
35
35
35
35
35
12
12
12
12
12
12
12
12
12
34
34
12
34
34
34
34
34
34
34
34
34
34
34
42
42
42
42
42
42
42
42
42
42
42
42
42
42
42
42
42
42
27
42
27
27
42
27
27
27
27
27
27
27
27
27
27
27
27
27
27
27
27
27
27
27
27
27
27
27
27
27
27
27
27
27
27
27
27
27
27
27
27
27
30
30
30
27
30
30
30
30
30
30
30
30
30
30
30
30
30
30
30
30
30
30
30
30
30
30
30
30
30
30
24
24
30
30
30
30
24
30
30
24
24
24
24
24
24
24
24
24
24
24
18
18
18
18
18
18
18
18
18
18
18
18
18
18
18
18
18
18
18
18
18
18
