8
8
0
0
8
8
0
0
0
4
4
4
4
4
14
14
14
19
19
19
19
4
4
19
4
4
4
19
19
4
4
19
4
4
4
4
4
4
4
4
4
4
4
4
4
4
4
4
4
4
4
4
4
4
4
4
4
4
4
4
4
4
4
4
4
4
4
4
4
11
4
4
4
11
4
1
1
11
1
1
1
1
1
1
1
1
1
1
1
1
1
1
1
1
1
1
1
3
3
3
1
32
3
3
3
3
3
3
3
32
3
3
3
3
3
3
3
3
3
3
3
3
3
3
3
3
3
3
3
3
3
3
3
3
3
3
3
3
5
5
3
3
5
5
5
5
5
5
5
5
5
5
29
5
5
5
29
5
5
5
29
29
29
29
29
29
29
29
29
29
20
20
20
20
20
20
23
23
20
20
23
23
23
23
23
23
23
23
23
23
23
23
23
23
23
16
16
16
23
16
16
16
16
16
16
16
16
23
16
16
23
23
16
16
16
16
16
16
16
16
13
13
13
16
13
13
13
16
13
13
13
13
13
13
13
13
6
6
6
0
6
6
6
0
0
26
20
0
6
6
6
6
6
26
26
6
26
26
26
6
26
26
26
6
26
26
26
26
26
26
26
6
26
26
26
26
26
26
26
26
26
26
26
26
26
26
26
26
26
26
26
26
26
26
26
26
26
26
26
40
40
26
26
40
26
40
40
36
36
36
36
36
36
36
36
36
36
36
36
36
36
36
36
36
36
36
36
41
41
41
41
41
41
41
41
41
41
41
41
18
7
7
41
41
43
43
43
43
43
43
43
41
43
43
43
43
43
43
43
43
43
43
43
43
31
31
31
31
43
39
39
43
43
39
39
39
31
31
31
31
31
31
31
31
31
31
31
31
39
39
39
39
39
39
39
39
39
39
39
39
39
39
31
31
31
43
43
43
31
31
31
31
31
31
31
43
31
39
39
7
43
43
43
39
39
39
39
39
24
17
7
17
7
24
24
25
7
7
7
7
25
25
25
25
25
25
25
25
25
2
2
25
25
25
2
2
2
2
2
2
2
2
2
2
2
2
2
2
2
2
2
2
28
28
28
28
28
28
28
28
28
28
28
28
28
28
28
28
28
28
28
28
28
28
28
28
28
28
28
28
28
28
28
28
15
15
15
15
15
15
15
22
22
22
22
15
22
22
15
22
22
22
22
22
22
38
38
22
38
38
22
22
38
38
38
38
38
38
38
38
38
38
38
38
38
38
38
38
38
35
35
35
35
35
35
35
35
35
24
35
35
35
35
35
35
35
35
12
12
12
12
12
12
12
12
12
12
12
12
12
12
12
12
34
34
34
34
34
34
34
34
34
34
34
34
34
34
34
34
34
34
34
34
42
34
42
42
42
42
42
42
42
42
42
42
42
42
42
42
42
42
42
42
42
27
42
42
27
27
27
42
42
42
27
27
27
27
27
27
27
27
27
27
27
27
21
27
27
27
27
27
30
30
30
30
30
30
30
30
30
30
30
30
30
30
30
30
30
30
30
30
30
30
30
30
30
30
30
30
30
30
30
30
24
24
24
24
24
24
24
24
24
24
24
24
24
24
24
24
24
24
24
24
24
18
18
18
18
18
18
18
18
18
18
18
18
18
18
18
18
18
18
18
