0
0
0
0
0
0
0
0
0
0
0
0
0
0
0
0
0
0
0
0
0
0
0
0
0
0
0
0
0
0
0
0
0
0
0
0
0
0
0
0
0
0
0
0
0
10
0
0
10
10
0
0
0
0
0
0
0
0
10
0
0
0
0
0
0
0
10
0
0
0
0
0
0
0
0
0
0
0
0
0
0
0
0
0
0
0
0
0
0
0
0
0
0
0
0
0
0
0
0
0
0
0
0
0
0
10
10
10
10
10
10
10
0
10
10
0
0
10
0
0
10
8
14
8
8
14
0
14
10
10
10
10
10
14
20
9
9
10
10
9
9
9
9
9
9
9
9
9
9
9
9
9
9
9
9
9
9
9
9
9
9
9
9
9
9
9
9
9
9
9
9
9
9
9
9
9
9
14
9
9
9
8
14
9
9
9
14
14
14
4
19
19
14
19
19
19
19
4
19
19
19
4
19
19
19
19
19
19
4
19
19
19
4
4
19
4
4
4
19
19
4
4
19
19
4
4
19
4
4
4
4
4
4
4
4
4
4
4
4
4
4
4
4
4
4
4
4
4
4
4
4
4
4
4
4
4
4
4
4
4
4
4
4
4
4
4
11
4
4
11
11
11
1
1
1
1
1
1
1
1
1
1
1
1
1
1
29
5
1
1
3
3
3
3
3
3
3
3
3
3
3
3
3
3
3
3
32
3
3
3
3
3
3
3
3
3
3
3
3
3
3
3
3
3
3
3
3
3
5
5
5
5
5
3
5
5
5
5
5
5
5
5
5
5
5
5
5
5
5
5
5
5
5
5
29
29
29
13
13
29
29
29
29
29
29
1
1
20
5
1
1
20
20
20
20
20
20
20
20
20
20
20
20
20
20
20
23
23
23
23
23
23
23
23
23
23
23
23
23
23
23
23
23
23
23
23
23
23
23
23
16
16
16
16
16
16
16
16
16
16
16
16
16
16
16
16
16
16
16
16
16
16
13
16
16
13
13
13
13
13
13
13
13
13
0
13
13
0
6
6
13
0
0
6
6
6
6
6
6
6
6
6
6
6
6
26
26
26
26
26
26
26
26
26
26
26
26
26
26
26
26
26
26
26
26
26
26
26
26
26
26
26
26
26
26
26
26
26
26
26
26
26
40
40
40
40
40
40
40
41
13
40
40
36
36
36
36
36
36
36
36
36
36
36
36
36
36
36
36
36
36
36
36
36
36
36
41
36
41
41
41
41
41
41
41
41
41
41
41
41
41
41
41
43
43
43
43
43
43
43
43
43
43
43
43
43
43
43
43
43
43
43
43
43
7
7
7
43
43
43
43
43
43
31
31
31
31
31
31
31
39
39
39
39
39
39
39
39
39
39
39
39
39
39
39
39
39
39
39
39
39
39
7
7
7
7
7
7
7
7
7
39
7
25
25
25
25
25
25
25
25
25
25
25
25
25
25
25
25
25
25
25
25
2
25
25
25
2
2
2
2
2
25
25
25
25
25
25
25
28
28
32
28
28
28
28
28
28
28
15
15
28
15
15
15
28
15
28
28
28
15
15
28
15
22
38
22
38
22
38
22
38
22
22
15
22
22
38
22
38
38
38
22
38
38
38
38
38
38
38
38
38
38
38
38
38
38
38
38
38
38
38
38
38
38
38
38
38
38
38
35
35
35
35
35
38
35
35
35
35
35
35
35
35
35
34
34
34
34
34
34
34
34
34
34
34
34
34
34
34
34
42
42
34
35
42
24
42
24
42
24
42
24
30
24
24
24
42
30
30
30
30
42
24
18
24
18
37
37
24
24
24
24
30
37
37
37
37
24
37
24
24
24
37
42
37
37
18
37
37
37
37
37
24
37
37
37
24
37
37
37
30
24
24
37
37
18
37
24
42
18
18
18
37
42
42
24
37
37
37
37
37
37
37
37
27
24
37
37
37
18
30
37
37
37
30
37
30
37
37
37
37
37
24
37
24
37
24
24
24
24
24
24
24
24
24
24
30
30
30
30
30
30
30
30
30
30
30
30
30
30
30
30
30
30
30
30
30
30
30
30
30
30
24
24
24
24
30
24
30
24
24
24
30
30
24
24
24
30
24
24
24
37
24
37
24
24
37
37
37
18
18
24
37
37
37
18
37
37
18
18
18
18
18
18
18
18
18
18
18
18
18
18
18
18
18
18
18
18
18
18
18
18
18
18
18
18
18
