8
8
8
8
8
8
8
8
8
8
8
8
9
9
9
9
9
9
9
9
9
9
9
9
9
9
9
9
14
14
14
14
14
14
19
19
14
14
14
14
14
14
19
14
19
19
19
19
19
19
19
4
19
19
19
4
4
19
19
4
4
4
19
4
4
4
4
4
4
4
4
4
4
4
4
4
4
4
4
4
4
4
4
4
4
4
4
4
4
4
4
4
4
4
4
4
4
4
4
4
4
4
4
4
4
4
4
4
3
3
11
11
1
1
1
1
1
3
1
3
1
3
3
3
3
3
3
1
1
1
3
3
3
3
3
3
3
3
3
3
3
3
3
3
3
3
3
3
3
3
3
3
3
3
3
3
3
3
3
3
3
3
3
3
3
3
3
3
3
3
3
3
3
5
5
5
5
5
5
5
5
29
5
5
5
3
5
29
10
29
29
29
20
20
20
20
20
20
20
20
20
20
20
20
20
20
20
20
20
20
20
20
20
20
20
20
20
20
20
20
20
20
20
20
20
20
20
20
20
20
20
20
23
23
23
23
23
23
23
23
23
23
23
23
23
16
23
16
16
16
16
16
16
16
13
16
13
13
13
13
13
13
13
13
13
0
0
0
13
0
13
0
13
0
0
0
0
0
0
0
13
0
0
6
13
13
0
6
13
13
0
6
13
13
13
6
13
13
0
6
13
0
13
6
13
13
26
18
18
26
18
26
18
26
26
26
26
26
26
26
26
26
26
26
26
26
40
6
26
6
40
40
13
6
6
6
0
13
6
40
13
13
0
0
0
6
6
6
0
6
6
26
16
40
6
40
13
6
6
26
13
26
26
26
13
26
26
26
13
26
26
26
13
26
26
26
13
26
26
26
13
26
26
26
26
26
26
40
26
26
26
40
26
26
26
40
26
40
40
40
13
40
26
40
36
36
36
36
36
36
36
36
36
36
36
36
36
36
36
36
36
36
36
41
41
41
41
41
41
41
41
41
41
40
41
13
41
41
0
41
43
43
43
43
43
43
43
43
43
43
43
43
43
43
43
43
43
43
43
43
43
43
43
43
31
31
39
31
31
31
31
31
31
39
39
39
39
39
39
39
39
39
39
39
39
39
39
39
39
39
39
39
29
7
7
7
7
7
7
7
7
7
7
7
7
7
25
25
25
25
25
25
25
25
25
25
25
25
25
25
2
2
2
2
2
2
2
2
2
2
2
2
2
2
2
2
2
2
2
2
2
2
2
2
28
28
28
28
28
28
28
28
28
28
28
28
28
28
28
28
28
28
28
28
28
28
28
28
28
28
28
28
28
15
15
22
22
22
22
22
22
22
22
22
22
22
22
22
22
22
22
22
38
22
22
22
22
22
22
22
38
22
22
38
22
22
22
38
38
38
38
38
38
38
38
38
38
38
38
38
38
38
35
35
35
35
38
35
35
35
35
35
35
35
35
35
35
35
35
35
35
35
12
12
12
12
12
12
12
12
12
12
34
12
12
12
12
12
12
34
34
34
34
34
34
42
42
34
34
34
24
42
42
42
42
42
42
42
42
42
42
42
42
42
42
42
42
42
27
27
27
27
27
27
27
27
27
21
21
21
21
27
27
27
27
27
27
27
30
30
27
30
30
30
30
30
30
30
30
30
30
30
30
30
30
30
30
30
30
30
30
30
30
30
30
30
30
30
30
30
24
24
24
24
24
24
24
24
24
24
24
24
24
24
24
24
24
18
18
18
18
18
18
18
18
18
18
18
18
18
18
18
18
37
18
18
18
18
37
