11
12
12
35
12
35
11
11
14
29
29
29
5
5
5
5
5
8
8
8
8
9
9
9
9
9
9
9
9
14
19
19
19
4
4
4
4
4
4
4
4
4
4
4
4
4
4
4
4
4
4
4
4
4
4
4
4
4
4
4
4
4
4
4
4
4
4
4
4
4
4
4
4
4
4
4
4
4
4
4
4
4
4
4
4
4
4
11
11
11
1
1
11
11
11
11
1
1
1
1
1
1
1
1
1
1
1
1
32
32
1
32
1
1
1
1
1
3
32
32
1
32
1
32
32
32
32
3
32
3
3
3
32
3
3
3
3
3
3
3
3
3
3
3
3
3
3
3
3
3
3
5
5
5
5
5
3
5
5
5
5
5
5
5
1
5
5
5
5
29
29
5
5
29
5
5
5
5
20
11
20
29
29
29
29
29
29
29
20
20
20
20
20
20
20
23
23
23
23
23
23
16
23
23
23
23
16
23
16
16
16
16
23
16
16
16
16
16
16
16
16
16
16
16
16
16
16
16
16
16
16
13
13
13
13
13
13
13
13
13
13
13
13
13
13
13
13
13
13
13
6
6
6
6
13
6
6
6
6
6
6
6
6
6
6
6
6
6
6
6
6
6
6
6
26
26
6
26
26
26
26
26
26
26
26
26
26
26
26
26
26
26
26
26
26
26
26
26
26
26
26
26
26
26
26
26
26
26
26
26
26
40
40
40
40
40
40
40
40
40
40
36
36
36
36
36
36
36
36
36
36
36
36
36
36
36
36
36
36
36
36
36
41
41
41
41
41
41
41
41
41
40
41
13
13
41
36
36
41
43
43
43
43
43
43
43
43
43
43
43
43
43
43
43
43
43
43
43
31
31
31
31
31
31
43
31
31
31
31
31
31
31
31
31
31
31
39
39
39
39
39
39
39
39
39
39
39
39
39
39
39
31
31
31
31
31
31
31
31
43
31
31
31
31
31
31
31
39
39
39
31
31
31
31
31
7
7
7
7
7
7
7
7
7
7
7
7
7
25
25
25
25
25
18
18
24
24
22
28
28
2
2
2
2
2
2
2
2
2
2
2
2
2
2
2
2
2
2
2
2
28
28
28
28
28
28
28
28
28
28
28
28
28
28
28
28
28
28
28
28
28
28
28
28
28
28
28
28
28
28
28
28
28
28
28
15
18
22
15
15
24
38
15
22
38
38
22
22
38
22
24
22
24
22
22
22
38
38
22
38
38
38
38
22
38
38
38
38
38
38
22
38
38
38
38
38
35
35
35
35
35
33
29
35
35
35
35
35
35
32
32
5
5
5
5
5
5
5
35
29
35
29
29
29
35
35
24
35
35
24
35
35
35
35
35
35
35
35
34
34
34
34
42
34
34
33
34
34
34
12
21
34
34
34
34
34
34
37
34
37
42
42
42
42
37
37
42
42
42
42
37
37
42
37
42
37
42
37
37
37
37
37
37
37
37
37
37
37
37
37
37
37
37
37
37
37
37
37
37
30
37
30
30
30
27
37
37
37
37
37
37
37
37
37
37
37
37
37
24
37
37
37
37
37
42
37
37
37
37
37
37
37
37
37
37
37
37
37
37
37
37
37
24
18
30
37
37
37
37
37
37
37
37
37
37
37
37
24
37
37
37
24
30
24
24
24
30
30
24
24
30
24
37
30
30
30
30
24
30
24
24
24
24
24
30
30
24
24
24
24
24
24
24
24
24
18
18
18
18
18
18
18
18
18
18
18
18
18
18
18
18
18
18
18
