0
0
0
0
0
0
0
10
10
14
1
10
1
10
10
10
10
10
1
10
1
10
10
1
1
20
0
10
10
1
0
10
0
0
0
0
10
9
10
10
29
9
9
9
9
5
9
9
9
9
9
29
5
0
10
8
8
8
8
8
8
10
8
8
8
8
8
8
8
8
8
8
8
8
8
8
8
8
8
8
8
8
8
8
8
9
9
9
9
9
9
9
9
9
9
9
9
9
9
9
9
19
9
19
14
19
4
19
4
4
4
4
4
4
4
4
4
4
4
4
4
4
4
4
4
4
4
4
4
4
4
4
4
4
4
4
4
4
4
4
4
11
11
11
11
11
11
11
11
11
4
4
11
11
11
11
11
11
11
11
11
11
11
11
11
11
11
1
1
1
1
1
1
1
1
1
1
1
1
1
1
1
1
1
1
1
32
32
3
3
32
3
3
3
32
3
32
3
3
3
3
3
3
3
3
3
3
3
3
3
3
3
3
3
3
3
3
3
3
3
3
3
3
3
3
3
3
3
3
5
5
3
3
5
5
5
5
5
5
5
5
5
5
5
29
5
5
5
5
5
29
17
29
29
29
29
29
20
29
20
20
20
20
20
20
20
20
20
20
20
20
20
20
20
23
23
20
23
23
20
23
16
23
23
23
16
23
23
23
16
16
16
23
16
16
16
16
16
16
16
16
16
16
16
16
16
16
16
16
16
16
16
16
13
16
16
16
16
16
16
16
16
13
13
13
13
13
13
13
6
6
6
6
26
6
6
6
6
6
0
6
26
26
26
6
26
26
26
6
26
26
6
6
26
26
26
26
26
26
26
6
26
26
26
26
26
26
26
26
26
26
26
26
26
26
26
26
26
26
26
26
26
26
26
26
26
26
26
26
26
40
40
40
40
40
40
40
40
40
40
40
40
40
40
36
36
36
36
36
36
36
36
36
36
36
36
36
36
36
36
36
36
36
36
36
36
36
36
36
36
36
41
41
41
41
41
41
41
18
7
7
43
43
43
43
43
43
43
43
43
43
43
43
43
43
43
43
43
43
43
43
43
43
43
43
43
43
43
31
31
31
31
31
39
39
39
39
39
39
39
39
39
39
39
39
39
39
39
43
43
31
43
39
43
43
31
43
31
31
31
39
39
39
39
39
39
39
7
7
7
43
43
43
43
43
43
43
43
43
43
7
7
7
7
7
7
7
7
7
7
7
7
25
25
25
25
25
25
25
25
25
2
2
2
2
25
2
2
2
2
2
2
2
2
2
2
2
2
2
2
2
2
2
2
2
2
2
2
28
28
28
28
28
28
28
28
28
28
28
28
28
28
28
28
28
28
28
28
28
28
28
28
28
28
28
28
28
28
28
28
28
15
15
15
15
15
15
15
15
15
15
15
15
15
15
15
15
15
15
15
22
22
22
22
22
22
22
22
22
22
22
22
22
22
38
38
22
38
38
38
38
38
38
38
38
38
38
38
38
38
35
35
35
35
35
35
35
35
35
35
35
35
35
35
35
35
12
34
34
34
34
34
34
34
34
34
34
34
34
34
34
34
34
34
34
34
34
34
34
34
34
34
42
42
42
42
42
42
34
34
42
42
42
42
42
42
42
34
42
34
34
37
37
37
24
37
37
37
37
37
37
37
37
37
37
37
37
37
37
37
37
37
37
37
37
37
37
37
18
37
37
33
37
37
37
37
37
37
37
37
37
37
37
37
37
37
37
37
37
37
37
37
21
21
21
37
37
37
21
37
37
37
37
37
37
37
21
21
27
21
27
37
37
37
37
37
30
30
30
30
30
37
30
24
30
30
30
30
30
30
30
30
30
30
30
30
30
30
30
30
24
24
24
24
24
24
24
24
24
24
24
24
24
24
24
24
18
18
18
18
18
18
18
18
18
18
18
18
18
18
18
18
18
18
18
18
18
18
