0
0
0
0
0
0
0
0
0
0
0
0
0
0
0
0
0
0
0
0
0
0
0
0
0
0
10
0
0
0
0
0
0
0
10
0
0
10
10
10
29
11
7
0
0
0
8
10
14
1
14
14
14
14
9
9
9
9
8
8
9
9
9
9
9
9
9
9
9
9
9
9
9
9
9
9
9
9
9
9
9
9
14
9
9
14
14
14
14
19
19
19
19
19
19
4
19
19
19
19
19
4
4
19
19
4
4
4
4
4
4
11
18
4
4
4
18
4
4
4
18
4
4
4
18
4
4
4
18
4
4
4
18
4
4
4
4
4
4
4
18
4
4
4
4
4
4
4
11
4
11
4
11
4
4
4
11
4
11
11
11
4
11
11
11
11
11
11
11
11
11
4
18
11
11
11
11
1
11
3
3
3
3
3
3
3
1
1
32
32
32
3
3
3
3
32
3
3
3
3
3
3
3
3
3
3
3
3
3
3
3
3
3
3
3
3
3
3
3
3
3
3
3
3
3
3
3
3
5
3
5
5
5
5
5
5
5
5
5
5
5
5
5
5
5
5
5
3
5
5
5
5
29
5
5
29
29
20
18
29
29
29
20
20
20
20
20
20
20
23
16
16
16
16
16
16
16
16
16
16
20
20
20
20
20
20
20
20
20
20
20
20
20
16
16
16
16
23
16
16
16
16
16
16
16
16
16
16
16
16
16
16
16
16
16
16
13
13
13
13
13
13
13
13
13
13
13
13
13
13
13
13
13
13
13
13
13
13
13
13
13
6
0
6
6
6
6
6
6
6
6
6
26
6
6
6
6
6
6
26
26
26
26
26
26
26
26
26
26
26
6
26
26
26
26
26
26
26
26
26
26
26
26
26
26
26
26
26
26
26
26
26
26
26
26
40
40
40
40
40
40
40
36
36
36
36
36
36
36
36
36
36
36
36
36
36
36
36
36
36
41
36
36
41
41
41
41
41
41
41
41
41
41
41
40
40
40
41
41
41
41
41
41
41
43
43
43
43
43
43
43
43
43
43
43
43
43
43
43
43
43
43
43
43
43
43
43
43
43
43
43
43
43
43
43
43
43
43
31
31
39
39
39
39
39
39
43
43
39
39
39
39
39
43
43
43
43
7
7
7
7
7
7
7
7
7
7
7
7
7
7
7
7
7
7
25
25
7
25
25
25
25
25
25
25
25
25
25
25
25
25
2
2
2
25
2
25
2
2
2
2
2
2
2
2
2
2
2
2
2
2
2
2
28
28
28
28
28
28
28
28
28
28
28
28
28
28
28
28
28
28
28
15
28
28
15
15
28
28
15
15
28
15
15
15
15
22
22
22
22
22
22
22
22
22
22
22
22
22
22
22
38
38
38
38
22
38
38
38
38
38
38
38
38
38
38
38
38
38
38
38
38
38
38
38
38
38
38
38
38
38
35
35
35
35
35
29
35
35
35
35
25
24
35
20
34
34
35
34
34
34
34
34
34
34
34
34
34
34
34
34
34
34
26
26
39
42
34
34
42
34
33
34
42
42
42
34
34
42
37
34
42
42
34
37
34
37
37
37
37
37
37
37
37
37
37
37
37
37
37
37
37
37
37
37
37
37
37
37
37
37
21
37
37
37
37
37
37
37
37
37
37
37
37
37
37
37
37
37
37
37
37
37
37
21
21
42
37
42
37
37
37
37
37
37
37
37
37
37
37
37
37
37
37
27
37
37
37
37
37
30
37
37
37
37
37
30
30
30
30
30
30
30
30
30
30
30
30
30
30
30
30
30
30
30
30
24
30
24
24
24
24
24
24
24
24
24
24
24
24
18
18
18
18
18
18
18
18
18
18
18
18
18
18
18
18
18
18
18
18
18
