8
8
8
8
8
8
8
8
9
10
10
10
9
9
9
29
9
9
9
9
9
8
8
9
9
1
20
10
20
11
1
10
4
14
14
10
1
4
4
4
4
4
4
0
4
0
4
4
4
19
19
19
19
19
19
19
19
4
4
19
19
4
4
19
4
4
4
19
4
4
4
19
4
4
4
4
19
4
4
4
4
4
4
4
4
4
4
4
4
4
4
4
4
4
4
4
4
4
4
4
4
4
4
4
4
4
4
4
4
4
4
4
4
11
11
3
1
1
1
24
1
1
1
1
1
1
1
1
32
3
32
32
3
32
32
3
3
32
32
3
3
3
3
3
3
3
3
3
3
3
3
3
3
3
3
3
3
3
3
3
3
3
3
5
5
3
3
5
5
5
5
5
5
5
5
5
5
5
5
5
5
5
5
5
5
5
29
29
29
29
29
29
29
5
29
29
5
29
10
20
29
29
20
20
20
20
20
20
20
20
20
23
20
20
20
23
23
23
23
23
23
23
23
23
23
20
16
16
23
20
20
23
23
16
16
16
16
16
16
13
13
13
13
13
13
13
16
13
13
13
13
13
13
13
13
13
13
13
13
13
13
13
13
13
13
13
13
13
13
0
18
6
6
6
18
0
17
0
18
17
0
0
0
17
17
0
18
0
6
0
6
0
6
17
18
0
6
0
18
6
17
17
18
6
6
6
26
26
26
26
26
26
26
26
26
26
26
26
26
26
26
26
26
26
26
26
26
26
26
26
40
40
40
40
40
40
40
40
40
36
36
36
36
36
36
36
36
36
36
36
36
36
36
36
36
36
41
41
41
41
41
41
41
41
41
41
41
41
41
41
41
7
7
41
43
41
43
43
43
43
43
43
43
43
43
43
43
43
43
43
43
43
43
31
31
31
31
31
31
31
31
31
31
31
31
39
39
39
39
39
39
39
39
39
39
39
39
39
39
39
39
39
39
39
39
39
7
7
7
7
7
7
7
7
7
7
7
7
7
7
7
25
25
25
25
25
25
25
25
25
25
25
25
25
25
25
25
25
25
25
25
25
25
25
25
2
2
2
2
2
2
2
2
2
28
28
28
28
28
28
28
28
28
28
28
28
28
28
28
28
28
28
28
28
28
28
28
28
28
28
28
28
28
28
28
15
15
15
15
15
15
15
22
22
22
15
22
22
15
15
22
22
22
15
22
38
22
22
22
22
22
22
38
22
22
22
38
38
38
38
38
38
22
38
38
38
38
38
38
38
38
35
35
35
35
35
35
35
35
35
35
35
35
35
35
35
35
35
35
35
12
12
12
12
12
12
12
12
12
12
12
12
12
12
12
12
34
34
34
34
34
42
42
42
42
42
42
42
42
42
42
42
42
42
42
42
42
42
42
42
42
42
30
27
21
21
27
27
21
21
27
27
21
21
27
27
27
27
27
27
27
27
30
27
30
30
30
30
30
30
30
30
30
30
30
30
30
30
30
30
30
30
30
30
30
30
30
30
30
30
30
30
24
24
24
24
24
24
24
24
24
24
24
24
24
24
24
24
24
24
18
18
18
18
18
18
18
18
18
18
18
18
18
18
18
18
18
18
18
18
