0
8
10
8
0
0
0
9
8
8
8
8
9
8
8
8
8
8
8
8
8
8
9
8
8
8
8
8
8
8
8
8
8
8
9
8
9
9
9
9
9
9
9
9
9
9
14
24
14
16
9
14
14
9
14
4
14
14
4
4
19
19
14
19
19
14
19
4
4
4
4
19
19
4
19
4
4
4
4
4
19
4
4
4
4
4
4
4
4
4
4
4
4
4
11
4
4
4
4
4
4
4
4
4
4
4
11
11
4
4
11
11
11
11
11
11
1
1
1
1
1
1
1
1
1
1
1
1
1
1
1
1
1
3
3
3
3
3
3
3
3
3
3
3
3
3
3
3
3
3
3
3
3
3
3
3
3
3
3
3
3
3
3
5
3
3
3
3
3
3
3
5
5
5
5
5
5
5
5
5
5
5
29
29
5
5
5
5
1
29
1
29
29
29
29
29
29
29
29
20
20
29
20
20
20
20
20
20
20
23
23
20
20
20
23
23
23
23
23
23
23
23
23
23
23
23
23
23
23
23
23
23
23
23
23
23
23
23
16
16
16
16
16
16
13
16
16
16
16
16
16
16
17
16
16
16
13
13
13
16
13
13
13
13
13
13
13
13
13
0
13
0
0
0
13
0
0
0
0
0
0
6
6
6
6
13
0
0
0
0
0
0
0
13
6
0
6
6
6
6
26
6
6
6
6
26
26
6
26
6
26
26
26
26
26
26
26
26
26
26
26
26
26
26
26
26
26
26
26
26
40
40
40
40
40
40
40
40
40
40
40
40
40
40
40
13
40
13
36
36
36
36
36
36
36
36
36
36
36
36
36
36
36
36
36
36
36
36
36
36
36
36
41
41
41
41
41
41
41
41
41
41
41
41
41
41
43
43
43
43
43
43
43
43
43
43
43
43
43
43
43
43
43
43
43
43
31
31
39
31
31
39
31
31
31
31
31
31
31
39
39
39
39
39
39
39
39
39
39
39
39
39
39
39
39
39
39
41
7
7
7
7
7
7
7
7
7
11
7
7
7
7
25
25
25
25
25
25
25
25
25
25
25
25
25
25
25
25
25
2
2
2
2
2
2
2
2
2
2
2
2
2
28
28
28
28
28
28
28
28
28
28
28
28
28
28
28
28
28
28
28
28
28
28
28
28
28
28
28
28
28
28
28
15
15
15
15
15
15
22
22
22
15
15
22
22
22
22
22
22
22
22
22
22
22
22
22
22
22
22
22
22
22
22
38
38
22
22
38
38
38
38
38
38
38
38
38
35
35
35
35
35
35
35
29
29
29
35
35
35
35
35
35
35
35
34
34
34
34
34
34
34
34
34
34
34
34
34
34
34
34
34
42
34
34
34
34
34
34
34
34
34
34
34
34
34
34
34
34
34
34
34
34
34
34
34
34
34
34
34
34
34
34
42
42
42
42
42
42
42
42
42
42
42
42
27
27
27
27
27
27
27
27
27
27
27
27
27
27
27
27
27
27
27
27
30
30
30
30
30
30
30
30
30
30
30
30
30
30
30
30
30
30
30
30
30
30
30
30
30
30
30
30
30
30
30
24
24
24
24
24
24
24
24
24
24
24
24
24
24
24
24
24
24
24
18
18
18
18
18
18
18
18
18
18
18
18
18
18
18
18
18
18
18
