0
0
0
0
0
0
0
0
0
0
10
0
0
0
0
10
10
8
10
10
10
8
8
10
8
8
8
8
8
8
8
9
8
9
8
10
10
8
10
8
9
8
8
8
10
14
14
8
9
9
9
8
8
8
9
9
8
8
8
8
9
8
9
8
8
9
9
9
9
9
9
9
9
9
9
29
29
29
29
9
29
1
11
11
11
11
4
11
11
11
11
11
11
11
11
11
11
11
11
29
11
11
11
29
5
11
11
11
11
11
11
29
11
11
11
10
33
11
14
10
14
1
14
14
14
11
14
11
14
4
14
4
4
19
4
4
4
4
4
4
4
4
19
19
4
4
4
4
4
4
4
23
4
4
4
4
4
4
4
4
4
4
4
4
4
4
4
4
4
4
4
4
4
4
4
4
4
4
4
4
4
4
4
4
4
4
4
4
4
4
4
4
4
4
4
4
11
4
11
13
1
11
1
13
13
13
1
1
1
3
3
3
3
1
32
32
32
32
3
3
32
32
3
3
3
3
3
3
3
3
3
3
3
3
3
3
3
3
3
3
3
3
3
3
3
3
3
3
3
3
18
5
5
3
5
5
5
3
5
5
5
5
5
5
5
5
5
5
5
5
5
5
5
5
5
29
5
11
29
29
29
29
29
29
29
29
20
20
20
20
18
20
20
20
20
20
20
20
20
20
20
20
20
23
23
23
20
23
23
23
23
23
23
23
23
23
23
23
23
16
16
23
16
16
23
23
16
16
23
23
16
16
16
16
16
16
16
16
16
16
16
16
16
16
16
13
16
16
16
16
13
13
13
13
13
13
13
26
26
6
6
26
26
6
6
26
6
6
26
26
26
6
6
26
26
6
6
26
26
26
6
26
26
26
26
26
26
26
26
26
26
26
26
26
26
26
26
26
26
26
26
26
26
26
26
26
26
26
26
26
26
26
26
26
26
26
26
26
40
40
40
40
40
40
40
36
36
36
36
36
36
36
36
36
36
36
36
36
36
36
36
36
36
36
36
36
41
41
41
41
41
41
41
41
41
41
41
41
41
41
41
41
41
41
41
43
43
43
43
43
43
43
43
43
43
43
43
43
43
43
43
43
43
43
43
31
31
31
43
31
31
31
31
31
31
31
31
31
31
31
39
39
39
39
39
39
39
39
39
39
39
39
39
39
7
7
7
7
7
7
7
7
7
7
7
7
7
7
7
7
7
7
7
7
7
25
25
25
25
25
25
25
25
25
2
2
25
25
25
25
25
25
25
25
25
25
2
2
2
2
2
2
2
2
2
28
28
28
28
28
28
28
28
28
28
28
28
28
28
28
28
28
28
28
28
28
28
28
28
28
28
28
28
28
28
28
28
28
28
28
15
15
15
15
15
15
15
15
15
15
15
22
15
22
38
22
22
22
38
22
22
22
38
38
38
38
38
38
38
38
38
38
38
38
38
38
38
38
38
38
38
38
38
35
35
35
35
35
35
35
35
35
35
35
35
35
35
35
35
35
12
12
12
12
12
12
12
12
12
12
12
12
12
12
12
12
12
12
12
12
12
12
12
12
12
12
34
34
34
34
34
34
34
34
34
34
34
34
42
42
42
42
42
42
42
42
42
42
42
42
42
42
42
42
27
27
27
27
21
21
27
27
21
27
27
21
21
21
27
27
27
27
27
27
27
27
27
42
27
27
27
27
27
27
27
27
21
21
27
27
27
27
27
30
30
27
30
30
30
24
24
24
24
24
24
24
24
24
24
24
24
24
24
24
24
24
30
24
24
30
30
24
24
24
24
24
24
24
24
24
24
24
24
24
24
24
24
18
24
24
18
18
18
18
18
18
18
18
18
18
18
18
18
18
18
18
18
18
18
18
18
18
18
18
18
