19
19
19
4
4
4
4
4
4
4
4
4
4
4
4
4
4
4
4
4
4
4
4
4
4
4
4
4
4
4
4
4
4
4
4
4
4
4
4
4
4
4
4
4
4
4
4
4
4
4
4
4
4
4
4
11
4
4
4
11
4
11
11
1
1
11
1
1
1
1
1
1
1
1
1
1
1
1
1
1
1
1
1
3
3
32
32
3
3
3
3
3
3
3
3
3
3
3
3
3
3
3
3
3
3
3
3
3
3
3
3
3
3
3
3
5
5
5
5
5
5
5
5
5
5
5
5
5
5
5
5
5
5
5
5
5
5
29
29
29
29
29
29
29
29
29
29
29
29
29
29
29
29
29
29
29
29
20
20
20
20
20
20
20
20
20
23
20
20
20
23
23
23
23
23
23
23
23
23
23
23
23
23
23
16
23
23
16
16
16
16
16
16
16
13
13
16
16
16
16
16
16
16
16
13
16
16
16
13
16
16
16
13
13
13
13
13
13
13
13
13
13
13
13
13
0
0
0
0
0
17
0
0
13
0
6
6
6
0
6
6
6
0
17
6
6
17
17
6
6
17
6
6
6
18
26
6
6
18
6
6
6
18
26
6
6
18
26
6
6
18
26
6
26
18
26
26
26
18
26
26
26
26
26
26
26
40
40
40
40
40
40
40
40
0
40
40
40
36
36
40
36
36
36
36
36
36
36
36
36
36
36
36
36
36
36
36
36
36
36
36
36
36
36
36
36
41
41
41
41
41
41
41
41
41
41
41
41
41
43
43
43
43
43
43
43
43
43
43
43
43
43
43
43
43
43
43
43
43
31
43
43
43
43
31
31
31
31
31
31
31
31
31
31
31
31
31
31
39
39
39
39
39
39
39
39
39
39
39
31
31
31
7
7
7
7
7
7
7
7
7
7
7
7
7
7
7
25
25
25
25
25
25
25
25
25
25
25
25
25
25
25
25
25
2
2
2
2
2
2
2
2
2
2
28
28
28
28
28
28
28
28
28
28
28
28
28
28
28
28
28
28
28
28
28
28
28
28
28
28
28
28
28
28
28
15
28
15
15
15
15
15
15
15
15
15
15
15
15
15
15
22
15
22
22
22
22
22
22
22
22
22
22
38
22
22
22
22
22
38
38
38
38
38
38
38
38
38
38
38
38
38
38
38
35
35
35
35
35
35
35
35
35
35
35
35
35
35
35
35
35
35
12
12
12
12
12
12
12
12
12
12
12
12
12
12
12
12
34
12
12
34
34
34
34
34
42
42
42
42
42
42
42
42
42
42
42
42
42
42
42
42
42
42
42
27
30
30
30
30
30
30
30
30
30
30
30
30
30
30
30
30
30
30
30
30
30
30
30
30
30
30
30
30
30
30
24
24
24
24
24
24
24
24
24
24
24
24
24
24
24
18
18
24
18
18
18
18
18
18
18
18
18
18
18
18
18
18
18
18
18
18
18
18
