14
8
14
7
8
8
8
9
0
14
14
10
10
14
14
4
4
4
14
4
4
14
4
14
14
4
14
14
4
14
10
4
11
11
4
4
4
20
20
4
20
4
4
4
20
20
4
4
4
4
4
4
20
4
4
4
4
4
4
4
4
4
4
4
4
4
4
4
4
4
4
4
4
4
4
4
4
4
4
4
4
4
4
4
4
4
4
4
4
4
4
4
4
4
4
4
4
4
4
4
4
4
4
11
11
1
1
1
1
1
1
29
1
1
1
1
1
1
1
1
3
1
1
3
3
32
3
3
3
3
3
3
3
3
3
3
3
3
3
3
3
3
3
3
3
3
3
3
3
3
3
3
3
3
3
3
3
3
3
3
5
5
5
5
5
5
5
5
5
5
5
5
5
5
5
5
5
5
5
29
29
29
5
13
29
29
29
29
29
29
29
29
29
29
20
1
1
1
5
1
3
5
29
1
1
20
20
20
20
20
20
23
23
23
23
23
23
23
23
23
23
23
23
23
23
23
23
23
23
23
23
23
23
16
16
16
16
16
16
16
16
16
16
16
16
16
13
16
16
16
16
16
13
13
13
13
13
13
13
13
13
13
13
0
0
0
0
6
0
40
6
6
6
6
6
6
6
6
6
6
6
6
6
6
6
6
6
6
6
6
6
6
6
26
26
26
6
26
6
26
26
26
26
26
26
26
26
26
26
26
26
26
26
26
26
26
26
26
26
26
26
26
26
26
26
40
40
40
40
40
40
6
6
6
6
36
36
36
36
36
36
36
36
36
36
36
36
36
36
36
36
36
36
36
36
36
41
41
41
41
41
41
41
41
41
41
41
41
41
43
43
43
43
43
43
43
43
43
43
43
43
43
43
43
43
43
43
43
43
43
43
43
31
31
43
43
43
43
31
31
31
31
31
31
39
39
39
39
39
39
39
39
39
39
39
39
39
39
39
39
39
7
7
7
7
7
7
7
7
7
7
7
7
7
7
7
7
7
7
25
7
25
25
25
25
25
25
25
25
25
2
2
2
25
25
25
25
25
25
25
25
25
25
25
2
2
2
2
2
2
2
28
28
28
28
28
28
28
28
28
28
28
28
28
28
28
28
28
28
28
28
28
28
28
28
28
28
28
28
28
28
28
28
15
15
22
22
22
22
22
22
22
22
22
22
22
22
22
22
22
22
38
22
22
22
22
22
38
22
22
22
22
22
38
22
38
38
38
22
38
38
38
38
38
38
38
38
38
35
38
35
35
35
38
35
24
24
25
25
25
35
35
24
24
33
35
18
24
24
24
33
35
35
35
35
35
35
35
35
35
35
33
35
37
35
34
35
34
34
35
34
34
34
35
35
35
34
34
34
34
34
34
12
35
12
12
12
35
35
12
35
35
12
12
12
34
12
12
35
34
34
34
35
34
34
34
34
34
42
42
34
34
42
42
34
42
42
42
42
42
42
42
42
42
42
42
42
42
42
42
42
42
42
42
27
42
27
27
27
27
27
27
27
27
27
27
27
27
27
27
27
27
27
27
27
27
27
27
30
42
18
30
30
30
27
27
27
27
27
27
27
27
27
30
30
30
30
30
30
24
18
30
30
30
30
30
30
30
30
30
30
30
30
30
30
30
30
30
30
30
30
30
30
30
30
24
24
24
24
24
24
24
24
24
24
24
24
24
24
24
24
18
24
18
24
18
18
18
18
18
18
18
18
18
18
18
18
18
18
18
18
18
18
18
