11
1
11
0
0
0
0
0
0
0
0
0
0
0
0
0
0
0
0
0
0
0
0
0
0
0
0
0
0
0
0
0
0
0
0
0
0
0
0
0
0
0
0
0
0
0
0
0
0
0
0
0
0
0
0
0
0
0
0
0
0
0
0
0
0
0
0
0
9
0
0
0
0
0
0
0
0
0
0
0
0
0
0
0
0
0
0
0
0
0
0
0
0
0
0
0
0
0
0
0
0
0
0
0
0
0
0
0
0
0
0
13
14
16
29
14
0
8
8
8
9
9
9
9
9
9
9
9
9
9
14
14
4
19
4
19
4
19
4
4
4
19
19
4
4
4
4
4
4
4
4
4
4
4
4
4
4
4
4
4
4
4
4
4
4
4
4
4
4
4
4
4
4
4
4
4
4
4
4
11
4
4
4
11
11
11
4
11
4
4
4
11
11
11
11
11
11
11
18
11
1
1
1
1
1
1
1
1
1
1
1
1
1
1
1
1
1
1
32
32
32
32
32
32
32
3
32
32
32
32
32
3
3
3
3
3
32
3
3
3
3
3
3
3
3
3
3
3
3
3
3
3
3
3
3
3
3
3
5
3
3
3
5
5
5
5
5
5
5
5
5
5
5
5
1
29
29
29
29
29
29
1
5
29
29
29
29
29
29
29
29
29
29
29
20
20
20
20
20
20
23
23
23
23
23
23
23
23
23
23
23
23
23
23
23
23
23
23
23
23
23
23
16
16
16
16
16
23
16
16
16
23
16
16
16
16
16
16
16
16
16
16
16
16
16
16
16
13
16
16
16
16
16
13
13
13
13
13
13
26
6
0
0
26
13
0
0
6
16
23
6
6
0
40
40
26
6
6
40
26
40
6
6
26
26
6
40
26
6
6
26
26
26
40
40
26
26
6
40
26
26
26
26
26
26
26
40
26
26
26
40
26
26
40
26
26
26
26
26
26
26
40
40
40
26
40
40
40
40
40
40
36
36
36
36
36
36
36
36
36
36
36
36
36
36
36
36
41
36
36
41
41
41
41
41
41
41
41
41
41
43
7
7
7
7
3
43
43
43
43
43
43
43
43
43
43
43
43
43
43
43
43
43
43
31
31
31
31
31
31
31
31
31
31
31
31
31
31
31
31
31
31
39
39
39
39
39
39
39
39
39
39
39
39
39
39
39
39
39
39
31
31
31
18
7
7
7
7
7
7
7
7
7
7
7
7
7
25
25
25
25
25
25
25
25
25
2
2
25
25
25
25
25
25
25
25
25
25
25
25
2
2
2
2
2
2
2
2
2
2
2
2
28
2
2
2
28
28
28
28
28
28
28
2
28
28
28
28
28
28
28
28
24
24
28
28
28
28
28
28
18
18
28
28
24
28
23
28
22
15
24
15
22
24
23
15
22
15
15
22
38
22
15
15
22
15
15
22
22
15
28
15
22
22
22
15
22
22
15
15
22
15
15
22
38
38
22
22
38
38
38
35
38
35
35
35
35
35
35
35
35
18
16
13
38
13
38
35
35
35
35
35
35
35
35
35
35
35
35
35
35
35
35
35
35
35
35
35
34
34
34
35
34
35
35
35
35
35
35
35
34
34
35
35
34
34
35
35
34
35
34
35
34
34
34
34
34
34
34
34
34
42
34
34
34
42
42
34
42
42
34
34
34
34
34
42
42
42
34
34
42
34
42
42
42
42
42
42
42
42
42
42
42
42
42
42
42
42
42
42
42
42
42
42
42
42
42
42
42
27
21
27
21
21
27
27
27
27
27
27
27
21
27
27
27
27
27
27
27
30
27
27
27
27
30
30
30
30
27
30
27
30
27
30
30
30
30
30
30
30
30
30
30
30
30
30
30
30
30
30
30
30
30
30
30
30
30
30
30
30
30
24
30
24
30
30
30
30
30
24
30
24
24
24
24
24
24
24
24
24
18
18
18
18
18
18
18
18
18
18
18
18
18
18
18
18
18
18
18
