0
8
8
8
8
8
8
8
8
8
8
8
8
8
8
8
8
0
10
10
8
8
8
8
8
8
8
9
9
9
9
9
9
4
4
4
14
4
4
4
0
4
14
14
19
14
14
4
4
4
4
4
4
4
4
4
19
4
4
4
4
4
4
4
4
4
4
4
4
4
4
4
4
4
4
4
4
4
4
4
4
4
4
4
4
4
4
4
4
4
4
4
4
4
4
4
4
4
4
4
4
4
4
11
11
11
11
11
11
1
1
1
1
1
1
1
1
1
1
1
1
3
3
3
3
32
3
3
3
3
3
3
3
3
3
3
3
3
3
3
3
3
3
3
3
1
3
3
3
1
3
3
3
3
3
5
5
5
5
5
5
5
5
5
5
5
5
5
5
5
5
5
5
5
5
5
5
5
5
5
5
29
29
29
29
29
29
29
29
29
29
29
20
20
20
20
20
20
20
20
20
20
20
20
20
20
23
20
23
20
20
23
23
23
23
23
23
23
23
23
23
23
23
23
23
23
23
23
23
23
16
16
16
23
16
13
16
16
16
16
16
16
13
5
20
26
26
6
13
13
16
16
13
13
13
13
13
13
13
13
13
13
13
13
6
6
6
6
6
6
0
0
6
6
0
0
0
0
6
6
6
6
6
6
6
6
6
6
6
6
6
6
6
6
26
6
26
6
6
6
6
18
26
6
26
26
26
6
26
26
26
6
26
26
26
26
26
26
26
26
26
26
26
26
26
26
40
40
40
40
40
40
36
36
36
36
36
36
36
36
36
36
36
36
36
36
36
36
36
36
36
36
36
41
41
41
41
41
41
41
41
36
36
41
43
43
43
43
43
43
43
43
43
43
43
43
43
43
43
43
43
43
43
43
43
43
31
31
31
43
43
43
43
43
43
31
31
43
39
39
43
39
39
39
39
39
39
39
39
39
39
39
43
43
7
7
7
7
7
7
7
7
7
7
7
7
7
7
7
7
7
7
7
7
7
25
7
7
25
25
25
7
7
25
25
25
25
7
25
25
25
7
25
25
25
25
25
25
25
25
25
25
25
2
2
2
2
2
2
2
2
2
2
2
2
2
2
2
2
28
28
28
28
28
28
28
28
28
28
28
28
28
28
28
28
28
28
28
28
28
28
28
28
28
28
28
28
28
28
28
28
28
28
15
15
22
22
22
15
15
22
22
15
22
22
15
22
22
22
22
22
22
22
22
22
38
22
22
22
38
22
22
22
38
38
38
38
38
38
38
38
38
38
38
38
38
38
38
38
38
35
38
35
35
35
35
35
35
35
35
35
35
35
35
35
35
35
35
35
35
35
35
35
35
35
35
35
35
35
35
12
12
12
12
12
12
12
12
12
12
12
12
12
12
12
12
12
12
12
34
34
12
12
12
12
12
12
12
34
34
34
34
34
12
12
34
34
34
34
34
34
34
34
34
34
34
34
34
34
34
34
34
34
34
34
34
34
34
34
34
34
34
34
42
42
34
42
42
27
27
27
27
27
27
27
27
27
27
27
27
27
30
27
27
27
27
27
27
27
30
27
27
27
27
27
27
27
27
27
27
27
30
27
30
27
27
30
24
27
24
30
27
27
27
27
27
27
30
27
27
27
27
30
30
27
30
30
30
30
30
30
30
30
30
30
30
30
30
30
30
30
30
30
30
30
30
30
30
30
30
30
30
24
24
24
24
24
24
24
39
39
39
39
39
39
39
18
18
18
18
18
18
18
18
18
18
18
18
18
18
18
18
18
18
18
18
18
18
18
18
18
18
18
18
18
18
18
18
18
18
18
18
18
18
18
