8
8
8
8
8
9
0
9
9
9
0
9
9
9
9
9
9
9
9
9
9
8
9
9
9
9
9
8
9
9
9
9
9
9
9
9
14
14
14
14
19
14
4
14
14
1
4
14
14
4
19
4
19
4
19
4
4
19
4
4
4
4
4
4
4
4
4
4
4
4
4
4
4
4
4
4
4
4
4
4
4
4
4
4
4
4
4
4
4
4
4
4
4
4
4
4
4
4
4
4
4
4
4
4
4
4
4
11
4
11
4
11
11
1
1
11
1
1
1
1
1
1
1
1
1
3
3
1
1
3
1
3
32
32
32
1
32
3
32
3
3
3
3
3
3
3
3
3
3
3
3
1
3
3
3
3
3
3
3
3
3
3
3
3
3
3
3
3
3
5
5
5
5
5
5
3
5
5
5
5
5
5
5
5
5
5
5
5
5
5
29
5
5
29
29
29
29
29
29
1
1
20
20
20
20
20
20
20
20
20
20
20
20
20
20
23
23
23
23
23
23
23
23
23
23
23
23
23
16
16
23
23
16
16
16
23
16
23
23
16
16
16
16
16
16
16
16
16
16
16
16
16
13
16
13
16
16
16
13
13
16
16
16
16
13
13
13
13
13
13
13
13
13
13
13
13
0
0
0
0
0
0
0
0
0
0
0
0
0
0
6
6
0
0
6
6
6
6
6
6
6
6
6
26
6
6
6
26
6
6
26
26
26
26
26
26
26
26
26
26
26
26
26
26
26
26
26
26
26
26
26
26
26
26
26
26
26
40
40
40
40
40
40
40
40
40
40
36
36
36
36
36
36
36
36
36
36
36
36
36
36
36
36
36
36
36
41
36
41
41
41
41
41
41
41
41
41
41
41
41
41
41
7
7
43
43
43
43
43
43
43
43
43
43
43
43
43
43
43
43
43
43
43
43
39
31
43
39
39
31
31
31
43
43
31
31
31
31
31
31
31
31
31
31
31
31
31
31
31
31
31
31
39
39
39
39
39
39
39
39
39
39
39
39
39
39
39
39
39
39
7
7
7
7
7
7
7
7
7
7
7
7
25
25
25
25
25
25
25
25
25
25
25
25
25
25
25
25
2
2
2
2
2
2
2
2
2
2
2
2
2
2
2
2
2
2
2
28
28
28
28
28
28
28
28
28
28
28
28
28
28
28
28
28
28
28
28
28
28
28
28
28
28
28
28
28
28
28
28
28
15
15
15
15
15
22
15
22
15
22
22
22
22
22
22
22
22
22
22
22
22
22
22
22
22
38
22
22
22
38
22
22
22
38
38
22
38
38
38
38
38
38
38
38
35
35
35
35
35
35
35
35
35
35
35
35
35
35
35
35
35
35
35
12
12
12
34
12
12
12
12
12
12
12
12
12
12
12
12
12
12
12
34
12
34
34
34
34
34
34
34
34
34
34
34
34
34
34
42
42
34
42
42
42
42
42
42
42
42
42
42
42
27
27
21
27
27
21
21
30
27
27
27
21
27
21
21
27
21
27
27
27
27
27
27
27
21
21
21
21
21
21
27
27
21
21
21
27
21
21
27
30
27
27
30
30
30
30
30
30
30
30
30
30
30
30
30
30
30
30
30
30
30
30
30
30
30
30
30
30
30
30
30
30
24
24
24
24
24
24
24
24
24
24
24
24
24
24
24
24
24
24
18
18
18
18
18
18
18
18
18
18
18
18
18
18
18
18
18
18
18
18
