0
0
8
10
10
8
8
14
14
14
14
14
10
0
0
14
0
10
14
20
0
0
14
0
0
14
14
14
1
0
0
0
14
0
0
0
0
0
0
14
10
10
0
0
0
10
14
0
19
14
4
19
4
4
4
14
19
19
20
0
0
18
4
4
19
19
4
4
19
18
4
19
19
14
4
19
4
0
4
4
4
19
4
4
19
14
19
14
19
4
4
19
19
14
4
19
19
4
4
4
4
4
4
4
4
4
4
4
4
19
19
19
19
19
4
4
19
4
4
4
4
4
4
4
4
4
4
4
4
4
4
4
4
4
4
4
4
4
4
4
4
4
4
4
4
18
0
0
11
11
11
1
1
5
3
1
5
35
3
11
11
5
1
1
1
5
3
3
20
5
5
3
1
5
3
5
29
5
5
5
29
5
5
5
5
5
3
3
3
5
1
1
1
1
1
1
32
23
1
1
1
1
1
32
32
32
32
3
3
32
32
3
3
32
32
3
32
3
3
3
3
3
3
3
3
3
3
3
3
3
3
3
3
3
3
3
3
3
3
3
3
3
3
3
5
5
5
5
5
5
5
5
5
5
5
5
3
5
5
13
3
3
3
3
3
20
20
18
20
20
20
20
20
20
20
20
20
20
20
20
23
20
20
20
23
23
20
20
20
23
23
23
23
23
23
23
23
23
23
23
16
23
23
23
16
16
16
23
16
16
16
16
16
16
13
13
13
13
13
13
13
13
13
13
13
13
13
13
13
13
13
13
13
13
13
13
13
16
13
13
13
6
13
13
6
13
26
6
6
26
6
6
6
6
26
26
6
6
26
26
26
26
26
6
26
26
26
26
26
26
26
26
26
26
26
26
26
26
26
26
26
26
26
26
26
26
26
26
26
26
26
26
26
26
26
26
26
26
26
26
40
26
40
40
40
40
40
36
36
36
36
36
36
36
36
36
36
36
36
36
36
36
36
36
36
36
36
36
36
36
36
36
36
36
36
36
36
36
41
41
41
36
36
36
36
40
41
41
41
41
41
41
41
41
41
43
43
43
43
43
43
43
43
43
43
43
43
43
43
43
43
43
43
43
43
43
43
43
43
43
43
43
43
43
43
43
43
31
31
31
31
43
31
43
39
39
39
39
39
39
39
39
39
39
7
0
13
7
7
7
7
7
7
7
7
7
7
7
7
7
25
25
7
25
25
25
25
25
25
7
7
7
7
7
7
7
7
7
7
7
7
7
7
7
7
7
7
7
7
7
7
7
7
7
7
7
7
7
7
7
7
7
7
7
7
7
7
7
7
7
7
7
7
7
7
7
7
7
7
7
25
25
25
25
28
25
28
25
28
2
2
2
2
2
2
2
2
2
2
2
2
2
2
2
2
2
2
2
2
28
28
28
28
28
28
28
28
28
28
28
28
28
28
28
28
28
28
28
28
28
28
28
28
28
28
28
28
28
28
28
28
15
15
15
15
22
22
22
15
22
22
22
22
22
22
22
22
22
22
22
22
38
22
38
22
22
38
38
38
38
38
38
38
38
38
38
38
38
38
38
38
38
38
38
38
38
38
38
35
35
35
35
35
35
35
35
35
35
35
35
35
35
12
12
12
35
12
12
12
12
12
12
12
12
12
12
12
34
12
34
34
34
34
34
34
34
42
34
42
34
34
34
34
34
34
34
34
34
42
42
42
42
42
42
42
42
42
27
27
27
27
27
27
27
27
27
27
27
27
27
27
27
27
27
27
27
27
27
27
27
27
27
27
27
27
27
27
27
27
27
27
27
27
27
27
27
27
27
30
27
30
30
30
30
30
30
30
30
30
30
30
30
30
30
30
30
30
30
30
30
30
30
30
30
30
30
30
30
30
30
30
24
24
24
24
24
24
24
24
24
24
24
24
24
24
24
24
24
24
18
18
18
18
18
18
18
18
18
18
18
18
18
18
18
18
18
18
18
18
