0
0
8
8
0
8
8
9
9
8
0
0
8
0
0
8
8
9
0
10
14
9
9
9
0
14
14
14
4
4
4
4
11
11
11
4
4
0
3
4
4
4
4
4
4
4
4
4
4
4
4
4
4
4
4
4
4
4
4
4
4
4
4
4
4
4
4
4
4
4
4
4
4
4
4
4
4
4
4
4
4
4
4
4
4
4
4
4
4
4
4
4
4
4
11
11
11
4
4
4
1
1
1
1
1
1
1
1
1
1
1
1
1
1
3
1
1
1
1
1
1
1
1
1
1
3
1
1
3
3
1
1
3
3
1
3
3
3
3
3
3
3
3
3
3
3
3
3
3
3
3
3
3
3
3
3
5
3
3
3
5
3
3
3
5
5
5
5
5
5
5
5
5
5
5
5
5
29
29
29
29
29
29
29
5
29
29
29
29
29
0
29
29
29
29
20
20
20
20
20
20
20
20
20
20
20
20
20
20
20
20
23
23
23
23
23
23
23
23
23
23
23
23
23
23
23
23
23
23
23
16
16
23
23
16
16
23
23
16
16
16
16
16
16
16
16
16
16
13
16
16
16
13
16
40
13
13
13
13
13
13
6
13
13
40
6
13
6
6
6
6
6
6
6
6
6
6
6
6
6
6
6
6
6
6
6
26
26
6
6
26
26
26
6
26
6
26
26
26
26
26
26
26
26
26
26
26
26
26
26
26
26
26
26
26
40
40
26
40
40
40
40
40
40
40
40
40
40
36
36
36
36
36
36
36
36
36
36
36
36
36
36
36
36
36
41
41
36
41
41
41
41
41
41
41
41
41
41
41
41
41
41
43
43
43
43
43
43
43
43
43
43
43
43
43
43
43
31
43
43
31
43
43
31
31
43
31
31
31
31
31
31
31
31
31
31
39
39
39
39
39
39
39
39
39
39
39
39
39
39
7
7
7
7
7
7
7
7
7
7
7
7
37
7
25
25
25
25
25
25
25
25
25
25
2
25
25
25
25
2
2
2
2
2
2
2
2
2
2
2
2
2
2
2
2
2
2
2
2
2
28
25
25
25
25
25
2
28
28
28
28
28
28
28
28
28
28
28
28
28
28
28
28
28
28
28
28
28
15
15
28
15
15
22
22
22
22
22
15
22
22
22
15
22
15
22
22
22
22
22
22
22
22
22
22
22
22
22
22
22
22
38
38
38
38
38
38
38
38
38
38
38
38
38
38
38
35
35
35
35
35
35
35
35
35
35
35
35
35
35
35
35
35
25
2
2
2
35
12
34
12
12
35
12
12
12
12
12
12
12
12
12
34
34
12
12
34
34
34
2
34
34
42
42
34
42
42
42
42
34
34
34
42
42
42
42
42
42
42
42
42
42
42
42
42
42
27
30
27
27
27
27
27
27
27
30
30
27
27
27
27
27
27
30
27
27
30
30
30
30
30
30
30
30
30
30
30
30
30
30
30
30
30
30
30
30
30
30
30
30
30
30
30
30
30
30
24
24
24
24
24
24
24
24
24
24
24
24
24
24
24
24
24
24
24
18
18
18
18
18
18
18
18
18
18
18
18
18
18
18
18
18
18
18
18
