0
0
0
0
0
0
0
0
0
0
0
10
10
0
0
10
0
0
8
10
0
10
10
8
10
0
0
0
8
0
8
9
0
14
14
14
4
1
1
14
11
1
14
29
14
20
14
14
20
14
14
0
20
14
14
14
29
14
14
29
29
5
29
29
29
14
14
5
14
14
14
0
1
0
14
14
11
4
4
4
4
14
4
3
4
19
19
4
4
19
4
4
4
4
4
4
4
4
4
4
4
4
4
4
4
4
4
4
4
4
4
4
4
4
4
4
4
4
4
4
4
4
4
4
4
4
4
4
4
4
4
4
4
4
4
4
4
4
4
4
11
11
11
11
11
1
1
1
1
1
1
1
1
1
1
1
3
1
1
1
1
3
3
32
3
32
32
3
3
3
3
3
3
3
3
3
3
3
3
3
3
3
3
3
3
3
3
3
3
3
3
3
3
3
3
3
3
3
3
3
3
5
5
5
5
5
5
5
5
5
5
5
5
5
5
5
5
5
29
29
29
29
29
29
29
29
29
29
29
29
29
29
29
20
20
20
20
20
20
20
20
20
20
20
20
20
20
20
20
20
20
20
20
20
20
23
23
23
23
23
23
23
23
23
23
23
23
23
23
23
23
23
23
16
23
23
16
23
23
23
16
16
16
16
16
16
23
16
16
13
16
16
16
16
16
16
13
13
16
16
13
13
13
13
13
13
6
6
6
6
6
0
13
0
13
0
0
0
0
6
0
6
6
6
6
6
6
6
6
6
6
6
6
6
6
0
6
6
6
6
26
6
6
6
26
6
26
6
26
26
26
26
26
26
26
26
26
26
26
26
26
40
26
26
26
26
26
40
40
40
40
26
40
40
36
36
36
36
36
36
36
36
36
36
36
36
36
36
36
36
36
36
41
41
41
41
41
41
41
41
41
41
41
41
41
41
41
41
41
7
7
18
43
43
43
43
43
43
43
43
43
43
43
43
43
43
43
43
43
43
43
43
43
43
43
43
43
39
39
39
31
31
31
31
39
31
43
39
31
31
31
39
31
39
39
39
39
39
39
39
39
39
39
39
39
39
39
39
39
39
39
9
7
7
7
7
7
7
7
7
7
7
7
7
7
25
25
25
25
25
25
25
25
25
25
25
25
25
25
25
25
25
25
25
25
2
25
25
2
2
25
25
25
2
2
2
2
2
2
2
2
2
2
2
2
2
2
2
2
2
2
2
2
2
28
28
28
28
28
28
28
28
28
28
28
28
28
28
28
28
28
28
28
28
28
28
28
28
28
28
28
28
28
28
28
28
28
28
15
15
22
22
22
22
22
22
22
22
22
38
22
22
22
38
22
22
22
38
22
22
22
38
22
22
22
38
22
22
22
38
22
22
22
38
38
38
38
38
38
38
38
38
38
35
35
35
35
35
35
35
35
35
35
35
35
29
35
35
35
35
35
35
35
35
35
35
35
35
12
12
12
12
12
12
12
12
12
12
12
12
12
12
12
12
34
34
34
34
34
34
34
34
34
34
34
34
34
34
34
34
34
34
34
34
34
34
34
34
34
34
34
34
34
34
34
34
34
34
34
34
34
34
34
34
34
34
34
34
34
34
34
12
34
34
34
12
34
34
34
12
34
34
34
34
34
34
34
42
42
34
42
42
42
42
42
42
42
42
42
42
42
42
42
42
42
42
42
42
42
21
21
27
21
27
21
27
27
27
27
27
27
27
27
27
27
30
27
27
27
27
27
27
27
27
27
27
27
27
27
27
27
27
27
30
27
27
27
27
27
27
27
27
27
27
30
30
27
27
30
30
30
30
30
30
30
30
30
30
30
30
30
30
30
30
30
30
30
30
30
30
30
30
24
24
24
24
30
30
30
30
30
30
30
30
30
30
30
30
30
30
30
30
30
37
30
30
30
37
24
24
24
37
37
37
37
37
37
37
24
18
18
18
18
18
18
18
18
18
18
18
18
18
18
18
18
18
18
18
18
18
18
18
18
18
18
18
18
