0
0
0
0
0
0
0
0
0
0
0
0
0
0
0
0
0
0
0
0
0
0
0
0
0
0
0
0
0
0
0
0
0
0
0
0
0
0
0
0
0
0
0
0
0
0
0
0
0
0
0
0
0
0
0
0
0
0
0
0
0
0
0
0
0
0
0
0
0
0
0
0
0
0
0
0
0
0
0
0
0
0
0
0
0
0
0
14
0
0
0
0
14
14
14
14
14
0
0
14
0
14
14
14
14
14
9
14
0
0
0
0
14
0
14
14
14
14
14
14
9
9
14
14
14
9
14
9
9
9
9
9
9
9
9
9
9
9
9
9
14
14
14
14
14
14
14
19
19
19
19
19
19
19
19
19
19
4
4
4
4
4
4
4
4
4
4
4
4
4
4
4
4
4
4
4
4
4
4
4
4
4
4
4
4
4
4
4
4
4
4
4
4
4
4
4
4
4
4
4
4
4
4
4
4
4
4
11
11
11
11
11
11
11
11
3
1
1
1
1
1
1
1
1
1
1
1
32
1
1
1
32
32
32
32
32
32
32
32
32
3
32
32
32
3
32
3
3
3
3
3
3
3
3
3
3
3
3
3
3
3
3
3
3
3
3
3
5
5
5
5
5
5
5
5
5
5
5
5
5
5
5
5
5
5
5
5
5
5
29
5
29
29
29
29
29
29
29
29
29
29
20
29
20
20
20
20
20
20
20
20
20
20
23
23
23
23
23
23
23
23
23
23
23
23
23
23
23
23
23
23
23
23
16
23
23
23
23
16
16
23
16
23
16
16
16
16
16
16
16
16
16
16
16
16
16
16
16
16
16
16
16
16
13
13
13
13
13
26
26
13
13
13
26
13
6
6
6
6
0
0
6
6
6
6
26
26
26
6
26
26
26
26
26
26
26
26
26
26
26
26
26
26
26
26
26
26
26
26
26
26
26
26
26
26
26
26
26
26
26
26
26
26
26
40
26
40
40
40
26
40
40
40
40
40
40
13
40
40
36
40
36
36
36
36
36
36
36
36
36
36
36
36
36
36
41
41
41
36
41
41
41
41
41
41
41
41
41
41
41
41
18
7
7
41
43
7
7
7
7
43
43
43
43
43
43
43
43
43
43
43
43
43
43
43
43
43
43
43
43
43
43
43
43
43
43
31
31
31
31
31
31
31
31
31
39
39
39
39
39
39
39
39
39
39
39
39
39
39
39
39
39
39
39
39
39
17
7
7
7
7
7
7
7
25
25
25
25
25
25
25
25
25
25
25
25
25
25
25
25
2
2
2
2
2
2
2
2
2
2
2
2
2
2
2
2
2
2
2
2
28
28
28
28
28
28
28
28
28
28
28
28
28
28
28
28
28
28
28
28
28
28
28
28
28
28
28
28
28
28
15
15
15
15
15
15
15
15
15
15
15
15
15
15
15
15
22
22
22
22
22
22
22
22
22
22
22
22
22
22
22
22
22
22
22
22
22
38
38
38
38
38
38
38
38
35
35
35
35
35
35
35
35
35
35
35
35
38
35
35
35
35
35
35
35
35
35
35
35
35
35
12
12
12
12
12
12
12
12
12
12
12
12
12
12
12
12
12
12
12
12
12
12
12
12
12
34
12
12
12
34
12
12
12
34
12
34
34
34
34
34
34
34
34
42
12
34
34
34
12
34
34
34
12
34
34
34
12
34
34
34
34
42
42
34
34
34
42
34
34
34
34
42
42
42
42
42
42
42
42
42
42
42
42
42
42
42
42
42
42
42
42
42
42
42
42
42
42
42
42
42
42
42
42
42
42
27
21
27
27
27
27
27
27
27
27
27
30
27
30
30
30
30
30
30
30
30
30
30
30
30
30
30
30
30
30
30
30
30
30
30
30
30
30
30
30
30
24
24
24
24
24
24
24
24
24
24
24
24
24
24
18
24
18
18
18
18
18
18
18
18
18
18
18
18
18
18
18
18
18
18
18
18
18
18
