14
10
8
10
10
20
10
14
10
11
10
0
14
0
10
9
9
29
14
10
9
0
10
9
9
9
9
9
9
9
9
14
14
14
14
14
14
14
14
4
19
19
19
4
4
11
4
4
4
4
11
4
19
19
14
4
19
19
4
4
19
19
19
19
14
19
19
4
4
19
4
4
4
4
4
4
4
4
4
4
4
4
4
4
4
4
4
4
4
4
4
4
4
4
4
4
4
4
4
4
4
4
4
4
4
4
4
4
4
4
4
4
4
4
11
4
4
11
11
1
1
1
1
1
1
1
1
1
1
1
1
1
1
1
1
1
1
1
1
32
32
1
32
3
32
32
32
3
3
3
3
3
3
3
3
3
3
3
3
3
3
3
3
3
3
3
3
3
3
3
3
3
3
3
3
3
5
5
5
5
5
5
5
5
5
5
5
5
5
5
5
5
5
5
5
29
29
29
29
29
29
29
29
29
29
29
29
29
29
29
29
29
20
20
20
20
20
20
20
20
23
20
23
20
23
20
20
20
23
23
23
23
23
23
23
23
23
23
23
23
23
23
23
23
23
23
16
16
16
16
16
16
16
16
16
16
16
16
16
16
16
13
13
13
16
13
13
13
16
13
13
13
13
13
13
16
13
13
0
0
6
13
6
6
0
0
6
0
0
6
6
6
6
6
6
6
6
6
6
6
6
6
26
26
26
6
26
26
26
6
26
26
26
26
26
26
26
26
26
26
26
26
26
26
26
26
26
26
26
26
26
26
26
26
26
26
26
26
40
40
40
40
40
40
13
13
40
13
36
36
36
36
36
36
36
36
36
36
36
36
36
36
36
36
36
36
36
41
41
41
36
36
41
41
41
41
41
41
41
41
7
7
41
41
41
43
43
43
43
43
43
43
43
43
43
43
43
43
43
43
43
43
43
43
43
43
43
43
43
43
43
43
43
43
43
43
31
31
43
31
43
31
39
31
31
31
31
43
39
39
39
39
31
39
31
7
7
7
7
7
7
7
7
7
7
7
7
7
7
7
7
7
7
7
7
7
7
7
7
7
7
7
25
25
25
25
25
25
25
25
25
2
2
25
25
2
25
25
25
2
2
2
2
2
2
2
2
2
2
2
2
2
2
2
2
28
28
2
28
2
2
28
28
28
28
28
28
28
28
28
28
28
28
28
28
28
28
28
28
28
28
28
28
28
28
28
28
18
18
24
24
24
24
15
24
24
24
15
22
18
24
15
38
22
24
38
24
24
24
24
38
24
22
22
22
24
22
22
24
24
24
24
24
38
24
13
24
24
24
13
24
24
24
24
38
35
35
35
24
35
35
35
35
35
35
35
35
35
35
35
35
35
35
35
35
35
35
35
35
35
12
12
12
35
12
12
35
12
12
35
34
35
35
12
37
12
12
35
35
35
12
12
35
12
34
12
35
34
34
34
12
34
12
34
42
42
42
34
42
42
42
42
42
42
42
42
42
42
42
42
42
42
42
42
42
42
42
30
30
30
30
30
30
30
30
30
30
30
30
30
30
30
30
30
30
30
30
30
30
30
30
30
30
30
30
30
30
30
24
30
30
24
24
24
24
24
24
24
24
24
24
24
24
24
24
24
24
24
18
18
18
18
18
18
18
18
18
18
18
18
18
18
18
18
18
18
