0
0
0
10
0
0
8
0
8
8
8
8
10
10
10
8
10
0
0
10
10
10
10
10
8
8
8
8
8
14
5
5
5
9
14
14
9
14
19
5
14
19
19
14
4
19
19
19
4
4
4
4
19
19
4
4
4
4
4
4
4
4
4
4
4
4
4
4
4
4
4
4
4
4
4
4
4
4
4
4
4
4
4
4
4
4
4
4
4
4
4
4
11
11
4
4
0
11
11
11
29
5
1
1
1
1
1
1
1
1
1
1
1
1
1
1
1
1
3
1
1
32
3
32
1
1
3
3
32
3
32
32
32
3
3
3
3
3
3
3
3
3
3
3
3
3
3
3
3
3
3
3
3
3
3
3
3
3
5
5
3
3
5
3
5
5
5
5
5
5
29
29
29
5
5
29
29
29
29
29
29
29
29
29
29
20
20
20
20
20
20
20
20
23
20
20
23
23
23
23
20
23
23
23
23
23
23
23
23
23
23
23
23
23
23
23
23
23
23
23
16
16
16
23
16
16
16
16
16
16
16
16
16
16
16
16
16
16
16
16
13
13
13
16
13
13
13
13
13
13
13
6
0
13
0
0
0
13
0
6
0
0
17
0
6
6
0
0
0
0
0
6
6
6
0
6
0
6
0
6
0
6
6
6
6
6
6
6
6
26
6
6
6
26
26
26
26
26
26
26
26
26
26
26
26
26
26
26
26
26
26
26
26
26
40
26
26
26
41
26
26
26
36
36
36
36
36
36
36
36
36
36
36
36
36
36
36
36
36
36
36
36
36
41
41
41
41
41
41
41
41
41
41
41
41
41
41
7
7
7
43
43
43
43
43
43
43
43
43
43
43
43
43
43
43
43
43
43
43
43
43
43
43
43
31
31
31
31
31
31
39
31
31
39
39
39
39
39
39
39
39
39
39
39
39
39
39
39
39
39
39
39
39
39
39
43
43
7
7
7
7
7
7
7
7
7
7
7
7
25
25
25
25
25
25
25
25
25
25
25
25
25
25
25
25
25
25
25
25
25
25
25
25
25
25
25
2
25
2
2
2
2
2
2
2
2
2
2
2
28
28
28
28
28
28
28
28
28
28
28
28
28
28
28
28
28
28
28
28
28
28
28
28
28
28
28
28
28
28
28
28
28
15
28
28
15
15
15
15
22
15
22
22
22
22
22
22
22
22
22
22
22
22
38
22
22
22
22
22
38
38
38
38
38
38
38
38
38
38
38
38
38
38
38
38
38
35
35
35
35
35
35
35
35
35
35
35
35
35
35
35
35
35
35
12
12
12
12
12
12
12
12
12
12
12
12
12
12
12
12
12
34
34
34
34
34
34
34
34
34
34
34
42
42
42
42
42
42
42
42
42
42
42
42
42
42
42
42
42
21
27
37
21
42
42
42
27
27
42
27
42
27
27
27
27
27
27
27
27
27
27
30
42
30
30
30
30
30
30
30
30
30
30
30
30
30
30
30
30
30
30
30
30
30
30
30
30
30
30
30
30
24
24
24
24
24
24
24
24
24
24
24
24
24
24
24
24
24
24
24
24
18
18
18
18
18
18
18
18
18
18
18
18
18
18
18
18
18
18
