8
8
8
8
8
9
9
9
9
14
9
9
9
4
14
9
9
14
14
14
14
4
14
14
14
4
14
14
14
4
11
14
14
4
14
4
4
4
4
4
4
4
11
4
4
4
4
4
4
4
4
4
4
4
4
4
4
4
4
4
4
4
4
4
4
4
4
4
4
4
4
4
4
4
4
4
4
4
4
4
4
4
4
4
4
4
4
4
4
4
4
4
4
4
4
4
4
4
4
4
4
4
4
4
4
11
11
4
11
4
4
4
11
4
11
11
1
11
1
1
1
0
1
1
3
1
1
1
3
3
3
1
32
3
32
32
3
32
32
32
3
32
32
3
3
3
3
3
3
3
3
3
3
3
3
3
3
3
3
3
3
3
3
5
5
5
5
5
5
5
5
5
5
5
5
5
5
5
5
5
5
5
5
5
5
5
5
5
5
5
12
12
29
29
12
10
29
29
29
12
29
20
33
29
29
29
29
20
20
20
20
20
20
20
20
20
20
20
20
20
23
20
20
20
20
20
20
20
20
20
20
23
23
20
23
23
23
20
23
23
3
23
23
16
3
23
16
16
16
23
16
16
16
23
16
16
5
23
16
16
16
23
16
16
16
16
5
16
5
5
5
5
5
16
13
16
13
13
13
13
0
13
6
13
13
13
0
13
13
0
0
0
0
0
0
6
0
0
6
6
6
0
6
6
6
6
6
6
6
6
6
26
26
6
26
26
26
6
26
26
26
26
26
26
29
26
26
29
29
16
29
29
29
26
26
26
29
26
26
26
29
40
40
40
40
26
40
6
6
0
6
40
36
36
36
36
36
36
36
36
36
36
36
36
36
36
36
36
36
36
36
36
36
41
41
41
41
41
41
41
41
41
41
41
41
41
43
43
43
43
43
43
43
43
43
43
43
43
43
43
43
43
43
43
43
43
43
43
31
31
31
31
31
31
43
43
43
43
43
43
43
31
31
31
31
31
31
39
39
39
39
39
39
39
39
39
39
39
39
39
39
39
39
39
39
39
39
39
41
41
7
7
7
7
7
7
7
7
7
7
7
7
7
7
7
7
7
7
25
25
25
25
25
25
25
25
25
2
2
25
25
25
25
25
25
2
2
2
2
2
2
2
2
2
2
2
2
2
2
2
2
2
28
28
28
28
28
28
28
28
28
28
28
28
28
28
28
28
28
28
28
28
28
28
28
28
28
15
28
28
15
15
15
15
15
15
15
15
15
15
15
15
15
15
15
15
15
15
22
22
22
38
38
38
38
22
38
38
22
38
38
38
38
38
38
38
38
38
38
38
38
38
38
38
38
38
38
38
38
38
38
38
38
35
35
35
35
35
35
35
35
35
38
24
24
42
34
34
24
35
34
34
34
34
34
34
34
34
34
34
34
34
34
34
34
34
34
34
34
34
34
34
34
34
34
34
34
34
42
42
42
42
34
34
34
42
42
42
42
42
42
42
42
42
21
27
27
27
27
27
27
27
42
21
21
27
27
21
21
27
30
27
27
27
30
30
30
30
30
30
30
30
30
30
30
30
30
30
30
30
30
30
30
30
30
30
30
30
30
30
30
30
30
30
30
30
24
24
30
30
30
30
30
30
24
24
24
24
24
24
24
24
24
24
24
18
18
18
18
18
18
18
18
18
18
18
18
18
18
18
18
18
