9
9
14
14
9
9
0
4
14
9
11
14
14
14
14
4
4
14
19
14
4
4
4
4
4
4
4
4
4
4
4
4
4
4
4
4
4
4
4
4
4
4
4
4
4
4
4
4
4
4
4
4
4
4
4
4
4
4
4
4
4
4
11
4
13
11
11
11
11
11
1
1
1
1
1
1
1
1
1
1
1
1
1
1
1
1
1
1
3
1
3
3
1
1
3
3
3
3
3
3
3
3
3
3
3
3
3
3
3
3
3
3
3
3
3
3
3
3
3
3
3
3
5
5
5
5
5
3
5
5
5
5
5
5
5
5
5
5
5
5
5
5
5
29
29
29
29
29
29
29
29
3
29
29
29
29
20
20
20
20
20
20
20
20
20
20
23
20
20
20
20
20
20
20
20
20
20
20
20
20
20
20
20
23
20
20
20
20
20
23
23
23
20
20
23
23
23
23
23
23
23
23
16
23
23
16
16
23
16
16
16
16
16
16
16
16
13
13
13
13
13
13
16
0
6
26
6
0
6
26
6
6
6
6
0
6
6
26
6
6
26
26
6
6
26
6
6
6
26
26
26
6
26
26
26
6
6
26
26
6
26
26
26
26
26
26
26
26
26
26
26
26
26
26
26
26
26
26
26
26
26
26
26
26
26
26
26
26
26
26
26
26
40
26
26
40
36
36
36
36
36
36
36
36
36
36
36
36
36
36
36
36
36
36
36
36
36
36
41
41
41
41
41
41
41
41
41
36
36
41
41
41
43
43
43
43
43
43
43
43
43
43
43
43
43
43
43
43
43
43
43
43
43
43
43
43
43
31
31
31
31
31
31
31
31
31
31
31
31
39
39
39
39
39
39
39
39
39
39
39
39
39
43
31
31
43
43
43
31
43
43
31
31
31
31
31
43
43
31
39
39
39
39
31
7
7
7
7
7
7
7
7
7
7
7
7
7
7
7
7
7
7
7
7
7
25
25
25
25
25
25
25
25
25
25
2
25
25
25
25
25
25
25
25
2
2
2
2
2
2
2
2
2
28
2
28
28
28
28
28
28
28
28
28
28
28
28
28
28
28
28
28
28
28
28
28
28
28
28
28
28
28
28
28
28
28
28
28
28
28
15
15
22
22
22
15
15
22
15
15
22
22
22
22
22
22
22
22
22
22
22
22
22
22
22
22
22
22
22
22
22
22
22
38
38
38
38
38
38
38
38
35
38
35
35
35
35
35
35
35
35
35
35
29
35
19
35
35
35
35
35
35
35
12
12
12
12
12
12
12
12
12
12
12
12
12
12
12
12
12
12
12
34
34
34
34
34
34
34
34
34
34
34
34
34
34
34
35
34
34
12
12
12
12
12
12
12
34
34
34
34
42
34
34
42
42
42
34
42
34
42
42
42
42
34
42
34
42
42
42
42
42
42
42
42
42
42
42
42
42
42
42
42
42
42
42
42
42
42
42
42
42
42
42
42
42
42
42
42
42
42
42
42
27
27
21
27
27
27
27
27
27
27
27
27
27
27
27
27
27
27
27
27
27
27
27
27
30
30
30
30
30
30
30
30
30
30
30
30
30
30
30
30
30
30
30
30
30
30
30
30
30
30
30
30
30
30
30
30
30
30
30
30
30
30
30
30
30
30
30
24
27
27
27
37
27
27
30
30
30
30
30
30
30
30
30
30
30
30
24
24
24
24
24
24
24
24
24
30
24
30
24
30
30
30
24
24
30
24
24
24
30
24
24
24
24
24
24
24
24
24
24
24
24
24
24
