0
0
8
8
8
8
9
9
9
9
9
9
9
9
14
14
9
14
14
9
14
14
14
14
9
14
14
14
14
1
14
14
14
19
14
19
4
19
19
19
19
19
19
19
4
19
4
4
4
19
19
19
19
4
4
4
4
4
4
4
4
4
4
4
4
4
4
4
4
4
4
4
4
4
4
4
4
4
4
4
4
4
4
4
4
4
4
4
4
4
4
4
4
4
4
4
4
4
4
4
4
4
18
4
4
4
3
4
1
1
1
1
1
1
3
1
1
1
1
1
1
1
1
32
3
32
1
3
3
3
3
3
3
3
3
3
3
3
3
3
3
3
3
3
3
3
3
3
3
3
3
3
3
3
3
3
3
3
3
5
5
5
5
5
5
5
5
5
5
5
5
5
5
5
5
5
20
13
16
5
4
3
20
29
29
19
13
13
0
0
0
0
13
0
20
20
20
20
20
20
20
20
20
20
20
20
20
20
18
20
23
20
20
20
23
20
20
20
23
20
23
23
20
23
23
20
20
20
23
20
20
20
23
20
23
20
16
20
20
20
23
20
20
16
16
16
16
20
16
16
18
18
16
16
18
16
18
18
13
18
13
13
13
13
13
13
18
18
18
18
18
18
18
18
18
18
18
18
18
26
18
18
18
18
18
26
26
26
18
26
26
26
18
18
18
18
18
26
26
26
26
18
26
26
18
18
18
18
18
18
26
26
18
26
26
26
26
26
26
26
26
26
18
18
18
18
18
18
18
18
18
18
36
36
36
36
36
36
36
36
36
36
36
36
36
36
36
36
36
41
41
41
41
41
41
41
41
41
41
41
41
41
41
18
18
18
18
41
41
41
41
41
43
43
43
43
43
43
43
43
43
43
43
43
43
43
43
43
43
43
43
43
31
31
31
31
31
31
31
31
31
31
31
31
31
31
31
31
31
31
31
31
31
31
39
31
31
39
39
39
39
39
39
39
39
39
39
31
31
31
7
7
31
43
43
43
43
43
43
43
7
7
7
7
7
7
7
7
7
7
7
7
7
7
25
25
25
25
25
25
25
25
25
2
25
25
25
2
25
2
25
2
2
2
2
2
2
2
2
2
2
2
28
28
28
28
28
28
28
28
28
28
28
28
28
28
28
28
28
28
28
28
28
28
28
28
28
28
28
28
28
28
15
28
28
28
15
15
15
15
15
22
22
15
22
22
22
22
22
22
22
38
22
22
22
22
22
38
22
22
22
22
38
22
22
38
38
38
22
38
38
38
22
22
22
22
38
15
22
13
15
15
28
13
24
24
24
25
24
15
28
28
38
28
28
15
22
38
38
15
22
15
22
22
15
22
15
28
24
15
22
15
15
22
22
22
22
15
22
38
22
22
38
22
22
22
38
22
22
22
38
15
22
22
38
22
22
22
38
22
22
15
22
38
22
38
38
38
22
22
38
38
38
38
38
38
38
38
38
38
38
22
38
38
38
38
35
35
35
35
35
35
35
35
35
35
35
5
35
35
35
35
35
38
35
35
35
35
35
35
34
34
34
34
34
34
35
35
35
35
35
35
35
35
35
35
35
34
34
34
34
34
34
34
34
34
34
34
34
34
34
34
34
34
34
34
34
34
42
42
42
42
42
42
42
21
42
42
42
42
42
42
42
42
42
42
42
42
42
27
27
27
27
27
27
27
27
27
27
27
27
21
21
21
21
21
27
27
27
27
27
27
27
30
30
30
30
30
30
30
30
30
30
30
30
30
30
30
30
30
30
30
30
30
30
30
30
30
30
30
30
30
30
30
24
24
24
24
24
24
24
30
30
24
24
24
24
24
24
24
24
24
24
24
24
18
18
18
18
18
18
18
18
18
18
18
18
18
18
18
18
18
