4
11
1
1
0
10
1
1
1
1
1
8
10
0
0
8
0
0
0
0
0
0
0
0
0
8
8
9
8
8
0
0
10
0
0
0
0
0
0
0
0
0
0
0
0
0
0
0
0
0
0
0
0
0
0
0
0
0
0
0
0
0
0
0
0
0
0
0
0
0
0
0
0
0
0
0
0
0
0
0
8
0
8
8
8
0
8
0
8
0
9
9
9
9
9
9
19
9
19
4
14
14
11
4
14
4
4
14
14
4
4
4
14
14
20
14
14
14
19
14
14
14
19
14
19
14
16
19
4
19
19
19
19
19
19
19
19
19
19
19
19
19
4
4
4
4
4
19
4
4
4
4
4
4
4
4
4
4
4
4
4
4
4
4
4
4
4
4
4
4
4
4
4
4
4
4
11
11
4
4
4
11
4
4
4
11
11
11
11
11
4
13
11
13
13
13
1
1
20
1
1
1
3
1
1
3
3
3
1
32
3
32
32
32
3
3
32
32
3
3
3
3
3
3
3
3
3
3
3
3
3
3
3
3
3
3
3
3
3
3
3
3
3
3
3
3
3
3
3
3
5
5
5
5
5
5
5
5
5
5
5
5
20
20
29
29
29
5
29
29
29
20
29
20
20
20
20
20
20
20
20
20
20
20
20
23
20
20
23
23
20
23
23
23
20
23
23
23
23
23
23
23
23
23
16
16
23
23
16
16
16
16
16
18
16
18
18
18
18
18
18
18
18
18
13
18
18
13
13
13
18
13
13
13
13
13
13
13
18
13
13
13
13
13
13
13
0
0
26
6
6
0
0
6
6
0
6
6
6
0
6
6
6
6
26
6
6
6
26
26
26
6
26
26
26
26
26
26
26
26
26
26
26
26
26
26
26
6
26
26
26
26
26
26
26
26
26
26
26
26
26
26
26
26
40
26
26
40
40
40
40
40
40
40
36
36
36
36
36
36
36
36
36
36
36
41
36
36
36
36
36
36
41
41
41
41
41
41
41
41
41
41
41
41
41
41
40
41
41
41
41
41
41
43
43
43
43
43
43
43
43
43
43
43
43
43
43
43
43
43
43
43
43
43
31
43
43
31
31
43
43
43
31
31
31
43
43
31
31
31
39
39
39
39
39
39
39
39
39
39
39
39
43
31
31
31
31
43
43
43
43
31
31
31
31
31
31
31
31
31
39
39
43
43
39
39
39
39
39
39
43
43
43
43
43
7
7
7
7
7
7
7
7
7
7
7
7
7
7
7
7
7
25
25
25
25
7
7
7
7
7
7
25
25
25
25
25
25
25
25
25
25
25
2
2
2
25
25
25
2
25
2
2
2
2
2
2
2
2
2
2
2
2
2
2
2
2
2
2
2
2
2
2
2
28
28
28
28
28
28
28
28
28
28
28
28
28
28
28
28
28
28
28
28
28
28
28
28
28
28
28
28
28
28
28
28
28
28
28
15
22
22
22
22
22
38
22
22
22
22
22
22
22
38
22
22
22
38
22
22
38
38
22
22
38
38
22
22
38
38
22
38
38
38
38
38
38
38
38
38
38
38
35
35
35
35
35
35
35
35
35
35
35
35
38
34
34
35
35
35
12
34
34
34
12
35
12
35
12
35
12
35
35
12
12
12
12
12
12
12
12
35
34
34
34
34
34
34
34
34
35
34
34
34
42
34
34
34
34
34
34
34
34
34
34
34
34
42
42
42
42
42
42
42
42
42
42
42
42
42
42
42
42
42
42
42
42
42
42
42
42
27
27
27
27
27
27
27
27
27
27
27
27
27
27
27
27
27
27
27
27
27
27
27
27
27
27
30
30
30
30
30
27
27
27
27
27
27
27
27
30
30
30
30
30
30
30
30
24
30
30
30
30
30
30
24
30
30
30
30
30
30
30
30
30
30
30
30
30
30
30
24
24
24
24
24
24
24
24
24
24
24
24
24
18
24
24
24
24
24
24
24
18
18
18
18
18
18
18
18
18
18
18
18
18
18
18
18
18
18
18
18
