9
9
8
9
9
9
9
9
9
9
9
9
9
9
14
9
14
9
9
9
14
14
14
19
19
19
19
19
19
4
4
19
4
4
4
4
4
4
4
4
4
4
4
4
4
4
4
4
4
4
4
4
4
4
4
4
4
4
4
4
4
4
4
4
4
4
4
4
4
4
4
4
4
4
4
4
4
4
4
4
4
13
11
11
1
1
29
29
29
1
29
29
29
29
29
20
1
1
1
1
1
1
1
1
1
3
1
1
3
3
1
3
3
3
3
3
3
3
3
3
3
3
3
3
3
3
3
3
3
3
3
3
3
3
3
3
3
3
3
3
3
3
5
5
5
5
5
5
5
5
5
5
5
5
29
29
29
29
29
13
6
6
0
0
20
13
13
13
13
13
13
0
13
13
13
13
0
13
0
0
6
13
0
6
6
13
0
0
6
13
0
6
6
13
6
13
6
0
6
6
6
13
6
6
6
6
6
6
6
13
6
6
6
13
6
6
26
6
6
6
26
6
26
26
26
26
26
26
26
26
26
26
26
13
26
26
26
26
26
26
26
13
26
13
13
40
40
40
40
16
0
0
0
13
13
13
17
0
0
0
13
13
13
13
13
13
17
13
13
13
13
13
13
13
13
13
13
13
13
13
13
13
13
13
13
13
13
13
6
13
13
13
13
13
13
17
13
13
13
17
17
13
13
13
13
13
13
13
13
13
0
13
13
13
0
17
16
36
36
36
36
36
36
36
36
36
36
36
36
41
41
36
36
41
41
41
41
41
41
41
41
41
41
41
41
41
41
41
41
18
41
41
41
41
43
43
43
43
43
43
43
43
43
43
43
43
43
43
43
43
43
43
43
43
31
43
31
31
31
31
31
31
31
31
31
31
31
31
31
31
31
31
31
31
31
31
39
39
39
39
39
39
39
39
39
39
39
39
39
39
39
19
23
19
1
32
32
25
25
25
25
25
25
25
7
7
7
7
7
25
25
25
25
25
25
25
25
25
25
2
2
25
25
25
2
25
25
25
2
2
2
2
2
2
2
2
2
2
2
2
2
2
2
28
28
28
28
28
28
28
28
28
28
28
28
28
28
28
28
28
28
28
28
28
28
28
28
28
28
28
28
28
28
28
28
28
15
15
15
15
15
28
15
15
22
22
15
22
15
22
22
22
22
22
22
22
22
22
22
22
22
22
22
22
22
22
22
22
38
38
38
38
38
38
38
38
38
38
38
38
38
35
35
35
35
35
35
35
35
35
35
35
25
25
25
35
35
35
35
35
12
12
12
12
12
12
12
12
12
12
12
12
12
12
12
34
34
34
34
34
34
34
34
34
34
34
34
34
34
34
34
42
42
42
42
42
42
42
42
42
42
42
42
42
42
42
27
42
27
27
27
27
27
30
27
27
27
27
27
27
27
27
27
27
30
27
27
27
27
27
27
27
27
30
27
27
27
27
27
21
21
27
30
27
27
30
30
27
30
30
30
30
30
30
30
30
30
30
30
30
30
30
30
30
30
30
30
30
30
30
30
30
30
30
30
30
30
30
24
24
24
24
24
24
24
24
24
24
24
18
24
18
18
18
18
18
18
18
18
18
18
18
18
18
18
18
18
18
18
18
18
18
18
18
18
18
18
