8
9
14
4
14
19
14
14
14
19
19
19
19
19
14
19
19
4
19
19
4
4
4
19
4
4
4
19
19
4
4
4
4
4
4
4
4
4
4
4
4
4
4
4
4
4
4
4
4
4
4
4
4
4
4
4
4
4
4
4
4
4
4
4
4
4
4
4
11
11
11
11
11
11
11
11
1
1
1
1
1
1
1
1
1
1
1
1
1
3
1
1
1
1
1
1
1
1
1
3
3
3
3
3
3
1
3
3
3
3
3
3
3
3
3
3
3
3
3
3
5
3
3
3
5
3
3
5
3
3
5
5
5
5
5
5
5
5
5
5
5
5
5
29
29
29
29
5
5
29
29
29
29
29
29
29
29
11
11
11
1
29
7
7
7
10
0
7
0
13
20
20
20
13
20
20
20
20
20
20
20
23
20
20
20
20
20
23
20
23
20
20
20
23
20
16
16
20
23
16
23
16
23
23
23
20
23
23
16
23
23
23
16
23
23
23
16
16
23
23
16
23
23
16
13
13
13
13
13
13
13
13
13
13
13
13
13
13
13
13
13
13
6
13
13
13
13
0
13
6
6
0
0
0
0
0
0
13
0
6
0
13
6
6
6
6
6
6
6
6
6
26
6
6
6
6
6
6
6
26
6
6
6
26
6
6
6
26
6
6
26
26
26
26
26
26
26
26
26
26
26
26
26
26
26
26
26
26
6
26
6
6
36
36
36
36
36
36
36
36
36
36
36
36
36
36
36
36
36
41
41
41
41
41
41
41
41
6
41
41
41
41
41
41
41
41
41
41
43
43
43
43
43
43
43
43
43
43
43
43
43
43
43
43
43
43
43
31
31
43
31
31
31
31
31
31
31
31
31
39
39
39
39
39
39
39
39
39
39
39
39
39
39
39
39
39
39
39
7
7
7
7
7
7
7
7
7
7
7
7
7
7
43
43
7
7
7
7
25
25
25
25
25
25
25
25
25
2
25
25
25
25
25
25
25
25
2
2
2
2
2
2
2
2
2
2
2
2
2
2
28
28
28
28
28
28
28
28
28
28
28
28
28
28
28
28
28
28
28
28
28
28
28
28
28
28
28
28
28
28
28
28
28
15
15
15
15
15
15
15
15
15
22
15
15
15
15
22
22
22
22
22
22
22
22
22
22
22
22
22
22
22
22
22
22
38
38
22
22
38
38
38
38
38
38
38
38
38
35
35
35
35
35
35
35
35
35
35
35
35
35
35
35
35
35
35
35
35
12
12
12
12
12
12
12
12
12
12
12
12
12
12
12
12
12
12
34
34
34
34
34
34
34
34
34
34
34
12
12
12
12
12
12
12
12
12
34
12
12
12
34
12
12
34
34
34
34
42
42
42
42
42
42
42
42
42
42
42
42
42
42
42
42
42
42
42
42
42
42
42
42
42
42
42
42
42
42
21
30
30
27
27
27
30
27
27
27
27
27
27
27
27
27
27
27
27
27
27
27
30
30
27
30
27
27
27
27
27
27
27
27
27
27
27
27
27
27
27
30
30
30
30
30
30
30
30
30
30
30
30
30
30
30
30
30
30
30
30
30
30
30
30
30
30
30
30
30
24
24
24
24
24
24
24
24
24
24
24
24
24
24
24
24
24
18
18
18
18
18
18
18
18
18
18
18
18
18
18
18
18
18
18
18
18
18
18
18
18
18
18
18
18
18
18
18
18
18
18
18
18
18
18
18
18
18
18
18
18
18
18
18
18
18
18
18
18
37
37
37
18
18
18
18
18
18
18
18
18
18
18
18
37
37
18
18
37
37
37
37
37
37
37
37
37
37
37
18
37
18
18
18
24
24
24
24
24
24
24
24
24
24
24
18
18
24
24
18
18
18
18
24
24
24
