8
8
8
8
8
0
0
0
0
0
0
0
8
8
8
8
9
8
8
8
8
8
8
8
8
14
4
0
29
11
14
0
0
4
1
0
4
4
1
13
4
4
4
4
4
4
4
14
14
4
14
20
14
5
4
14
14
4
4
14
9
14
14
4
14
4
4
4
14
4
4
4
14
4
14
4
14
4
4
4
14
4
4
14
14
4
4
7
14
14
14
4
4
4
4
4
14
19
11
4
4
4
4
4
4
4
4
4
4
4
4
4
4
4
4
4
4
4
4
4
4
4
4
4
4
4
4
4
4
4
4
4
4
4
4
4
11
4
4
4
11
4
4
4
11
3
3
3
5
3
11
11
11
20
1
1
1
1
1
1
1
1
1
1
32
3
3
3
3
3
3
3
3
3
3
3
3
3
3
3
3
3
3
3
3
3
3
3
3
3
32
3
3
3
3
5
3
5
5
5
5
5
5
5
5
5
5
5
5
5
5
5
5
5
5
5
5
5
5
5
5
5
5
5
5
5
5
5
5
29
16
1
20
20
29
20
29
20
29
29
29
16
16
13
16
16
16
16
13
16
13
16
16
16
1
16
16
13
13
13
16
13
16
16
16
13
13
13
13
0
13
16
16
13
13
13
13
13
13
6
6
13
13
13
6
13
13
13
6
6
16
0
16
6
6
13
16
13
6
6
26
6
6
6
26
6
6
6
26
6
6
6
26
6
13
13
13
6
6
13
26
6
17
0
6
6
26
26
13
0
6
40
13
13
13
6
13
13
17
17
40
40
40
36
36
36
36
36
36
36
36
36
36
36
36
36
36
36
36
36
36
36
36
36
36
36
36
36
36
36
36
36
41
41
41
41
41
41
41
41
41
17
17
17
41
41
41
43
43
43
43
43
43
43
43
43
43
43
43
43
43
43
43
43
43
43
43
43
43
43
43
43
31
31
31
31
43
31
31
31
43
43
43
31
31
39
43
31
39
39
39
39
39
39
39
39
39
39
31
7
7
7
7
7
7
7
7
7
7
7
7
25
25
25
25
25
23
25
25
25
25
25
25
20
25
2
2
2
2
2
2
2
2
2
2
2
2
2
2
2
2
2
2
2
28
28
28
28
28
28
28
28
28
28
28
28
28
28
28
28
28
28
28
28
28
28
28
28
28
28
28
28
28
28
28
28
28
28
28
23
15
28
28
28
28
24
25
28
24
18
23
18
15
23
23
23
15
22
15
16
24
18
24
20
15
15
28
22
15
15
28
23
38
22
28
22
22
15
28
16
28
38
38
38
35
35
35
35
35
35
35
35
35
35
35
35
35
5
22
35
35
35
35
5
35
35
35
35
34
35
35
35
34
35
35
35
35
35
35
35
34
35
35
35
35
35
35
35
34
35
35
35
34
35
35
34
34
35
34
34
34
34
34
42
42
42
42
35
34
34
35
35
34
34
42
42
42
42
34
34
42
42
34
34
34
34
34
34
34
34
34
34
42
34
34
34
34
34
34
34
34
34
34
34
34
34
34
34
34
34
34
34
34
34
34
34
34
34
34
34
34
34
42
34
42
42
42
42
42
42
27
30
27
30
30
30
27
27
27
30
27
27
27
27
27
27
30
27
30
30
30
30
30
27
27
27
27
27
27
27
27
27
27
30
27
30
30
27
30
30
30
30
30
30
30
30
30
30
30
30
30
30
30
30
30
30
30
30
30
30
30
30
30
30
30
30
24
30
24
24
30
30
24
30
30
30
24
24
24
24
24
24
24
24
24
24
18
18
18
18
18
18
18
18
18
18
18
18
18
18
18
18
18
18
