0
0
14
14
14
0
0
0
0
0
0
0
0
0
0
0
0
0
0
0
0
10
8
8
8
8
8
8
8
8
8
8
8
9
8
8
8
9
8
8
8
8
8
9
9
9
5
29
14
9
14
14
14
14
14
14
14
14
14
14
14
14
19
19
19
4
19
19
4
4
4
4
4
4
4
19
19
4
4
4
4
4
4
4
4
4
4
4
4
4
4
4
4
4
4
4
4
4
4
4
4
4
4
4
4
4
4
4
4
4
4
4
4
4
4
4
4
4
4
4
4
4
4
4
4
1
1
1
1
1
29
5
5
1
29
1
3
1
3
1
1
1
1
1
1
3
3
3
3
3
3
3
3
3
1
1
1
1
3
3
1
3
3
3
3
1
3
3
3
3
3
3
3
3
3
3
5
3
3
3
5
3
3
5
5
5
5
5
5
5
5
5
5
5
5
20
4
13
5
13
13
20
20
20
20
20
20
20
16
20
0
20
20
20
20
20
20
20
20
20
20
20
20
20
20
20
20
20
20
20
20
20
20
20
20
23
23
23
20
23
23
23
23
23
23
23
23
23
23
23
23
23
23
23
23
23
23
16
16
16
16
16
16
16
16
16
16
16
16
16
16
16
16
16
16
16
16
16
16
16
16
16
13
13
13
13
13
13
0
13
13
13
13
13
13
13
6
6
0
0
0
0
0
0
0
6
6
6
0
6
0
0
6
6
6
6
6
6
6
6
6
6
6
6
6
6
6
6
6
6
6
6
6
6
26
6
6
26
26
26
26
26
26
26
26
26
26
26
26
40
26
40
26
40
26
26
40
40
26
40
40
40
26
26
40
26
40
40
26
26
26
26
40
26
26
26
40
40
26
26
40
26
26
26
40
26
26
26
40
26
26
26
40
40
26
26
40
40
26
26
40
26
40
26
40
26
26
26
40
40
40
40
40
40
40
40
40
40
40
26
40
40
40
40
36
36
36
36
36
36
36
36
36
36
36
36
36
36
36
36
36
36
36
36
36
36
36
41
41
41
41
41
41
41
41
41
41
41
41
41
43
43
43
43
43
43
43
43
43
43
43
43
43
43
43
43
43
43
43
43
43
43
43
43
43
43
43
43
43
43
43
43
43
43
31
31
31
31
39
39
39
39
39
39
39
39
39
39
39
39
39
43
43
43
43
7
7
7
7
7
7
7
7
7
7
39
43
31
31
43
43
43
43
43
43
43
43
31
43
31
43
31
31
43
43
43
31
31
43
39
31
31
31
31
31
31
31
31
31
31
31
31
31
31
31
31
31
31
31
31
31
31
31
39
39
39
39
39
39
39
39
39
39
31
31
31
31
19
19
7
25
25
19
7
25
7
7
7
25
25
25
25
25
25
25
25
25
25
25
25
25
25
25
25
25
2
25
25
2
2
2
2
2
2
2
2
2
2
2
2
2
2
2
2
2
2
2
2
2
28
28
28
28
28
28
28
28
28
28
28
28
28
28
28
28
28
28
28
28
28
28
28
28
28
28
28
28
28
28
28
15
15
15
15
15
15
15
15
15
15
15
15
15
22
15
22
15
15
22
22
22
22
22
22
22
22
22
22
22
22
22
22
22
38
22
22
22
22
22
38
22
38
38
38
38
38
38
38
38
38
35
35
35
35
35
35
35
35
35
35
35
35
35
35
35
35
35
35
35
35
35
12
35
35
35
12
12
12
12
12
12
12
12
12
12
12
34
34
34
34
34
34
34
34
34
34
34
34
12
34
34
34
34
34
34
34
42
42
42
42
42
42
42
42
42
42
42
42
42
42
42
42
42
42
42
27
27
27
27
27
27
27
27
27
27
27
21
27
27
27
27
27
27
27
27
27
27
27
27
27
27
27
27
27
27
27
27
27
27
27
27
27
27
27
27
30
30
30
30
30
30
30
24
24
24
24
24
24
30
30
30
30
30
30
30
24
30
30
30
30
30
30
30
30
30
30
24
30
30
24
24
24
24
24
24
24
24
24
24
24
24
24
24
24
24
24
24
24
24
33
33
33
37
37
37
37
37
37
37
37
37
37
37
37
37
37
37
37
37
37
37
37
37
37
37
37
37
37
37
37
37
37
37
37
37
37
37
37
37
37
37
37
37
37
37
37
37
37
37
37
37
37
37
37
37
37
37
37
37
37
37
37
37
37
37
18
37
18
18
18
18
18
18
18
18
18
18
18
18
18
18
18
18
18
18
18
18
18
18
18
18
18
18
18
18
18
18
18
18
18
18
18
18
18
