9
9
8
9
1
1
1
5
14
0
20
20
4
1
1
20
1
1
1
20
4
1
1
20
4
1
1
4
4
4
19
4
4
4
4
16
4
4
4
4
4
4
4
4
4
4
4
4
4
4
4
13
4
4
4
4
4
4
4
13
4
4
4
13
4
11
4
13
4
11
4
18
18
11
24
1
11
11
1
1
11
1
1
1
13
0
1
6
3
3
3
1
3
3
3
3
3
3
3
3
3
3
3
3
3
3
3
3
3
3
3
3
3
3
3
3
3
3
3
3
3
3
3
3
18
10
3
3
18
3
3
3
3
3
3
10
3
18
3
18
5
20
5
5
5
20
20
5
20
20
5
20
20
20
20
20
20
20
20
20
20
20
20
20
18
20
18
20
18
18
18
23
23
16
16
23
23
23
23
23
23
16
23
23
23
23
23
23
23
23
23
23
16
23
23
23
16
23
23
23
16
16
16
16
16
16
16
16
16
16
16
16
23
16
16
16
13
13
13
13
13
13
13
13
13
13
16
16
16
13
16
13
13
20
13
13
13
20
13
13
13
20
20
13
13
13
13
13
13
20
20
13
13
20
13
13
13
18
18
18
18
18
18
18
18
18
18
18
13
18
18
18
18
18
18
18
18
18
18
18
18
18
18
18
18
18
18
18
18
18
18
6
26
18
18
18
18
18
18
18
40
36
36
36
36
36
36
36
36
36
36
36
36
36
36
36
36
36
41
41
41
41
41
41
41
41
41
41
13
18
18
18
41
41
41
41
43
43
43
43
43
43
43
43
43
43
43
43
43
43
43
43
43
43
43
43
43
31
31
31
31
31
31
31
31
31
31
31
39
39
39
39
39
39
39
39
39
39
43
43
43
31
43
43
43
31
31
31
31
31
31
43
31
31
39
39
39
39
39
31
31
31
31
31
43
18
7
7
7
7
7
7
7
7
7
7
7
7
7
7
25
25
25
25
25
25
25
25
25
25
2
2
25
25
25
25
25
25
25
25
25
2
25
25
25
2
2
2
2
2
2
2
2
2
2
2
2
2
2
2
28
25
28
25
28
25
28
28
28
28
28
28
28
28
28
28
28
28
28
28
28
28
28
28
28
28
28
15
15
15
15
15
15
22
15
15
22
22
22
22
22
22
22
22
22
22
22
22
22
22
22
38
22
22
22
38
38
22
38
38
38
38
38
38
38
38
38
38
38
38
38
38
38
38
35
35
35
35
35
35
35
35
35
35
35
35
35
35
35
12
12
12
35
35
35
12
12
12
12
12
12
12
12
12
12
12
34
34
34
34
34
34
42
42
42
42
42
42
42
42
42
42
42
42
42
42
42
42
42
42
42
42
27
27
27
21
21
21
21
21
21
21
21
27
21
21
21
21
21
21
21
27
27
27
27
27
27
21
21
21
21
21
21
21
21
27
21
27
21
21
21
27
30
27
27
30
27
30
30
30
30
30
30
30
30
30
30
30
30
30
30
30
30
30
30
30
30
30
30
30
30
30
30
30
30
24
24
24
24
24
24
30
24
24
24
24
24
24
24
24
24
24
24
18
18
18
18
37
37
37
37
18
18
37
37
37
18
18
18
37
37
37
37
