8
8
8
8
0
0
0
9
9
9
9
9
9
9
9
9
9
9
14
14
14
14
14
14
14
14
14
14
14
4
4
4
4
4
4
19
14
4
14
14
19
4
4
4
4
4
4
4
4
4
4
4
4
4
4
4
4
4
4
4
4
4
4
4
4
4
4
4
4
4
4
4
4
4
4
4
11
11
11
1
5
1
1
1
11
1
1
1
3
3
3
3
3
1
1
1
1
1
32
3
3
3
3
32
3
32
32
3
32
3
3
3
3
3
3
3
3
3
3
3
3
3
3
3
3
3
3
3
3
3
3
3
3
3
3
3
3
3
3
3
3
3
3
3
5
5
5
5
5
5
5
5
5
29
5
29
29
5
29
11
29
11
29
11
11
1
29
29
29
29
20
20
20
20
20
20
20
20
20
20
20
20
20
23
23
20
23
23
23
23
23
20
20
23
20
23
23
20
23
23
23
23
23
23
23
23
16
23
20
20
20
23
20
23
23
23
23
23
23
16
16
23
16
16
16
16
16
16
16
13
13
13
13
13
13
13
13
13
13
13
13
13
13
13
13
13
13
13
13
13
13
13
6
6
6
13
6
6
13
13
6
6
6
13
6
6
6
13
26
26
6
6
26
26
6
13
26
26
26
6
26
26
26
13
26
26
26
26
26
26
26
26
26
26
26
26
40
40
40
40
40
40
26
40
40
40
40
36
36
36
36
36
36
36
36
36
36
36
36
36
36
36
36
36
36
41
41
41
41
41
41
41
41
41
6
6
41
36
36
36
41
41
41
41
41
41
41
41
41
43
41
43
43
43
41
43
43
41
43
41
43
43
43
43
43
43
43
43
43
43
43
43
43
43
43
43
43
43
43
43
43
43
43
31
31
31
31
31
31
31
31
31
31
31
31
31
31
31
31
31
31
39
39
39
39
39
39
39
39
39
39
39
39
39
39
39
39
31
17
7
7
7
7
7
7
7
7
7
7
7
7
7
7
7
7
7
7
7
25
25
25
25
25
25
25
25
25
2
2
25
2
25
25
25
25
25
25
25
25
25
25
25
2
2
2
2
2
2
2
2
2
2
2
2
2
28
28
28
28
28
28
28
28
28
28
28
28
28
28
28
28
28
28
28
28
28
28
28
28
28
28
28
28
28
28
15
15
15
15
15
25
15
15
22
15
15
15
22
22
22
15
22
22
22
22
22
22
22
22
22
22
22
22
22
22
22
22
22
38
38
38
38
38
38
38
38
38
38
38
38
38
38
38
35
35
35
35
35
35
35
35
35
35
35
38
15
35
35
35
35
35
12
12
12
12
12
12
12
12
12
12
12
12
12
34
34
12
34
34
34
34
34
34
34
34
34
34
34
34
34
24
35
35
35
35
35
35
35
35
35
35
35
35
35
35
35
35
35
35
12
12
12
12
34
34
12
34
34
12
12
12
34
12
12
12
34
12
12
12
40
18
33
33
33
33
28
33
33
33
33
33
34
37
33
33
33
33
33
12
37
37
37
34
34
34
34
34
34
37
37
42
34
37
2
34
42
42
34
34
42
42
34
34
42
42
42
34
42
42
42
34
42
42
42
34
42
42
42
42
42
37
37
37
21
21
37
37
21
37
37
37
37
37
21
37
37
37
37
21
21
37
37
21
37
21
37
21
21
21
21
37
37
37
37
37
37
37
21
37
37
37
37
30
30
30
30
30
30
27
30
30
30
30
24
30
30
30
24
30
30
30
30
30
30
30
24
30
30
30
24
24
24
24
24
24
24
24
24
24
24
24
24
24
24
24
24
24
24
24
24
24
24
18
18
18
18
18
18
18
18
18
18
18
18
18
18
18
18
