0
0
0
0
0
0
0
0
0
0
0
0
0
0
0
0
0
0
0
0
0
0
0
0
0
0
0
0
0
0
0
0
0
0
0
0
0
0
0
0
0
0
0
0
0
0
0
0
0
0
0
0
0
0
0
0
0
0
0
0
0
0
0
0
0
0
0
0
0
10
0
0
10
0
10
10
10
0
10
10
10
10
33
33
33
11
14
14
14
1
1
1
1
1
1
11
1
1
11
11
1
0
0
1
0
0
0
0
0
0
0
0
10
14
14
14
0
0
0
14
0
14
0
14
0
14
0
0
0
0
0
0
0
0
0
0
0
0
0
0
0
0
0
0
0
0
0
0
8
8
8
0
0
0
0
0
0
0
0
8
8
8
8
8
0
9
0
9
9
9
9
9
9
9
9
9
9
9
9
9
14
9
9
9
14
14
14
19
16
19
14
19
13
14
14
14
16
16
20
14
19
19
14
11
14
19
10
13
4
14
19
11
19
4
4
4
19
4
4
4
4
4
4
4
4
4
4
4
4
4
4
4
4
4
4
4
4
4
11
4
4
11
11
4
4
11
11
11
11
11
11
11
11
11
11
11
11
11
11
4
11
11
11
11
11
11
11
11
11
11
11
11
11
11
11
4
4
11
11
11
11
1
13
13
1
1
32
1
1
1
1
1
32
32
32
32
3
32
32
32
3
32
32
32
3
3
3
32
3
3
3
32
3
3
3
32
3
3
3
32
3
3
3
3
3
3
5
5
5
5
5
5
5
5
5
5
5
5
5
5
5
5
5
5
5
5
5
5
5
5
5
5
5
29
29
29
29
29
29
29
29
29
29
29
29
29
29
20
20
20
20
20
20
20
20
20
20
20
20
20
20
20
20
20
20
20
23
23
20
23
20
23
23
23
23
23
23
23
23
20
23
23
23
23
23
23
23
23
23
23
23
23
23
23
23
23
23
23
23
23
23
23
16
16
16
16
16
16
16
16
16
16
16
16
16
13
13
16
16
23
26
26
26
26
26
26
26
26
26
26
6
26
26
26
6
26
26
26
26
26
26
26
26
26
26
26
26
26
26
26
26
26
26
26
26
26
26
26
26
26
26
26
26
26
26
26
26
26
26
26
26
26
26
26
26
26
26
26
26
26
26
40
40
40
40
40
40
40
40
40
36
36
36
36
36
36
36
36
36
36
36
36
36
36
36
36
36
36
36
36
36
41
41
41
41
41
41
41
41
36
36
36
43
43
43
43
43
43
43
43
43
43
43
43
43
43
43
43
43
43
43
43
7
7
41
31
43
43
43
43
43
43
43
31
43
39
7
7
7
7
7
43
43
43
43
43
43
43
43
31
31
43
31
31
31
31
31
31
39
31
39
39
39
39
39
39
39
39
39
39
39
39
39
31
31
7
7
7
3
3
25
7
7
7
7
25
25
25
7
7
7
7
7
7
7
7
3
7
7
7
7
25
25
7
7
7
7
7
7
7
7
25
25
7
7
25
25
25
25
25
25
25
25
25
25
25
25
25
25
25
25
25
25
25
25
25
25
25
25
25
25
25
2
2
2
2
2
2
2
2
2
2
2
2
2
2
2
2
28
28
28
28
28
28
28
28
28
28
28
28
28
15
28
15
28
15
28
28
28
15
28
15
15
15
28
15
15
22
15
22
22
22
22
22
22
22
22
22
22
22
38
22
38
38
22
22
22
38
22
22
22
38
38
38
38
38
38
22
38
38
38
22
38
38
38
38
38
38
38
38
38
38
35
38
38
35
35
35
35
35
35
38
38
35
38
35
35
34
34
35
34
34
34
34
34
34
34
34
34
34
34
34
35
35
34
34
34
42
42
42
42
42
34
42
42
42
42
42
42
42
42
42
42
42
42
42
42
42
42
42
42
42
42
42
42
42
42
42
42
42
42
42
42
42
42
42
42
42
27
27
27
27
27
30
27
27
27
27
27
27
21
21
27
30
27
27
27
27
27
27
27
27
30
30
30
30
27
27
27
27
27
27
27
30
27
27
30
30
27
30
30
30
30
30
30
30
30
30
30
30
30
30
30
30
30
30
30
30
30
30
30
30
30
30
30
30
30
30
30
24
24
24
24
24
24
24
24
24
24
24
18
18
18
18
18
24
18
18
18
18
18
18
18
18
18
18
18
18
18
18
18
18
18
18
18
18
18
18
