0
0
0
0
0
0
10
0
0
1
10
0
0
0
0
0
0
0
0
0
0
0
0
0
0
0
0
0
0
0
0
0
0
0
0
0
0
0
0
0
0
0
0
0
0
0
0
0
0
0
0
0
0
0
0
0
0
0
0
0
0
0
0
0
0
10
0
8
0
0
14
1
0
14
14
14
14
4
14
14
14
9
9
14
14
14
9
14
14
14
14
14
19
19
19
19
4
19
19
19
4
19
19
4
4
1
19
4
4
4
19
19
4
4
4
4
4
4
4
4
4
4
4
4
4
4
4
4
4
4
4
4
4
4
4
4
4
4
4
4
4
4
4
4
4
4
4
4
4
4
4
4
4
4
4
4
11
4
4
11
11
11
4
4
11
18
20
20
20
13
18
1
20
20
18
13
1
3
1
1
3
3
1
3
3
3
32
3
3
3
3
3
3
3
3
3
3
3
3
3
3
3
3
3
3
3
3
3
3
3
3
3
3
3
3
3
3
3
5
5
5
5
5
5
5
5
5
5
5
5
5
5
5
5
5
5
5
20
13
18
5
21
5
29
5
18
20
20
20
20
20
20
18
20
20
20
20
20
20
20
23
20
20
23
23
23
20
23
23
20
20
20
23
20
20
23
23
20
20
23
23
23
20
23
23
23
23
23
23
23
23
23
16
23
23
23
16
23
23
23
23
23
23
23
16
23
16
16
16
16
16
16
16
23
16
13
13
13
13
16
18
13
18
13
18
26
18
13
13
26
18
13
6
13
13
13
13
13
6
13
13
13
18
13
13
26
26
26
13
26
26
26
13
26
26
13
13
26
26
26
13
26
26
26
18
26
26
13
13
26
26
26
26
26
26
26
26
26
26
26
26
26
40
40
26
26
26
26
40
40
40
40
40
36
36
36
36
36
36
36
36
36
36
36
36
36
36
36
36
36
36
36
36
36
36
41
41
41
41
41
41
41
41
41
41
41
41
41
43
43
43
43
43
43
43
43
43
43
43
43
43
43
43
43
43
43
43
43
43
31
31
31
31
31
43
43
43
31
31
31
31
31
31
31
31
31
31
39
31
39
39
39
39
39
39
39
39
39
39
39
39
39
39
39
7
7
7
7
7
7
7
7
7
7
7
7
7
25
25
25
25
25
25
25
25
25
25
25
25
25
25
25
25
25
25
25
2
2
2
2
2
2
2
2
2
2
2
2
28
28
28
28
28
28
28
28
28
28
28
28
28
28
28
28
28
28
28
28
28
28
28
28
28
28
28
28
28
28
28
28
28
28
15
15
15
15
15
15
15
15
15
22
15
15
15
15
22
22
22
22
22
22
22
22
22
22
22
22
22
22
22
22
38
38
38
38
38
38
38
38
38
38
38
38
38
38
35
35
35
35
35
35
35
35
35
35
35
35
35
38
35
35
35
35
35
35
35
35
12
12
12
12
12
12
12
12
12
12
12
12
12
12
12
12
12
34
34
34
34
34
42
42
42
42
42
42
42
42
42
42
42
42
42
42
42
42
42
42
42
42
42
42
42
42
42
42
42
42
42
42
42
42
42
27
27
27
27
27
30
27
27
27
27
21
27
21
27
21
21
27
27
27
27
21
27
27
27
27
30
30
30
30
30
30
30
30
30
30
30
30
30
30
30
30
30
30
30
30
30
30
30
30
30
30
30
30
24
24
30
24
24
24
24
24
24
24
24
24
24
24
24
24
24
24
24
24
18
18
18
18
18
18
18
18
18
18
18
18
18
18
18
18
18
18
