0
9
9
9
9
9
9
9
9
9
9
9
9
9
9
9
14
9
9
14
9
14
4
4
4
4
4
4
4
4
4
4
4
4
4
4
4
4
4
4
4
4
4
4
4
4
4
4
4
4
4
4
4
4
4
4
4
4
4
4
4
4
4
4
4
4
4
4
4
4
4
4
4
4
4
4
4
4
4
11
1
11
11
11
1
1
1
1
1
1
1
3
3
3
3
3
3
3
1
3
1
1
1
1
1
3
1
3
3
3
3
3
3
3
3
3
3
3
3
3
3
3
3
3
3
3
3
3
3
3
3
3
3
3
3
3
3
3
3
3
3
3
5
5
5
3
3
5
5
5
5
5
5
5
29
29
29
29
29
29
5
5
5
29
29
29
29
29
29
29
29
20
20
20
20
20
20
20
20
20
20
23
20
20
20
23
23
23
23
23
23
23
23
16
23
23
23
23
23
23
23
16
16
16
16
16
16
16
13
13
13
13
13
13
13
13
13
13
13
13
13
13
13
13
13
13
13
13
13
13
13
13
13
13
13
13
13
13
0
0
0
0
0
0
0
0
0
0
0
0
0
0
0
0
17
0
0
0
17
6
6
0
26
6
17
17
18
17
17
6
26
26
26
26
26
26
26
26
26
26
26
26
26
26
26
26
26
26
26
26
26
26
26
26
26
26
26
40
40
40
40
40
40
40
40
40
36
36
36
36
36
36
36
36
36
36
36
36
36
36
36
36
36
36
36
36
41
41
41
41
41
41
41
36
36
36
41
41
41
43
43
43
43
43
43
43
43
43
43
43
43
43
41
7
7
7
43
43
43
43
43
43
43
43
31
31
43
43
43
31
31
31
31
31
31
39
31
31
31
39
31
39
39
39
39
39
39
39
39
39
39
39
39
31
31
39
31
43
43
43
31
31
43
31
31
31
31
43
43
43
31
39
39
31
31
43
43
31
31
31
31
31
7
7
7
9
17
0
17
17
17
25
25
25
25
25
25
25
25
25
25
25
25
25
25
2
25
25
25
2
2
25
2
2
2
2
2
2
2
2
2
2
2
2
2
2
2
2
2
2
2
2
2
2
2
25
25
25
25
28
28
28
28
28
28
28
28
28
28
28
28
28
28
28
28
28
28
28
28
28
15
15
15
15
28
28
15
15
15
15
15
15
15
15
15
22
22
22
22
22
15
22
22
38
22
32
38
38
38
38
38
38
22
38
38
38
38
38
38
38
38
38
38
38
38
38
38
38
38
38
38
38
38
35
35
35
35
35
35
35
35
35
35
35
25
25
35
35
35
35
34
34
34
34
34
34
34
34
34
34
34
34
34
34
34
34
34
34
34
34
34
34
34
34
42
42
42
42
42
42
42
42
42
42
42
42
42
42
42
42
42
42
42
42
37
37
37
37
37
37
37
37
37
37
37
37
37
37
37
37
37
37
37
37
37
37
37
37
37
37
37
24
30
30
37
37
37
37
37
37
37
37
37
37
37
37
37
30
37
37
37
37
30
37
37
30
37
37
24
24
24
24
37
37
24
37
24
24
24
18
18
24
18
18
18
18
18
18
18
18
18
18
18
18
18
18
18
18
18
18
18
18
18
18
