0
1
0
0
0
0
0
0
0
0
10
10
0
10
10
10
0
10
10
10
10
10
10
0
0
0
0
10
0
10
0
10
8
0
0
0
0
0
0
0
0
0
5
0
0
0
10
0
0
0
10
10
0
10
10
10
8
10
8
8
8
8
8
8
8
10
0
0
1
8
8
8
8
8
8
8
8
10
8
8
8
8
8
9
9
9
9
8
9
8
9
8
9
9
9
9
9
9
9
9
9
9
9
9
9
14
9
9
14
14
19
18
18
10
23
14
10
18
11
19
14
14
14
14
14
19
19
14
14
14
14
19
14
19
19
4
4
4
19
4
19
19
19
4
4
4
4
4
4
4
4
4
4
4
4
4
4
4
4
4
4
4
4
4
4
4
4
4
4
4
4
4
4
4
11
4
4
4
4
4
11
11
11
4
4
11
11
11
11
11
11
3
1
1
1
1
1
1
1
3
1
32
32
32
32
32
32
32
32
32
32
3
3
3
3
3
3
3
32
3
3
3
3
3
3
3
3
3
3
32
3
3
3
3
3
3
3
3
3
3
3
3
3
3
5
5
5
5
5
5
5
5
5
5
5
5
5
5
5
5
5
5
29
29
29
29
29
29
29
29
29
29
5
29
29
29
29
20
20
20
20
20
20
20
20
20
20
20
20
20
20
20
20
23
23
23
23
20
23
23
23
23
23
23
23
23
23
23
23
23
23
23
23
23
16
23
23
23
16
16
16
23
16
16
16
16
16
16
16
16
16
16
13
13
13
13
13
13
13
13
13
13
13
26
26
18
26
26
26
18
26
6
18
18
18
18
13
26
13
13
26
18
26
6
26
18
26
26
26
26
26
26
26
18
13
26
26
18
26
26
26
18
26
26
26
18
26
26
26
18
26
26
26
18
26
26
26
18
26
26
26
26
26
26
40
26
26
26
26
26
26
26
36
36
36
36
36
36
36
36
36
36
36
36
36
36
36
36
36
41
41
41
41
41
41
41
41
41
41
41
41
41
41
41
41
43
43
43
43
43
43
43
43
43
43
43
43
43
43
43
43
43
43
43
43
43
43
43
43
43
43
43
43
43
43
43
43
43
31
31
39
39
39
39
39
39
39
39
39
39
39
39
39
39
39
39
39
39
39
39
41
7
7
7
7
7
7
7
7
7
7
7
7
25
25
25
25
25
25
25
25
25
25
25
25
25
25
25
25
25
25
25
25
25
25
2
2
2
2
2
2
2
2
28
28
28
28
28
28
28
28
28
28
28
28
28
28
28
28
28
28
28
28
28
28
28
28
28
15
28
15
15
15
15
15
15
22
22
22
15
15
15
22
22
22
15
15
15
22
15
22
22
22
22
22
38
22
22
22
38
22
22
22
22
22
22
38
38
38
38
38
38
22
38
38
38
38
38
38
38
38
35
35
35
35
35
35
35
35
35
35
35
38
38
35
35
35
35
34
35
12
12
34
12
12
12
12
12
12
12
34
34
12
12
34
34
34
34
34
34
34
34
34
42
42
34
34
34
42
42
42
42
42
42
42
42
42
42
42
42
42
42
42
42
42
42
27
42
21
21
21
21
21
21
21
21
21
21
21
21
27
21
21
27
30
27
27
27
27
30
30
30
30
30
30
30
30
30
30
30
30
30
30
30
30
30
30
30
30
30
30
30
30
30
30
30
24
24
24
24
24
24
24
24
24
24
24
24
24
24
24
24
24
24
24
18
18
18
18
18
18
18
18
18
18
18
18
18
18
18
18
18
18
18
18
