8
10
10
10
8
10
0
10
10
10
10
10
10
10
10
10
10
10
8
8
10
10
10
10
8
8
8
0
10
10
0
10
10
8
8
10
10
9
9
9
9
9
14
14
14
14
19
4
4
4
19
4
19
4
4
4
4
4
4
4
4
4
4
4
4
4
4
4
4
4
4
4
4
4
4
4
4
4
4
4
4
4
4
4
4
11
4
4
18
18
4
4
18
18
4
4
18
11
11
0
18
0
11
11
18
0
1
11
0
0
1
0
0
0
0
1
1
5
5
1
1
1
1
1
1
1
1
3
3
32
3
3
3
3
3
3
3
3
3
3
3
3
3
3
3
3
3
3
3
3
3
3
3
3
3
3
3
3
3
3
3
3
3
3
3
3
3
3
5
5
5
3
3
3
5
3
5
5
5
5
3
3
3
3
3
18
29
3
20
20
18
20
20
20
20
20
20
20
20
20
23
20
20
20
20
23
16
23
20
23
20
23
23
23
23
23
23
23
23
23
23
16
23
23
23
23
23
16
16
23
23
23
16
23
23
16
16
16
16
16
16
16
23
16
16
16
16
16
16
16
16
16
16
16
16
13
13
13
13
13
13
0
6
0
0
0
6
0
0
0
13
13
0
6
0
6
6
6
6
0
6
6
6
6
6
6
6
6
6
6
26
26
6
6
6
6
6
26
26
26
6
6
6
26
26
26
26
26
26
26
26
26
26
26
26
26
26
26
26
26
26
26
40
40
40
40
40
40
40
40
36
36
36
36
36
36
36
36
36
36
36
36
36
36
36
36
36
36
36
36
36
36
36
36
41
41
41
41
41
41
41
41
41
41
41
41
41
41
41
41
43
43
43
43
43
43
43
43
43
43
43
43
43
43
43
43
43
43
43
43
43
43
31
43
31
43
43
31
43
43
43
43
31
31
31
31
31
31
31
31
31
31
31
39
39
39
39
39
39
39
39
39
39
39
39
39
39
39
39
39
39
7
7
7
7
7
7
7
7
7
7
7
7
7
7
25
25
25
25
25
25
25
25
25
25
25
25
25
25
25
2
25
25
2
25
25
2
25
2
2
2
2
2
2
2
28
28
28
28
28
28
28
28
28
28
28
28
28
28
28
28
28
28
28
28
28
28
28
28
28
28
28
28
28
28
15
15
15
15
15
22
15
22
15
22
22
22
22
22
22
22
22
22
22
22
22
22
22
22
22
38
22
22
22
38
38
38
38
38
38
38
38
38
38
38
38
38
38
38
38
35
35
35
35
35
35
35
35
35
35
35
35
35
35
35
35
35
35
12
12
12
12
12
12
12
12
12
12
34
34
12
12
34
34
34
34
34
42
42
42
42
42
42
42
42
42
42
42
42
42
42
42
42
42
42
42
42
42
42
42
27
42
42
30
30
30
30
30
30
30
30
30
30
30
30
30
30
30
30
30
30
30
30
30
30
30
30
30
30
24
24
24
24
24
24
24
24
24
24
24
24
24
24
24
24
24
18
18
18
18
18
18
18
18
18
18
18
18
18
18
18
18
18
18
18
18
18
