0
0
0
0
0
0
0
0
0
0
0
0
0
0
0
0
0
0
0
9
9
9
9
9
9
9
9
9
9
9
9
9
9
14
14
9
14
14
14
14
14
19
4
1
1
4
4
4
4
19
4
4
4
4
4
4
4
4
4
4
4
4
4
4
4
4
4
4
4
4
4
4
4
4
4
4
4
4
4
4
4
4
4
4
4
4
4
4
4
4
4
4
4
4
4
4
4
4
4
4
4
1
4
1
11
1
1
1
1
1
1
29
20
20
23
23
20
20
20
20
20
20
23
3
23
3
3
3
3
3
3
3
3
3
3
3
3
3
3
3
3
3
3
3
3
3
3
3
3
3
3
3
3
3
23
16
23
3
23
16
23
3
23
23
23
3
16
18
16
3
23
23
16
18
23
23
16
18
16
18
20
18
20
20
20
20
18
5
5
18
5
5
18
5
18
18
18
18
5
5
18
18
18
18
18
18
18
18
18
18
18
18
18
18
18
18
18
18
18
18
18
18
18
18
18
18
18
18
18
18
18
18
18
18
16
18
18
18
18
18
16
16
16
16
16
13
13
13
13
13
13
13
6
13
13
13
13
13
13
13
13
13
13
6
6
13
6
6
6
16
6
6
6
13
26
26
26
6
26
26
26
26
26
26
26
26
26
26
26
26
26
26
26
26
26
26
26
26
26
26
26
26
26
26
26
26
26
26
26
26
26
26
9
13
17
6
40
13
13
13
13
36
36
36
36
36
36
36
36
36
36
36
36
36
41
41
41
41
41
41
41
41
41
41
41
13
16
41
41
36
36
41
43
43
41
43
43
43
43
43
43
43
43
43
43
43
43
43
31
31
43
31
31
31
31
43
43
43
43
43
43
43
31
31
31
31
31
31
31
31
31
31
39
39
39
39
39
31
39
39
39
39
39
31
31
31
31
31
7
7
7
7
7
18
7
7
7
7
7
7
18
7
7
7
7
7
7
7
7
7
7
7
7
7
7
7
31
31
43
43
43
31
25
25
25
25
25
25
25
25
25
25
25
25
25
25
25
25
25
25
25
25
25
25
25
25
25
25
2
2
2
2
2
2
2
2
2
2
2
2
2
2
2
2
2
2
28
28
28
28
28
28
28
28
28
28
28
28
28
28
28
28
28
28
28
28
28
28
28
28
28
28
28
28
28
28
28
15
28
15
15
15
15
22
15
22
22
22
22
22
22
22
22
22
22
22
22
22
22
22
22
22
22
22
22
38
22
22
22
38
38
38
38
38
38
38
38
38
38
38
38
38
38
38
35
35
35
35
35
35
35
35
35
35
35
35
35
35
35
35
35
35
35
12
35
34
35
34
34
35
34
35
34
12
12
12
12
12
12
12
12
12
12
12
12
12
12
12
12
12
12
12
12
12
34
12
12
12
34
34
34
34
34
34
34
34
34
34
34
34
34
34
34
12
34
12
34
12
34
34
34
34
34
12
34
34
34
34
34
34
34
34
34
34
34
34
34
34
34
34
34
34
34
34
34
34
34
34
42
42
42
42
42
42
27
30
27
27
27
27
27
27
30
27
27
27
27
30
27
27
27
27
27
27
27
27
27
42
21
27
42
27
27
27
27
27
27
27
27
27
27
27
27
27
27
27
30
27
27
27
30
30
27
27
27
27
27
27
27
27
27
27
27
27
30
27
27
27
27
27
27
27
30
30
30
30
30
30
24
30
24
24
30
30
30
24
30
30
30
30
24
24
24
24
24
24
24
37
37
37
37
37
37
37
37
37
24
37
37
37
37
37
37
37
37
37
18
37
24
18
18
37
18
24
18
37
18
18
18
37
18
18
18
18
18
18
18
18
18
18
18
18
37
18
