8
8
8
8
8
8
8
8
8
8
8
8
8
8
8
8
9
9
9
9
9
9
9
9
8
1
5
3
3
1
1
1
1
4
4
14
4
1
1
3
1
5
1
1
4
5
4
1
4
1
4
14
14
14
14
14
9
9
9
14
14
14
14
14
14
14
14
14
14
14
14
14
14
14
14
14
14
14
14
14
14
14
9
14
14
14
9
9
14
4
14
14
14
19
14
14
9
14
14
14
14
14
14
14
9
14
14
14
14
14
9
14
9
1
0
0
0
13
0
0
4
0
0
0
0
13
0
0
0
13
0
0
0
13
0
0
0
16
0
20
0
5
9
4
7
14
0
10
0
4
11
18
20
4
4
4
4
4
4
4
4
4
4
4
4
4
4
4
4
4
4
4
4
4
4
4
4
4
4
4
4
4
4
4
4
4
4
4
4
4
4
4
4
4
4
4
4
4
4
4
4
4
4
4
4
4
4
4
4
11
11
11
11
11
11
1
1
29
29
20
20
20
20
20
20
1
20
29
3
3
3
3
3
32
3
3
3
3
3
3
3
3
3
3
3
3
3
3
3
3
3
29
3
3
3
3
5
3
3
5
5
3
5
5
5
5
5
5
5
5
5
5
5
5
5
5
5
5
5
5
5
5
5
5
5
18
13
0
17
18
18
29
29
29
29
20
29
29
26
29
17
24
29
0
17
17
0
24
0
18
29
40
16
13
6
13
18
23
18
20
20
20
20
20
20
20
20
20
20
20
20
23
23
23
23
23
20
23
23
23
23
23
23
23
23
23
23
23
23
23
16
16
23
23
16
16
16
16
16
16
16
16
16
16
16
16
16
16
16
16
16
16
16
16
13
13
16
16
13
13
13
13
13
13
6
18
6
26
26
18
26
18
18
18
18
26
18
18
18
18
26
18
18
18
26
18
26
26
26
18
26
26
26
18
26
26
26
26
26
26
26
26
26
26
26
26
26
26
26
26
26
26
26
26
26
26
26
26
26
26
26
26
26
26
26
26
40
26
40
40
40
40
40
40
40
40
36
36
36
36
36
36
36
36
36
36
36
36
36
36
36
36
36
36
41
41
41
41
41
40
41
41
41
7
41
7
7
7
7
43
43
43
43
43
43
43
43
43
43
43
43
43
43
43
43
43
43
31
31
31
31
43
31
31
31
31
31
31
31
31
31
31
39
39
39
39
39
39
39
39
39
39
39
39
39
39
39
39
39
39
39
39
7
7
7
7
7
7
7
7
7
7
7
25
25
25
25
25
25
25
25
25
2
2
2
2
2
2
2
2
2
2
2
2
2
2
2
2
2
2
2
28
28
28
28
28
28
28
28
28
28
28
28
28
28
28
28
28
28
28
28
28
28
28
28
28
28
28
28
28
28
28
28
35
12
35
12
12
12
12
12
35
35
35
35
12
12
12
35
35
12
35
35
35
12
35
35
12
12
35
35
12
35
35
35
35
35
34
35
34
34
34
34
34
34
34
34
34
35
35
35
35
35
35
35
35
35
35
25
25
25
25
25
25
25
25
25
28
25
28
28
28
28
28
28
28
15
28
28
28
28
28
15
15
22
22
22
22
22
15
22
15
15
15
22
15
15
28
22
22
15
22
22
15
28
15
22
34
22
22
22
34
15
15
22
15
15
15
22
22
22
38
38
38
22
38
38
34
22
35
38
35
34
34
38
34
35
35
35
34
42
35
35
42
35
35
35
34
35
35
22
35
38
35
35
35
35
35
35
35
35
35
35
35
34
34
34
34
42
42
42
42
42
42
42
42
42
42
42
42
42
42
42
42
42
42
42
42
42
42
27
42
27
30
30
30
30
30
30
30
30
30
30
30
30
30
30
30
30
30
30
30
30
30
30
30
30
30
30
30
24
24
24
24
24
24
24
24
30
30
37
30
24
37
37
37
37
37
37
37
37
37
37
37
37
37
37
37
37
37
37
37
37
37
37
37
37
37
24
24
18
18
18
18
18
18
18
18
18
18
18
37
18
18
18
18
18
18
18
18
18
18
18
18
18
