8
0
0
0
8
0
7
0
4
4
14
14
10
10
18
0
18
20
18
0
0
20
18
0
18
20
20
0
18
18
18
0
0
18
18
0
0
4
4
4
24
4
4
24
24
4
18
4
0
4
4
4
0
4
4
4
24
4
4
4
0
11
18
4
0
4
4
4
0
4
4
4
11
11
11
11
29
29
4
11
11
11
1
1
1
1
1
1
3
1
1
1
1
3
3
1
1
3
1
1
1
1
3
3
32
3
3
3
32
3
1
3
3
3
3
3
3
3
3
3
3
3
3
3
3
3
3
3
3
3
5
5
3
5
5
3
3
3
5
5
3
5
5
3
3
5
5
5
3
5
5
5
5
5
5
5
5
29
29
29
29
29
29
29
29
29
29
19
29
11
29
29
29
29
29
20
20
20
20
20
20
20
20
20
20
20
20
23
23
23
23
23
23
23
16
23
23
23
20
20
23
23
23
16
23
16
16
16
16
13
13
13
16
13
13
13
16
13
13
13
13
13
13
13
13
13
13
13
13
13
13
13
13
13
13
13
13
13
13
13
13
13
13
13
13
6
6
0
6
26
6
0
6
6
6
0
0
0
0
17
6
26
6
0
26
26
6
0
26
26
26
0
26
26
26
6
26
26
26
17
26
26
6
17
26
26
26
17
26
26
26
17
26
26
26
6
26
26
26
26
26
26
26
26
26
26
26
26
26
40
26
40
40
40
26
36
36
36
36
36
36
36
36
36
36
36
36
36
36
36
36
36
36
36
36
36
41
41
41
41
41
40
40
13
41
41
41
7
7
7
7
7
7
7
41
41
43
43
43
43
43
43
43
43
43
43
43
43
43
43
43
31
43
43
43
43
43
43
43
43
43
43
43
43
43
43
43
43
43
31
43
43
43
31
31
43
31
31
31
31
31
31
31
31
31
31
31
31
31
31
31
31
31
31
39
39
39
39
39
39
39
39
39
39
39
39
39
39
39
39
39
39
39
39
39
7
7
7
7
7
7
7
7
25
25
25
25
25
25
25
25
7
7
7
7
7
7
7
7
7
7
7
25
25
25
25
25
25
25
25
25
25
25
2
25
25
25
25
25
25
2
25
2
25
2
2
2
2
2
2
2
2
2
2
2
2
2
2
2
2
2
2
2
28
28
28
28
28
28
28
28
28
28
28
28
28
28
28
28
28
28
28
28
28
28
28
28
28
28
28
28
28
15
28
15
15
15
22
22
22
22
22
22
22
38
22
22
22
22
22
22
22
38
38
38
38
38
38
38
38
38
22
38
38
38
38
38
38
38
38
38
38
38
38
38
38
38
38
38
38
38
35
35
35
35
35
35
35
35
35
35
35
35
35
35
35
35
35
35
35
12
34
34
12
12
34
34
34
12
34
34
34
12
34
34
34
34
34
34
34
34
34
34
34
34
34
34
34
34
42
42
42
42
42
42
42
42
42
42
42
42
42
42
42
42
42
42
42
42
42
24
24
27
42
27
42
27
27
21
21
21
27
42
27
27
30
27
30
30
30
30
30
30
30
30
30
30
30
30
30
30
30
30
30
30
30
30
30
30
30
30
30
30
30
30
30
24
30
30
24
30
24
24
30
30
24
24
24
24
24
24
24
24
24
24
24
24
18
18
18
18
18
18
18
18
18
18
18
18
18
18
18
18
18
