8
8
8
9
9
9
9
9
9
9
9
9
9
9
9
9
9
9
9
14
19
4
4
19
4
19
19
19
19
4
4
4
4
4
4
4
4
4
4
4
4
4
4
4
4
4
4
4
4
4
4
4
4
4
4
4
4
4
4
4
4
4
4
4
4
4
4
4
4
4
4
4
4
4
4
4
11
11
11
11
11
1
1
1
1
1
1
1
1
1
1
3
1
1
1
3
1
1
3
3
3
3
3
3
3
3
3
3
3
3
3
3
3
3
3
3
3
3
3
5
3
3
3
3
3
3
3
3
3
5
5
5
3
3
5
5
5
5
5
5
5
5
5
5
5
5
5
5
29
29
29
29
5
29
29
29
29
29
29
29
29
29
20
29
20
20
20
20
20
20
20
20
23
23
20
23
23
23
23
23
23
23
23
23
23
23
23
23
23
23
23
23
23
16
23
23
16
16
23
16
16
16
23
16
16
16
13
16
16
16
16
16
16
16
13
16
13
16
13
13
13
13
13
13
13
13
13
13
13
13
0
0
0
0
17
0
0
0
17
0
17
17
0
0
0
0
6
0
0
0
17
0
0
17
17
0
0
17
17
0
17
17
17
17
17
17
6
17
17
6
6
0
6
17
17
17
17
17
17
17
17
26
17
17
17
6
17
17
17
26
26
26
26
26
26
26
6
40
41
41
36
36
36
36
36
36
36
36
36
36
36
36
36
36
36
36
36
36
36
41
41
41
41
41
41
41
41
41
41
20
41
7
18
7
7
41
41
41
41
41
43
43
43
43
43
43
43
43
43
43
43
43
43
43
43
43
43
43
43
43
43
43
43
43
43
43
43
43
31
31
31
31
31
31
31
31
43
39
39
39
39
39
39
39
39
39
39
39
39
39
39
39
39
39
39
39
9
14
14
19
7
7
7
7
7
7
7
7
7
25
25
25
25
25
25
25
25
25
25
25
25
25
25
25
25
25
2
2
2
2
25
2
2
2
2
2
2
2
2
2
2
2
2
2
28
25
28
28
28
28
28
28
28
28
28
28
28
28
28
28
28
28
28
28
28
28
28
28
28
28
28
28
28
28
28
28
28
15
15
15
15
15
15
15
15
22
22
15
15
22
22
15
15
22
22
22
22
22
22
22
22
22
22
22
22
22
22
22
38
38
38
22
22
38
38
38
38
38
38
38
38
38
35
35
35
35
35
35
35
35
35
35
35
35
35
35
35
35
35
35
35
35
35
12
12
12
12
12
12
12
12
12
12
12
12
12
12
12
12
12
34
34
34
34
34
34
34
34
34
34
34
34
34
34
34
34
34
34
34
42
34
42
34
42
42
42
42
42
42
42
42
42
27
27
27
27
27
27
27
27
27
27
27
27
27
27
27
27
27
27
27
27
27
27
27
27
27
27
27
27
27
27
27
27
27
27
27
27
27
27
27
27
27
27
30
30
30
30
30
30
30
30
30
30
30
30
30
30
30
30
30
30
30
30
30
30
30
30
30
30
30
24
24
24
24
24
24
24
24
24
24
24
24
24
24
24
24
24
18
18
18
18
18
18
18
18
18
18
18
18
18
18
18
18
18
18
18
18
18
18
