8
9
9
9
9
9
9
9
9
14
9
9
9
14
9
9
9
14
9
9
9
14
9
9
9
14
14
14
19
19
4
4
4
4
4
4
4
4
4
4
4
4
4
4
4
4
4
4
4
4
4
4
4
4
4
4
4
4
4
4
4
4
4
4
4
4
4
1
1
11
1
1
1
1
1
1
1
29
1
29
1
1
1
1
1
1
1
3
3
1
3
3
1
3
3
3
3
3
3
3
3
3
3
3
3
3
3
3
3
3
3
3
3
3
3
3
3
3
3
3
3
3
3
5
3
3
3
5
3
5
3
5
3
5
5
5
5
5
5
5
5
5
5
5
5
29
20
29
29
13
13
20
20
20
20
1
3
16
16
20
20
20
20
20
20
20
20
20
20
20
20
20
20
20
23
23
20
23
23
23
20
23
23
23
20
23
23
23
23
23
23
23
23
23
23
23
23
23
23
16
16
16
16
16
16
16
16
16
13
16
13
13
16
16
13
13
13
13
13
13
13
16
0
0
13
13
0
0
13
13
13
0
0
0
6
0
23
0
0
0
13
6
6
6
0
6
6
6
13
6
6
6
6
26
26
6
6
26
26
26
26
26
26
26
26
26
26
26
26
26
26
26
26
26
26
26
26
26
26
26
26
26
26
40
40
40
40
40
26
26
40
26
26
40
40
26
0
40
6
26
26
40
40
6
0
26
26
26
0
26
40
40
0
26
40
36
36
36
36
36
36
36
36
36
36
36
36
36
36
36
36
36
36
36
36
41
41
41
41
41
41
41
36
36
41
41
41
43
43
43
43
43
43
43
43
43
43
43
43
43
43
43
43
43
43
43
43
43
43
43
43
43
43
43
43
43
31
31
31
31
31
31
31
31
31
31
39
39
39
43
39
39
39
39
39
39
39
39
39
39
39
39
39
39
43
31
31
31
31
43
7
7
7
7
7
7
7
7
7
7
7
7
7
7
7
7
7
7
25
7
25
25
25
25
25
25
25
25
25
25
25
25
25
25
25
25
25
2
2
2
2
2
2
2
2
2
2
2
2
2
28
28
28
28
28
28
28
28
28
28
28
28
28
28
28
28
28
28
28
28
28
28
28
28
28
28
28
28
28
28
15
15
15
15
15
15
22
15
15
22
22
22
22
22
22
22
22
22
22
22
22
22
22
22
22
22
22
22
22
22
22
22
22
22
22
22
22
22
22
38
38
38
38
38
38
22
38
35
35
35
35
35
35
35
35
35
35
35
35
35
35
35
35
35
35
12
12
35
12
12
35
12
12
12
12
12
12
12
12
12
12
34
34
34
34
42
34
42
42
34
42
42
42
42
42
42
42
42
42
42
42
42
42
42
42
27
18
42
27
27
27
27
27
27
27
27
21
27
27
27
27
30
27
27
27
27
27
27
27
27
30
30
30
30
30
27
27
24
27
27
27
30
27
27
27
27
27
30
27
27
30
30
24
27
27
27
27
27
27
30
27
30
30
30
30
30
30
30
30
30
30
30
30
30
30
30
30
24
24
24
24
24
24
24
24
24
24
24
24
24
24
24
24
24
37
37
37
37
37
37
37
37
37
37
37
37
37
37
37
37
37
37
37
37
37
37
37
37
37
37
37
37
37
37
37
37
18
18
24
37
37
37
24
37
37
37
37
18
18
18
18
18
18
18
18
18
18
18
18
18
18
18
18
18
18
18
18
18
18
18
18
18
18
18
18
