8
0
8
8
8
8
8
8
8
8
8
8
8
8
8
8
8
8
8
8
8
8
8
9
8
8
9
8
9
5
5
1
4
14
14
14
4
14
0
14
10
14
0
14
14
29
0
20
0
0
10
4
14
4
4
4
4
4
0
0
0
0
0
3
4
4
4
4
4
4
23
4
19
19
3
4
4
4
19
4
4
19
19
19
4
4
4
4
4
4
4
4
4
4
4
4
4
4
4
4
4
4
4
4
4
4
4
4
4
4
4
4
4
4
4
4
4
4
4
4
4
4
4
4
4
4
4
4
4
4
4
11
11
4
4
4
4
16
16
1
13
0
13
1
1
1
1
1
1
1
1
1
1
1
3
1
1
1
1
32
3
3
3
3
3
3
3
3
3
3
3
3
3
3
3
3
3
3
3
3
3
3
3
3
3
3
3
3
3
3
5
5
5
5
5
3
3
5
5
5
5
5
5
5
5
5
5
5
5
29
29
29
29
29
29
5
3
3
3
1
3
3
1
29
20
13
20
29
29
41
20
20
20
13
13
13
13
13
13
6
6
13
13
13
13
13
13
13
13
13
13
13
13
13
13
13
13
13
13
13
6
13
13
6
6
13
13
6
13
6
6
6
6
6
6
26
6
6
6
26
6
6
26
26
26
26
5
26
26
26
5
26
26
26
26
26
26
13
13
13
40
40
13
40
40
40
16
13
13
16
16
13
40
40
16
6
16
16
16
40
40
40
13
13
40
40
16
40
40
40
16
6
40
40
13
40
40
40
16
16
40
40
16
13
40
40
16
40
26
40
16
40
40
40
16
40
40
40
16
40
40
40
23
40
40
40
40
40
40
40
40
36
36
36
36
36
36
36
36
36
36
36
36
36
36
36
36
36
41
36
41
41
41
41
36
36
41
41
41
41
41
41
41
41
41
40
41
40
40
41
41
41
43
43
43
43
43
43
43
43
43
43
43
43
43
43
43
43
43
43
43
43
43
43
43
31
31
43
31
43
43
43
43
31
43
31
43
39
39
39
39
39
39
39
39
39
39
39
39
39
39
39
39
39
39
39
39
39
39
39
39
39
39
36
7
7
7
7
7
7
7
7
7
7
32
32
7
32
7
32
25
25
25
7
7
7
7
7
7
7
25
7
25
7
25
25
25
7
25
25
7
25
25
25
25
25
25
25
25
25
25
2
2
2
2
2
2
2
2
2
2
2
2
2
2
2
2
2
2
2
2
2
2
2
2
2
2
2
2
2
2
2
25
28
28
28
28
28
25
28
28
28
25
25
25
28
25
25
25
28
28
28
15
15
15
28
15
15
15
15
15
15
15
28
15
22
15
28
15
22
15
28
15
22
15
15
15
22
15
15
22
22
15
22
22
22
22
15
22
22
15
15
22
38
22
22
22
38
22
22
38
38
38
22
38
35
38
38
38
35
35
38
38
35
35
35
35
35
38
25
38
35
35
35
24
24
35
35
34
34
34
34
34
34
34
34
34
34
34
34
34
34
34
34
34
34
34
34
34
34
34
34
34
34
34
34
34
34
34
34
34
34
34
34
34
34
34
34
34
34
34
42
42
42
42
42
42
42
42
42
42
42
42
42
42
42
42
42
42
42
42
42
42
42
42
42
27
27
27
27
27
27
27
27
27
27
27
21
42
42
27
27
27
27
27
27
27
27
27
27
30
42
27
42
42
42
42
27
21
27
21
27
27
27
27
27
30
30
30
30
30
30
30
30
30
30
30
30
30
30
30
30
30
30
30
30
30
30
30
30
30
30
30
24
30
30
30
24
24
24
24
24
24
24
24
24
24
24
24
18
24
24
24
18
18
18
18
18
18
18
18
18
18
18
18
18
18
18
18
18
18
18
18
18
18
18
