0
0
0
0
0
0
0
0
0
0
0
0
0
0
0
0
0
0
0
0
0
0
0
0
0
0
0
0
0
0
0
0
0
0
0
0
0
0
0
0
0
0
0
0
0
0
0
0
0
0
0
0
0
0
0
0
0
0
0
0
0
0
14
29
0
0
0
0
0
0
14
0
0
0
9
10
0
9
9
14
14
0
0
0
0
0
0
1
0
0
14
14
0
0
0
11
14
1
1
1
0
1
4
11
14
11
14
0
10
1
11
11
4
11
11
4
4
4
11
11
11
11
11
11
4
11
11
11
11
11
4
13
11
4
4
14
1
14
29
29
29
29
29
29
14
29
0
1
20
0
5
5
1
10
11
10
29
9
29
9
9
9
9
20
20
14
29
0
0
14
10
24
24
24
24
24
18
18
18
18
10
10
10
10
18
18
10
10
7
18
7
7
7
7
7
7
7
7
7
7
7
7
7
7
7
7
7
7
18
10
21
10
10
10
10
10
10
10
10
10
10
10
10
10
10
18
13
10
13
0
13
0
0
0
0
0
0
0
0
0
0
0
20
20
13
29
29
29
14
29
29
29
20
13
29
29
14
20
19
14
14
14
19
19
19
19
19
19
19
19
19
19
19
19
4
4
4
4
4
19
4
4
4
4
4
4
4
4
4
4
4
4
4
4
4
4
4
4
4
4
4
4
11
4
4
4
11
4
4
4
11
11
11
11
11
11
4
11
11
11
11
11
11
1
1
1
1
11
1
1
1
1
1
1
1
1
1
3
1
3
32
1
32
3
3
3
3
3
32
3
3
3
3
3
3
3
3
3
3
3
3
3
3
3
3
3
3
3
3
3
3
3
3
3
3
3
3
3
3
5
3
3
3
3
3
3
3
5
5
5
5
5
5
5
5
5
5
5
5
35
29
29
29
29
29
29
29
29
29
29
29
29
29
29
29
29
29
20
20
20
20
20
20
20
20
20
20
20
20
20
23
20
20
20
23
23
23
23
23
23
23
23
23
23
23
23
23
23
16
23
23
16
16
16
23
23
16
23
16
16
16
16
16
23
16
23
16
16
16
16
16
16
13
13
13
13
13
13
13
13
13
13
13
16
40
13
13
13
40
13
16
13
16
6
26
6
26
26
6
6
26
6
6
6
6
6
6
6
26
26
26
26
26
26
26
26
26
26
26
26
26
26
26
26
26
26
26
26
26
26
26
26
26
26
26
26
26
26
26
40
40
40
40
40
40
40
40
40
40
40
40
40
13
41
41
36
36
36
41
36
36
36
36
36
36
36
36
36
41
41
41
41
41
41
41
41
41
41
41
41
41
41
41
36
41
41
41
43
43
43
43
43
43
43
43
43
43
43
43
43
43
43
43
43
31
43
43
43
43
43
43
43
31
31
31
31
31
31
31
31
31
31
31
43
31
31
31
31
31
31
31
31
39
39
39
31
39
39
39
39
39
39
39
39
31
7
7
7
7
7
7
7
7
7
7
7
7
7
7
7
25
25
25
25
25
25
25
25
25
25
25
25
25
25
25
25
25
25
25
25
25
25
2
25
2
2
25
25
2
25
2
2
2
2
2
28
28
43
43
43
43
43
28
28
28
28
28
28
28
28
28
28
28
28
28
28
28
28
28
28
28
28
28
28
28
28
28
28
15
15
15
15
15
15
22
15
15
15
22
22
15
22
22
22
22
22
22
22
15
22
22
22
22
22
22
22
22
22
22
22
22
22
22
22
22
22
38
38
38
22
38
38
38
38
38
38
38
38
38
35
35
35
35
35
38
35
35
35
35
35
35
35
35
35
35
35
35
35
35
12
12
12
12
12
12
12
12
12
12
12
12
12
12
12
12
12
12
12
34
34
34
34
34
34
42
42
42
42
42
42
42
42
42
42
42
42
42
42
42
42
42
42
42
42
42
42
27
27
42
27
27
27
27
27
27
27
27
42
27
27
27
30
30
27
30
30
30
30
30
30
30
30
30
30
30
30
30
30
30
30
30
30
30
30
30
30
30
30
30
30
30
30
24
24
24
24
24
24
24
24
24
24
24
24
24
24
24
24
24
24
24
24
24
24
24
24
24
24
18
37
37
37
37
37
37
37
37
37
37
37
37
37
37
37
37
37
37
37
37
37
37
37
37
37
37
37
37
37
37
37
37
37
37
37
37
37
37
37
37
37
37
37
37
37
37
37
37
37
37
37
37
37
37
37
37
37
37
37
37
37
37
37
37
37
37
37
37
37
37
37
37
37
37
37
37
37
37
37
37
37
37
37
37
37
37
37
37
37
37
18
18
18
18
18
18
18
18
18
18
18
18
18
18
18
18
18
18
18
18
18
18
18
18
18
18
18
18
18
18
18
18
18
18
18
18
18
18
18
18
18
18
18
18
18
18
18
18
18
18
18
18
18
18
18
18
18
18
18
18
18
18
18
18
18
18
18
18
18
