4
4
4
4
4
4
0
0
4
4
4
9
9
7
14
14
14
4
19
19
19
14
4
4
4
14
19
4
19
14
19
4
4
4
4
4
4
4
4
4
4
4
4
4
4
4
4
4
4
4
4
4
4
4
4
4
4
4
4
4
4
4
4
4
4
4
4
4
4
4
4
4
4
4
4
4
4
4
4
4
4
11
4
11
4
11
11
11
11
11
1
1
1
1
1
1
1
1
1
1
1
1
3
3
3
3
3
3
3
1
1
1
1
3
3
3
3
3
3
3
3
3
3
3
3
3
3
3
3
3
3
3
3
3
3
3
3
5
5
5
5
5
5
5
5
5
5
5
5
5
5
5
5
5
5
5
5
5
5
5
5
5
29
29
5
24
11
29
5
3
5
5
3
3
1
0
29
29
29
29
29
20
29
20
18
23
20
20
10
23
18
23
23
23
23
23
23
23
23
20
23
23
23
23
23
23
23
23
23
23
23
16
23
16
23
16
16
16
23
16
16
23
16
16
16
16
16
16
16
16
16
13
13
16
16
13
13
16
16
16
16
13
13
13
13
13
13
0
0
0
0
0
0
0
0
0
0
0
0
0
0
0
6
6
6
6
17
17
6
26
26
26
6
26
6
26
26
26
6
26
26
26
6
26
26
26
26
26
26
26
26
26
26
26
26
26
26
26
26
26
26
26
26
26
26
26
26
26
40
40
40
40
40
40
40
40
40
0
17
40
36
36
36
36
36
36
36
36
36
36
36
36
36
36
36
36
36
36
41
41
41
41
41
41
41
41
41
41
41
41
41
7
7
43
43
43
43
43
43
43
43
43
43
43
43
43
43
43
43
43
43
43
43
43
43
43
43
43
43
43
31
43
43
31
31
31
31
31
39
39
39
39
39
39
39
39
39
39
39
39
39
39
39
39
39
39
39
39
39
31
7
7
7
7
7
7
7
7
7
7
7
25
25
25
25
25
25
25
25
25
25
25
25
25
2
25
25
2
2
2
2
2
2
2
2
2
2
2
2
2
2
2
2
2
28
28
28
28
28
28
28
28
28
28
28
28
28
28
28
28
28
28
28
28
28
28
28
28
28
28
28
28
28
28
28
28
28
28
28
28
15
22
22
25
22
15
22
25
22
22
22
38
22
38
38
22
22
38
38
38
38
38
38
38
22
38
38
38
38
38
38
38
38
38
38
38
38
38
38
38
38
35
38
35
35
35
35
35
35
35
35
35
35
35
35
35
35
35
35
35
35
35
35
35
35
35
12
12
12
12
12
34
34
34
12
34
34
34
34
34
34
34
34
34
34
34
34
34
34
34
34
34
34
34
34
42
42
42
42
42
42
42
42
42
42
42
42
42
42
42
42
42
42
42
42
42
27
42
27
27
21
27
21
21
27
42
21
21
21
21
21
27
27
27
27
27
27
27
27
30
30
30
30
30
30
30
30
30
30
30
30
30
30
30
30
30
30
30
30
30
30
30
30
30
30
30
24
24
24
24
24
24
24
24
24
24
24
24
24
24
24
24
24
24
24
18
18
18
18
18
18
18
18
18
18
18
18
18
18
18
18
18
18
18
18
