0
0
0
0
0
0
0
0
0
0
0
0
0
0
0
14
0
0
0
0
0
0
0
0
14
0
10
10
9
14
9
9
8
9
9
9
9
9
9
9
9
9
9
9
9
9
9
9
9
14
14
9
9
9
9
9
9
9
9
9
8
9
0
0
9
14
9
9
9
8
10
9
9
8
0
0
9
0
14
14
9
9
9
9
9
9
14
9
9
9
9
14
14
9
14
14
14
14
14
14
1
29
19
19
19
4
4
4
4
4
4
19
19
4
19
14
14
19
4
19
19
4
4
4
19
4
4
4
4
4
4
4
4
4
4
4
4
4
4
4
4
4
4
4
4
4
4
4
4
4
4
4
4
4
4
4
4
4
4
4
4
4
4
4
4
4
4
4
13
11
11
11
11
4
11
11
13
11
11
11
13
11
11
11
11
1
11
1
1
29
1
29
5
1
1
20
29
20
1
1
3
32
3
3
3
3
3
3
3
3
3
3
3
3
3
3
3
3
3
3
3
3
3
3
3
3
3
3
3
3
3
3
3
3
3
3
3
3
3
3
3
3
3
3
3
3
3
3
3
3
3
3
3
3
3
3
5
5
11
5
5
5
13
13
24
13
13
13
0
13
13
13
13
0
13
13
13
0
13
13
13
13
13
20
20
20
20
20
20
20
20
20
20
20
20
20
20
20
20
20
23
20
23
23
23
23
23
23
23
23
23
23
23
23
23
23
23
23
18
23
23
23
16
16
23
23
18
16
16
23
16
16
16
16
16
16
16
16
18
16
16
16
18
18
18
13
18
18
18
16
13
13
13
13
13
13
13
6
13
13
13
6
13
13
26
26
26
6
26
6
26
26
26
26
26
26
26
26
26
26
26
26
26
26
26
26
26
26
26
26
26
26
26
26
26
26
26
26
26
26
26
26
26
26
26
26
26
26
26
26
26
26
26
26
26
26
40
40
40
40
40
26
40
40
40
36
36
36
36
36
36
36
36
36
36
36
36
36
36
36
36
36
36
36
36
36
36
36
36
41
41
41
41
41
23
41
41
41
41
41
41
41
41
43
43
43
43
43
43
43
43
43
43
43
43
43
43
43
43
43
43
43
43
31
31
31
31
39
31
31
31
31
31
31
31
31
31
31
31
39
39
39
39
39
39
39
39
39
39
39
39
39
39
39
39
39
31
31
39
7
7
7
7
7
7
7
43
43
43
31
31
31
31
31
43
43
43
31
31
31
31
43
43
43
43
31
31
7
7
7
7
7
7
7
7
7
7
7
7
7
32
18
7
7
7
7
7
7
7
25
5
5
5
25
25
25
25
25
25
25
25
25
25
25
28
28
25
25
28
25
25
28
2
2
2
2
2
25
25
2
2
2
2
2
2
2
2
2
2
2
2
2
2
2
2
2
2
2
2
2
2
2
2
2
2
2
2
2
2
28
28
28
28
28
28
28
28
28
28
28
28
28
28
28
28
28
28
28
28
28
28
28
28
28
28
28
28
15
15
15
15
15
15
15
15
15
22
15
15
15
22
22
22
22
22
22
22
22
22
22
22
22
22
22
22
22
22
22
22
22
38
22
22
38
38
38
38
38
38
38
38
38
38
38
38
38
38
38
35
35
35
35
35
35
35
35
35
35
35
35
35
35
35
35
35
35
34
34
34
34
34
34
34
34
34
34
34
34
34
34
34
34
34
34
34
34
42
34
42
42
42
34
34
34
34
34
34
42
42
42
34
42
42
42
42
42
42
42
27
42
42
42
42
42
42
42
42
42
42
42
42
42
42
42
42
27
42
27
27
42
27
27
27
27
30
27
27
27
42
27
21
27
27
27
27
27
27
27
27
30
30
27
30
30
30
30
30
30
30
30
30
30
30
30
30
30
30
30
30
30
30
30
30
30
30
30
30
30
30
30
30
30
30
24
24
24
24
24
30
30
24
24
24
24
24
24
24
24
24
24
18
18
18
18
18
18
18
18
18
18
18
18
18
18
18
18
18
18
