9
9
9
9
9
9
9
9
9
9
9
14
9
9
14
4
4
4
9
9
8
9
9
9
8
9
9
9
9
9
9
7
7
9
9
9
9
1
14
3
3
4
4
4
4
4
7
4
4
4
4
4
4
4
3
4
4
4
4
4
4
4
4
4
4
4
4
4
4
4
4
4
4
4
4
4
4
4
4
4
4
4
4
4
4
4
4
4
4
4
0
4
4
4
4
4
4
4
11
1
1
1
1
1
29
29
29
1
1
1
1
1
1
1
1
1
1
1
1
3
32
32
1
3
3
1
32
3
32
32
32
32
32
1
32
3
3
32
32
3
3
3
3
3
3
3
3
3
3
3
3
3
3
3
3
3
3
3
3
5
3
5
5
5
5
5
5
5
5
5
5
5
5
5
5
5
5
5
5
5
5
5
5
5
29
29
29
29
29
29
5
29
29
29
29
29
29
20
20
20
20
20
20
20
20
20
20
20
23
23
20
20
20
23
23
23
23
23
23
23
20
20
23
23
23
23
23
16
16
16
23
16
16
13
16
16
16
16
16
16
16
16
16
16
16
13
16
13
16
13
16
13
13
13
13
13
13
13
13
13
13
13
20
17
6
6
0
17
0
0
13
6
6
26
0
17
6
26
0
17
6
26
6
17
6
26
6
17
6
26
0
17
6
26
6
26
26
26
6
26
26
26
26
26
26
26
26
26
26
26
26
26
26
26
26
26
26
26
26
26
26
26
26
26
26
26
26
26
26
26
26
40
36
36
36
36
36
36
36
36
36
36
36
36
36
36
36
36
41
41
41
41
41
41
41
41
41
41
41
41
41
41
41
43
7
7
7
7
7
41
43
43
43
43
43
43
43
43
43
43
43
43
43
43
43
43
43
43
31
31
31
31
43
43
31
31
31
31
31
31
31
31
31
31
31
31
31
31
31
31
39
39
39
39
39
39
39
39
39
39
39
39
39
39
39
39
39
39
39
39
39
7
7
7
7
7
7
7
7
7
7
7
7
7
7
7
7
25
25
25
25
25
25
25
25
25
25
25
25
25
25
25
25
25
25
25
25
25
25
2
2
2
2
2
2
2
2
2
2
2
2
2
2
2
2
2
2
2
2
2
2
2
28
28
28
28
28
28
28
28
28
28
28
28
28
28
28
28
28
28
28
28
28
28
28
28
28
28
28
28
28
28
28
28
15
15
15
15
15
22
22
22
22
22
22
22
22
22
22
22
22
22
22
22
22
22
22
22
22
22
22
22
38
22
38
38
38
38
38
38
38
38
38
38
38
38
38
38
38
35
35
35
35
35
35
35
35
35
35
35
35
35
35
35
35
35
35
35
35
35
35
35
35
35
35
35
35
12
12
12
12
12
12
12
12
12
34
12
12
12
34
12
12
12
34
34
34
12
34
34
34
34
34
34
34
34
34
34
34
34
42
42
42
42
42
42
42
42
42
42
42
42
42
42
42
42
27
30
27
27
27
27
27
27
27
27
21
21
21
27
27
27
27
27
27
27
27
27
30
30
27
27
27
27
27
27
27
27
21
21
27
27
27
27
27
30
30
30
30
30
30
24
24
30
24
24
24
24
24
24
24
24
24
24
24
24
24
24
24
24
24
24
24
24
24
24
24
24
24
24
24
24
24
24
24
24
24
24
24
37
37
24
37
37
37
37
37
37
37
37
37
37
37
37
37
37
37
37
37
37
37
37
37
37
37
37
37
37
18
18
18
18
18
18
18
18
18
18
18
18
18
18
18
18
18
18
18
18
18
18
18
18
18
18
18
18
