8
8
8
8
8
8
10
8
8
8
8
10
10
0
10
10
10
10
8
10
4
0
11
10
1
11
4
10
14
1
4
10
11
1
4
11
11
1
0
4
14
14
14
10
10
11
14
10
11
4
0
0
10
11
0
1
11
11
4
0
4
11
10
0
0
11
0
0
11
0
4
10
4
11
4
0
11
0
0
0
11
4
14
29
29
29
29
29
29
29
29
29
14
14
9
19
19
14
14
19
19
4
4
4
4
4
4
4
4
4
4
4
4
4
4
4
4
4
4
4
4
4
4
4
4
4
4
4
4
4
4
4
4
4
4
4
4
4
4
4
4
4
4
4
4
4
4
4
4
4
4
11
4
4
11
11
11
11
18
11
11
1
29
1
1
1
1
1
1
1
32
1
32
32
32
32
32
32
32
3
32
32
32
32
32
32
32
3
3
32
32
3
3
3
3
3
3
3
3
3
3
3
3
3
3
3
3
3
5
5
5
5
5
5
5
5
5
5
5
5
5
5
5
5
5
5
5
5
5
5
13
18
29
29
29
29
29
29
3
5
29
29
29
29
29
20
20
20
20
20
20
20
20
20
20
20
23
20
20
23
23
23
16
16
23
16
16
16
23
23
16
23
23
23
16
23
23
16
16
23
23
16
16
16
16
16
16
16
16
16
16
16
16
16
16
16
16
16
16
16
16
16
13
16
16
13
13
13
13
13
0
0
0
0
0
0
0
6
0
0
0
6
6
6
6
6
6
6
6
6
6
6
0
6
6
6
6
6
6
6
6
26
26
26
26
26
26
26
26
26
26
26
26
26
26
26
26
26
26
26
26
26
26
26
26
26
26
26
26
26
26
26
40
40
40
40
26
40
40
40
40
40
40
40
40
40
40
40
36
36
36
36
36
36
36
36
36
36
36
36
36
36
36
36
41
36
41
41
41
41
41
41
41
41
41
41
41
41
41
41
41
43
43
43
43
43
43
43
43
43
43
43
43
43
43
43
43
43
43
43
43
31
43
43
43
43
43
43
43
43
31
43
31
31
31
31
31
31
31
31
31
31
39
39
39
39
39
39
39
39
39
39
39
39
39
31
31
7
7
7
7
7
7
7
7
7
7
7
7
7
7
7
25
25
25
25
25
25
25
25
25
25
25
25
25
25
25
25
25
25
25
25
25
25
25
2
2
2
2
2
2
2
2
2
28
28
28
28
28
28
28
28
28
28
28
28
28
28
28
28
28
28
28
28
28
28
28
28
28
28
28
28
15
15
15
15
15
15
15
15
15
15
15
15
22
15
22
22
22
15
15
22
38
22
38
38
38
38
38
38
38
22
38
38
38
22
38
38
38
38
38
38
38
22
38
38
38
38
38
38
38
38
35
35
35
38
35
35
35
35
35
35
35
35
34
35
35
35
35
35
12
12
12
12
12
12
12
12
12
12
12
12
12
12
12
12
12
12
34
34
34
34
34
42
42
42
42
42
42
42
42
42
42
42
42
42
42
42
42
42
42
42
42
42
42
27
27
30
30
30
30
30
30
30
30
30
30
30
30
30
30
30
30
30
30
30
30
30
30
30
30
30
30
30
30
30
24
24
24
24
24
24
24
24
24
24
24
24
24
24
24
24
24
24
18
18
18
18
18
18
18
18
18
18
18
18
18
18
18
18
18
18
18
18
