14
0
14
4
4
4
4
4
4
4
4
4
4
4
11
4
4
4
4
4
1
11
11
14
4
4
19
19
19
19
19
19
14
14
19
19
19
19
19
19
19
14
4
4
4
4
4
4
3
4
4
4
4
4
4
4
3
4
4
4
3
4
4
4
3
4
4
4
3
4
4
4
4
4
4
4
4
4
4
4
4
4
4
4
4
4
4
4
4
4
4
4
4
4
4
4
4
11
11
1
11
1
1
1
1
1
29
1
1
1
20
20
1
3
3
3
3
3
5
3
3
3
3
3
3
3
3
3
3
3
3
3
3
3
3
3
3
3
3
3
3
3
5
3
3
5
5
5
3
3
5
5
5
5
5
5
5
5
5
5
5
5
5
5
5
3
5
3
13
13
3
3
3
3
3
3
3
32
3
3
3
3
3
3
3
32
3
3
3
32
3
3
3
32
3
3
3
3
3
3
3
3
3
3
3
3
3
3
3
3
3
3
3
3
3
3
3
3
3
5
16
3
20
26
26
26
5
5
5
26
5
13
13
13
40
13
40
13
13
13
20
13
13
13
13
13
13
16
13
13
13
13
20
13
0
20
20
13
0
16
13
13
13
13
13
13
13
13
13
13
0
0
13
6
6
6
13
6
6
6
13
6
6
6
6
26
17
6
16
26
6
6
16
26
6
6
13
26
6
24
13
26
24
24
13
26
6
24
13
26
26
24
13
42
6
24
13
26
6
24
24
24
24
24
24
24
24
24
24
24
24
24
24
24
24
24
13
0
24
24
24
24
24
24
17
24
24
13
13
24
17
24
17
24
24
24
24
24
24
6
24
24
24
26
24
24
24
24
24
24
24
24
24
24
24
24
18
24
24
24
24
24
24
24
24
24
24
24
24
24
24
24
24
36
36
36
36
36
36
36
36
36
36
36
36
36
36
36
41
41
41
41
41
41
41
41
41
41
13
41
24
36
36
36
41
41
41
41
41
43
43
43
43
43
43
43
43
43
43
43
43
43
43
43
43
43
43
43
43
43
43
43
43
43
43
43
43
43
43
43
43
43
43
43
43
43
43
43
39
39
43
43
43
43
43
43
43
43
43
43
43
43
43
43
43
43
43
43
43
31
43
43
39
39
39
39
39
43
43
43
43
43
43
43
43
43
39
43
39
39
39
39
39
39
39
39
43
43
43
43
43
43
43
43
43
43
43
31
31
31
31
43
43
43
43
43
43
39
39
39
39
39
31
43
43
43
43
43
43
43
43
43
43
43
43
43
43
43
43
39
39
43
39
39
31
39
39
39
39
39
31
24
24
17
26
18
24
10
17
17
17
17
17
33
29
7
7
25
25
25
25
38
25
25
25
25
28
28
2
2
2
25
2
2
2
2
2
2
2
2
2
2
2
2
2
2
2
2
2
2
2
2
28
28
28
28
15
28
15
15
28
15
15
15
28
15
15
15
15
28
15
15
28
28
15
15
15
28
22
15
15
15
22
15
22
22
22
22
22
22
22
38
38
22
22
22
38
38
22
22
38
38
38
22
38
38
38
38
38
38
38
38
38
38
38
38
38
38
38
38
38
38
38
38
38
38
38
38
38
35
35
35
35
35
35
35
35
35
35
35
35
35
35
35
35
35
35
35
35
35
12
12
12
12
12
12
12
12
12
12
12
12
12
12
12
34
34
34
34
34
34
34
34
34
34
34
34
42
42
34
34
42
42
42
42
42
42
42
42
42
42
42
42
42
42
42
42
42
42
42
42
27
30
27
27
27
30
30
30
30
30
30
30
30
30
30
30
30
30
30
30
30
30
30
30
30
30
30
30
30
30
30
30
24
24
24
24
24
24
24
24
24
24
24
24
24
24
24
24
18
18
18
18
18
18
18
18
18
18
18
18
18
18
18
18
18
18
18
18
18
