9
9
9
9
9
9
9
9
9
9
9
9
9
9
9
4
4
4
11
11
11
4
4
4
4
4
4
4
4
4
4
4
4
4
23
4
4
4
4
4
4
4
4
4
4
4
4
4
4
4
4
4
4
4
4
4
4
4
23
4
4
4
4
4
4
4
13
4
4
4
4
4
4
4
24
4
4
4
4
4
4
4
11
11
4
4
13
4
4
4
11
11
4
11
4
4
11
0
1
1
1
1
1
1
1
1
1
1
1
1
1
1
1
1
32
32
3
3
3
3
3
3
32
1
3
3
3
3
3
3
3
3
3
3
3
3
3
3
3
3
3
3
3
3
3
3
3
3
3
3
3
3
3
3
3
5
5
5
3
3
5
3
5
5
5
5
5
5
5
5
5
5
5
5
29
5
5
5
29
5
5
29
29
20
5
29
5
29
20
29
29
29
29
29
29
20
20
20
20
20
20
20
20
20
23
23
23
23
23
23
23
23
23
23
23
23
23
23
23
23
23
16
23
23
23
23
23
16
16
16
23
23
16
16
16
16
16
16
16
16
16
16
16
13
16
13
16
13
16
13
16
13
13
13
1
6
6
6
6
0
6
6
6
6
6
13
6
6
6
6
6
6
6
6
6
6
6
6
6
6
6
6
6
26
6
26
26
26
26
26
26
26
26
26
26
26
26
26
26
26
26
26
26
26
26
26
26
26
26
26
26
26
26
26
26
26
26
26
40
40
40
40
40
40
26
6
6
6
36
36
36
36
36
36
36
36
36
36
36
36
36
36
36
36
36
41
41
41
41
41
41
41
41
41
41
41
41
41
41
43
43
43
43
43
43
43
43
43
43
43
43
43
43
43
43
43
43
43
43
43
43
43
43
43
31
31
31
31
31
31
31
39
31
39
39
39
39
39
39
39
39
39
39
39
39
39
39
39
39
39
31
31
31
31
31
7
7
7
7
7
7
7
7
7
7
7
7
7
7
7
7
7
7
7
7
7
7
7
7
7
7
7
25
25
25
25
25
25
25
25
25
2
2
2
2
2
2
2
2
2
2
2
2
2
2
2
2
2
2
28
28
28
28
28
28
28
28
28
28
28
28
28
28
28
28
28
28
28
28
28
28
28
28
28
28
28
28
28
15
28
28
28
22
22
22
22
22
22
22
22
22
22
22
22
22
22
38
22
22
22
38
22
38
38
38
22
38
38
38
22
38
38
38
38
38
38
38
38
38
38
38
38
38
38
38
38
38
35
35
35
35
35
15
35
25
25
25
25
25
35
20
35
35
35
35
35
35
35
35
12
12
37
37
37
37
37
37
37
37
37
33
35
35
37
37
12
12
37
37
37
37
37
37
12
12
35
17
12
34
34
34
34
34
34
34
12
35
35
35
34
35
35
35
35
35
35
35
35
35
35
35
34
35
35
35
34
35
34
34
34
34
34
34
34
34
24
34
34
34
34
34
34
34
34
34
34
34
34
34
34
34
34
34
34
34
34
34
34
34
34
34
34
34
34
34
34
24
34
34
34
34
34
34
34
34
18
34
24
34
24
24
34
18
24
24
34
34
34
24
34
24
34
34
34
34
34
34
42
34
42
42
34
42
42
42
42
42
42
42
42
42
42
42
42
42
42
42
42
42
42
21
21
27
27
21
21
27
27
27
27
30
27
27
21
27
27
27
27
27
27
27
27
27
27
27
21
27
27
27
27
27
21
21
27
27
21
21
27
27
27
27
21
21
27
27
30
30
30
27
30
30
30
27
30
30
27
30
30
30
30
30
30
30
30
30
30
30
30
30
30
30
30
30
30
30
30
30
30
27
30
30
30
30
30
30
30
30
30
30
30
30
30
30
30
30
30
30
30
30
30
30
30
30
30
30
30
30
30
30
30
30
30
30
30
30
30
30
30
30
30
30
30
30
30
30
30
30
42
27
30
24
30
24
24
24
24
24
24
24
18
18
24
18
18
18
18
18
18
18
18
18
18
18
18
18
18
18
18
18
18
18
18
18
18
18
18
18
18
18
18
18
18
18
18
18
18
