8
8
8
8
8
8
8
8
9
8
8
9
8
8
9
10
9
5
14
14
14
9
9
14
14
9
9
14
14
9
4
4
14
4
4
4
4
4
4
4
4
4
4
4
4
4
4
4
4
4
4
4
4
4
4
4
4
4
4
4
4
4
4
4
4
4
4
4
4
4
4
4
4
4
4
4
4
4
4
4
11
4
11
1
1
1
1
1
1
1
1
29
29
29
29
29
1
1
29
1
1
1
1
29
1
1
1
1
1
20
29
29
29
1
29
29
3
1
5
29
3
1
5
5
29
1
29
5
5
3
5
5
3
3
5
5
29
5
5
5
5
5
5
5
5
5
5
5
5
5
5
5
10
0
14
0
0
0
11
10
0
0
0
0
0
13
13
13
0
0
13
13
13
13
18
18
18
18
13
32
32
32
1
23
20
13
13
0
3
3
32
32
32
3
32
3
3
20
20
23
20
20
20
20
23
23
23
23
23
23
23
23
23
23
23
23
23
23
23
23
23
20
20
23
23
23
18
23
23
23
23
23
18
23
23
23
23
16
16
16
16
16
16
16
16
16
16
16
16
16
16
16
16
16
16
16
16
13
13
13
13
13
13
13
13
13
13
6
6
6
6
0
6
6
6
6
6
6
6
6
6
6
6
6
6
6
6
6
6
6
6
6
6
6
6
6
6
6
26
6
26
6
26
26
26
26
26
26
26
26
26
26
26
26
26
26
26
26
26
26
26
26
26
26
26
26
26
26
40
40
40
40
40
40
40
36
36
36
36
36
36
36
36
36
36
36
36
36
36
36
36
36
36
36
36
36
41
41
41
41
41
41
40
41
41
41
41
36
41
41
41
43
43
43
43
43
43
43
43
43
43
43
43
43
43
43
43
43
31
43
31
31
31
31
43
31
31
31
31
31
31
31
31
31
31
31
31
31
39
39
39
39
39
39
39
39
39
39
39
39
31
39
39
7
7
7
7
7
7
7
7
7
7
7
7
7
7
7
7
7
7
7
7
25
25
25
25
25
25
25
7
7
7
7
7
7
7
25
25
7
7
7
25
25
25
25
25
25
25
25
25
25
25
2
25
25
25
25
2
2
2
2
2
2
2
2
2
2
2
2
2
2
2
2
2
2
2
2
2
2
2
2
2
2
2
2
2
28
28
28
28
28
28
28
28
28
28
28
28
28
28
28
28
28
28
28
15
28
28
28
28
28
15
28
15
15
15
28
22
22
22
22
22
22
22
22
22
22
38
22
22
22
38
22
22
22
38
38
38
22
38
38
38
22
38
38
38
22
38
38
38
38
38
38
38
38
38
38
38
38
38
38
38
38
38
35
35
35
35
35
35
35
35
35
35
35
35
7
35
35
35
35
35
35
35
35
35
35
35
35
35
35
35
35
35
35
35
35
24
35
35
24
24
35
35
35
35
35
35
35
35
35
12
12
34
12
12
34
34
12
12
34
34
34
34
34
34
34
34
42
42
34
34
34
34
34
34
42
42
42
42
42
42
42
42
42
42
42
42
42
42
42
42
42
42
42
42
42
42
42
42
42
42
42
42
42
42
42
42
27
30
30
30
30
30
30
30
30
30
30
30
30
30
30
30
30
30
30
30
30
30
30
30
30
30
30
30
30
30
30
30
24
24
24
24
30
30
24
24
24
24
24
24
24
24
24
24
24
18
18
18
18
18
18
18
18
18
18
18
18
18
18
18
18
18
18
18
18
