0
0
0
0
0
1
0
1
0
1
1
0
0
0
0
0
0
0
0
0
0
0
0
0
0
0
0
0
0
0
0
0
0
0
0
0
0
0
0
0
0
0
0
0
0
0
0
0
0
0
0
0
0
0
0
0
0
0
0
0
0
0
0
0
0
0
0
0
0
0
0
0
0
0
10
10
8
8
8
8
8
8
8
0
8
0
0
10
8
6
9
9
9
0
10
10
0
14
0
9
14
9
3
1
3
14
9
9
9
9
9
9
9
9
9
9
9
9
9
9
9
9
9
9
9
19
14
9
9
4
4
19
4
4
4
4
4
4
4
4
4
4
4
4
4
4
4
4
4
4
4
4
4
4
4
4
4
4
4
4
4
4
4
4
4
4
4
4
4
4
4
4
11
4
4
4
11
4
11
11
11
4
11
4
11
11
11
11
11
11
11
11
11
1
1
1
24
11
18
1
1
1
1
1
1
1
1
1
1
32
32
32
32
3
3
3
3
32
3
3
3
3
3
3
32
3
3
3
3
3
3
3
3
3
3
3
3
3
3
3
3
3
3
5
3
3
3
3
5
3
5
5
5
5
5
5
5
5
5
5
5
5
24
18
29
29
29
29
24
11
20
13
13
13
18
29
29
1
20
20
1
20
20
20
20
20
20
20
20
20
20
20
20
20
20
20
23
23
23
20
23
23
23
20
23
23
23
23
23
23
23
23
23
23
23
23
16
16
16
23
16
16
16
23
16
16
16
16
13
13
13
13
13
16
13
13
13
16
13
13
13
13
13
16
16
18
13
24
24
24
24
24
24
18
13
13
18
18
24
24
24
13
13
18
18
23
26
24
16
18
26
24
24
18
26
24
24
18
26
24
26
24
26
24
26
26
26
26
26
26
26
24
26
26
26
18
26
26
26
24
13
13
13
18
13
13
24
24
24
24
24
17
24
24
36
36
36
36
36
36
36
36
36
36
36
36
36
36
36
36
36
36
36
36
36
41
41
41
41
41
41
41
41
41
23
18
18
24
41
41
43
43
43
43
43
43
43
43
43
43
43
43
43
43
43
43
43
43
31
43
43
43
31
31
43
31
31
31
31
31
31
31
31
39
39
39
39
39
39
39
39
39
39
39
39
39
39
39
39
39
31
43
31
31
31
31
31
31
31
31
31
31
39
39
39
39
39
31
31
31
31
31
18
37
18
18
7
24
24
24
7
7
7
7
7
25
25
25
25
28
28
28
25
25
25
25
25
25
2
2
2
2
2
2
2
2
2
2
2
2
2
2
2
2
2
2
2
2
28
28
28
28
28
28
28
28
28
28
28
28
28
28
28
28
28
28
28
28
28
28
28
28
28
28
28
28
15
15
15
15
15
15
15
22
22
22
22
22
38
22
22
22
22
22
22
22
38
38
38
38
38
22
22
38
38
22
22
38
38
38
38
38
38
38
38
38
38
38
38
38
38
38
38
38
38
38
35
35
35
35
35
35
35
35
35
35
35
35
35
35
35
35
35
35
35
35
35
35
35
35
35
35
12
12
12
12
12
12
12
12
12
12
12
12
34
34
34
34
34
34
34
34
34
34
34
34
34
34
34
35
34
34
34
34
42
42
42
42
42
42
42
42
42
42
42
42
42
42
34
34
34
42
42
34
42
42
34
34
34
35
34
34
34
34
34
34
34
42
42
42
42
42
42
42
42
42
42
42
42
42
42
42
42
42
42
27
42
42
42
42
21
21
21
42
21
21
21
42
42
21
21
27
27
21
27
27
27
27
27
27
21
21
27
21
21
21
21
21
27
27
27
27
27
27
30
30
30
30
30
30
30
30
30
30
30
30
30
30
30
30
30
30
30
30
30
30
30
30
30
30
30
30
24
24
24
24
24
24
24
24
24
24
18
24
24
24
18
24
18
18
18
18
18
18
18
18
18
18
18
18
18
18
18
18
18
18
18
18
18
18
