14
0
0
0
14
14
9
14
14
14
14
1
14
14
14
9
9
14
14
9
14
9
14
9
9
9
9
9
14
14
14
9
9
9
9
9
29
29
29
29
29
14
36
0
29
11
29
29
29
14
14
29
29
4
4
11
4
11
4
4
4
4
4
4
11
11
11
4
4
4
20
20
20
4
4
4
20
4
4
4
23
4
4
4
4
4
4
4
4
4
4
4
4
4
4
4
4
4
4
4
4
4
4
4
4
4
4
4
4
11
4
4
4
11
4
4
11
11
4
4
11
11
4
11
11
11
4
11
11
11
4
11
13
1
1
1
1
1
1
1
1
1
1
1
1
1
1
1
1
1
1
1
1
1
1
1
32
32
32
1
32
32
32
32
3
32
3
3
3
32
32
32
3
3
3
3
3
3
3
3
3
3
3
3
3
3
3
3
3
3
3
3
3
3
3
3
3
3
5
5
3
3
3
5
5
5
5
5
5
5
5
5
5
5
29
5
5
5
7
5
5
10
7
10
10
29
29
29
29
29
29
20
20
20
20
20
20
20
20
20
20
20
23
20
20
20
23
20
2
20
23
23
23
23
23
23
23
23
23
16
16
16
16
16
16
16
16
16
16
16
16
16
16
23
16
16
16
16
16
13
16
16
13
13
16
13
13
13
13
13
13
13
13
13
13
0
13
0
13
6
13
0
6
6
6
6
6
6
6
6
6
6
6
6
6
6
6
6
6
6
26
6
6
26
6
26
26
6
26
26
26
26
26
26
26
26
26
26
26
26
26
26
26
26
26
26
26
26
26
26
26
40
26
26
26
40
40
40
40
40
40
40
40
40
40
40
40
40
40
40
36
36
36
36
36
36
36
36
36
36
36
36
36
36
36
36
36
36
41
41
41
41
41
41
41
41
41
41
41
41
41
41
41
41
41
41
43
43
43
43
43
43
43
43
43
43
43
43
43
43
43
43
43
43
43
43
43
43
43
43
43
43
43
43
43
43
43
31
39
39
39
39
39
39
39
39
39
39
39
39
39
39
39
39
39
39
39
7
7
7
7
7
7
7
7
7
7
7
7
7
7
7
7
7
7
7
7
25
25
25
25
25
25
25
25
25
25
25
25
25
25
25
25
25
25
25
25
25
25
25
2
2
2
2
2
2
2
25
25
25
25
25
25
28
28
28
28
28
28
28
15
28
15
15
28
28
28
28
28
28
28
28
28
28
28
28
28
28
28
15
15
15
15
22
15
15
22
22
22
22
22
22
22
22
22
22
22
22
22
38
22
38
38
22
22
38
22
22
38
38
38
38
22
38
38
38
38
38
38
38
38
38
38
38
38
38
38
38
38
38
35
35
35
35
35
35
35
35
35
35
35
35
35
35
35
35
35
35
12
12
34
12
34
34
34
34
34
34
34
34
34
34
34
34
34
34
42
42
42
42
42
42
42
42
42
42
42
42
42
42
42
42
42
42
42
30
42
42
27
27
27
27
27
27
27
27
27
27
27
27
30
27
27
27
27
27
30
30
27
27
27
30
30
27
27
30
27
27
27
27
30
27
30
27
30
27
27
30
27
30
30
30
30
30
30
30
30
30
30
30
30
30
30
30
30
30
30
30
30
30
30
24
24
24
24
24
24
24
24
24
24
24
24
24
24
24
24
24
24
24
24
24
24
30
24
24
24
24
24
24
24
24
24
24
24
24
24
24
24
24
24
24
24
24
18
18
18
18
18
18
18
18
18
18
18
18
18
18
18
18
18
18
18
18
18
18
18
18
18
18
18
18
18
18
18
18
18
18
18
18
18
18
18
18
18
18
18
18
18
18
18
18
18
18
18
18
18
18
18
18
18
18
18
18
18
18
18
18
18
18
18
18
18
18
18
18
18
18
18
18
18
18
18
18
18
