0
0
0
0
0
0
0
0
0
0
0
0
0
0
0
0
0
0
0
0
0
0
0
0
0
0
0
0
0
0
0
0
0
0
0
0
0
0
0
0
0
0
0
0
0
0
0
0
0
0
0
0
0
0
0
0
0
0
0
0
0
0
0
0
0
0
0
0
0
0
0
0
0
0
0
0
0
0
0
0
0
0
0
0
0
0
0
0
0
0
0
0
0
0
0
0
0
0
0
0
0
0
0
0
0
0
0
0
0
0
0
0
0
0
0
0
0
0
0
0
0
0
0
0
0
0
0
0
0
0
0
0
0
0
0
0
0
0
0
0
0
0
0
0
0
0
0
0
0
0
0
0
0
0
0
14
14
0
0
10
0
0
0
0
0
10
0
10
10
0
0
0
0
0
0
0
0
0
10
14
10
11
10
0
0
11
11
0
0
0
0
11
10
10
0
14
10
10
10
0
0
0
10
0
0
0
0
10
10
14
0
0
0
0
0
0
0
0
10
0
10
0
0
0
29
11
11
0
11
11
11
11
29
29
11
11
11
14
14
14
14
14
0
0
14
14
14
14
20
24
14
0
11
14
19
20
14
16
29
14
14
29
29
20
14
19
20
11
19
29
29
20
19
19
13
9
14
19
19
19
19
19
20
19
4
19
14
14
14
14
14
14
14
19
14
9
9
19
19
19
19
19
19
19
19
19
19
19
19
19
19
19
19
19
19
19
4
4
19
4
4
4
4
4
4
4
4
4
4
4
4
4
4
4
4
4
4
4
4
4
4
4
4
4
4
4
4
4
4
4
4
4
4
4
4
4
4
4
4
4
4
4
4
11
3
11
20
23
1
24
18
24
1
32
3
1
1
1
32
32
32
32
32
32
32
32
32
32
32
32
3
32
32
32
32
32
32
32
3
3
3
3
3
3
3
32
3
3
3
3
3
3
3
3
3
3
3
3
3
3
3
3
3
3
3
3
3
5
5
5
5
5
5
5
5
5
5
5
5
29
24
29
29
29
29
29
29
29
29
29
29
29
29
20
20
20
20
20
20
20
20
20
20
20
20
20
20
20
20
20
20
20
20
20
20
20
20
20
23
20
20
20
23
20
23
23
23
23
23
23
23
23
23
23
23
23
23
23
23
23
23
23
23
23
23
23
23
23
23
23
16
16
16
23
16
13
13
16
13
13
13
18
18
18
18
16
18
18
18
16
18
13
18
18
40
18
18
18
18
18
18
18
18
18
18
26
18
18
18
26
18
18
18
26
18
18
18
26
18
18
18
26
18
18
18
26
18
18
18
26
18
18
18
26
18
18
18
26
18
18
18
26
18
18
40
26
18
40
26
36
36
36
36
36
36
36
36
36
36
36
36
36
36
36
41
41
41
41
41
41
41
41
41
41
41
41
41
41
41
41
41
43
43
43
43
43
43
43
43
43
43
43
43
43
43
43
43
43
43
43
31
31
31
43
43
43
43
31
31
31
31
31
31
31
31
31
31
31
31
31
43
43
43
43
43
31
31
43
43
43
43
43
31
31
31
31
31
31
31
31
31
31
31
31
31
39
31
31
31
31
31
31
31
7
7
7
7
7
7
7
7
7
7
7
25
37
18
37
25
25
25
25
25
25
25
25
25
25
25
25
2
2
2
2
2
2
2
2
2
2
2
2
2
2
2
2
2
2
2
2
2
28
28
28
28
28
28
28
28
28
28
28
28
28
28
28
28
28
28
28
28
28
15
15
28
28
28
28
28
28
15
15
28
15
15
15
15
15
15
15
15
22
22
22
22
22
22
22
22
15
22
22
22
22
22
22
38
38
38
38
38
38
38
38
22
22
38
38
38
38
38
38
38
38
38
38
38
38
38
38
38
38
35
35
35
35
35
35
35
35
35
25
28
35
35
35
12
35
34
35
12
12
12
12
12
12
12
12
12
34
34
34
34
34
34
34
34
34
42
34
34
34
34
34
42
42
42
42
42
42
42
34
42
42
42
42
42
42
42
42
42
42
42
42
42
42
42
42
42
42
42
42
42
42
42
42
42
42
42
42
42
27
27
27
42
27
27
21
27
27
27
27
27
27
27
27
21
27
27
27
27
30
27
27
27
27
30
30
30
30
30
30
30
30
30
30
30
30
30
30
30
30
30
30
30
30
30
30
30
30
30
30
30
30
24
24
24
24
30
30
30
30
30
24
24
24
24
24
24
24
24
24
24
18
18
18
18
18
18
18
18
18
18
18
18
18
18
18
18
18
18
18
