8
8
8
8
9
8
9
9
9
9
9
9
14
14
9
9
14
14
14
14
14
14
14
14
14
14
19
19
19
19
19
4
19
4
4
4
4
4
4
4
4
4
4
4
4
4
4
4
4
4
4
4
4
4
4
4
4
4
4
4
4
4
4
4
4
4
4
4
4
4
4
4
1
11
3
3
1
1
1
1
1
1
1
1
1
1
1
1
3
1
1
1
1
1
1
1
3
3
3
3
3
3
3
3
3
3
1
3
3
3
3
3
3
3
3
3
3
3
3
3
3
3
3
3
3
3
5
5
5
3
3
3
3
5
5
5
5
5
5
5
5
5
5
5
5
29
29
29
5
11
29
29
29
29
29
29
1
29
29
10
20
20
20
20
20
20
20
20
20
20
20
20
20
20
20
20
20
20
23
23
23
23
23
23
20
23
23
23
23
23
23
23
23
23
23
16
23
16
16
16
16
13
16
13
16
13
16
13
13
13
16
13
13
13
16
13
13
13
13
13
13
13
13
13
13
13
13
13
13
13
13
13
13
23
13
13
13
13
13
13
13
13
13
16
0
13
13
13
13
13
13
13
13
13
13
18
18
13
13
18
13
13
13
13
13
0
0
13
0
0
6
17
0
6
6
23
6
26
6
17
17
17
6
26
17
26
26
26
26
26
26
26
26
26
26
26
26
26
26
26
6
26
6
6
26
0
26
26
26
26
6
17
6
0
0
13
40
0
0
26
40
26
6
26
26
26
26
26
26
26
26
26
26
26
26
26
26
26
26
26
26
26
26
26
26
26
26
26
26
26
26
26
26
26
26
26
40
40
26
40
40
40
40
40
40
40
40
40
40
40
36
36
36
36
36
36
36
36
36
36
36
36
36
36
36
36
36
36
36
36
36
41
41
41
41
41
41
41
41
41
41
41
41
41
7
7
41
41
43
43
43
43
43
43
43
43
43
43
43
43
43
43
43
43
43
43
43
43
43
43
43
43
43
43
43
43
31
31
31
31
31
31
31
31
39
39
39
39
39
39
39
39
39
39
39
39
39
39
39
39
39
39
39
39
39
7
7
7
7
7
7
7
7
7
7
7
7
7
7
25
25
25
25
25
25
25
25
25
25
25
25
2
2
2
2
2
2
2
2
2
2
2
2
2
2
2
2
2
2
2
2
2
2
28
28
28
28
28
28
28
28
28
28
28
28
28
28
28
28
28
28
28
28
28
28
28
28
28
28
28
28
28
28
28
28
28
15
15
15
15
22
15
15
22
22
22
22
22
22
22
22
22
22
22
22
22
22
22
22
22
38
22
22
22
38
22
22
22
38
38
22
22
38
38
38
38
38
38
38
38
38
35
35
35
35
35
35
35
35
35
35
35
35
35
35
35
35
35
35
12
12
12
12
12
12
12
12
12
12
12
12
12
12
12
34
34
34
34
34
34
34
34
34
42
34
34
34
34
42
34
34
34
34
42
42
42
42
34
34
42
34
42
42
42
42
42
42
42
42
42
42
42
42
42
42
42
42
42
42
42
30
30
30
30
30
30
30
30
30
30
30
30
30
30
30
30
30
30
30
30
30
30
30
30
30
30
30
30
30
30
30
24
24
24
24
24
24
24
24
24
24
24
24
24
24
18
24
18
18
18
18
18
18
18
18
18
18
18
18
18
18
18
18
18
18
18
18
18
18
18
