0
0
0
0
8
0
0
0
0
0
0
9
0
0
0
0
0
0
0
9
8
8
0
10
8
0
10
10
10
10
0
0
0
0
0
0
0
0
0
9
14
9
14
9
9
9
14
9
9
14
19
14
14
14
4
4
4
4
4
4
4
4
4
4
4
4
4
4
4
4
4
4
4
4
4
4
4
4
4
4
4
4
4
4
4
4
4
4
4
4
4
4
4
4
4
4
4
4
4
4
4
4
4
4
4
4
4
4
4
4
4
4
4
4
11
3
1
3
11
11
1
1
1
1
1
3
3
3
1
1
3
1
1
3
3
1
3
3
3
3
3
3
3
3
3
3
3
3
3
3
3
3
3
3
3
3
3
3
3
3
3
3
5
3
3
5
5
5
3
3
5
5
5
5
5
5
5
5
5
5
5
5
5
0
0
0
29
29
29
0
10
29
29
29
29
20
20
20
20
20
20
20
20
20
20
20
20
20
23
23
23
20
20
23
23
23
23
23
23
23
23
23
23
23
23
23
23
23
23
23
23
23
23
23
23
23
23
16
16
23
16
16
16
16
16
16
16
16
16
16
16
16
16
16
16
16
13
13
13
13
13
13
13
13
13
13
13
13
0
0
0
0
0
0
0
0
0
0
0
0
0
0
0
0
0
0
0
6
0
6
17
6
6
6
13
6
6
6
6
26
6
26
6
6
26
6
6
26
26
26
26
26
26
26
26
26
26
26
26
26
26
26
26
26
26
26
26
26
26
26
40
40
40
40
40
40
0
36
36
36
36
36
36
36
36
36
36
36
36
36
36
36
36
36
36
36
36
36
36
36
41
41
41
41
41
41
41
41
41
41
41
41
41
41
41
41
43
43
43
43
43
43
43
43
43
43
43
43
43
43
43
43
43
43
43
43
43
43
43
43
43
43
43
43
43
31
31
43
31
43
43
31
31
31
39
39
39
39
39
39
39
39
39
39
39
39
39
39
39
39
39
39
39
39
29
43
7
7
7
7
7
7
7
7
7
7
7
7
7
7
7
7
7
7
7
7
7
7
25
25
25
25
25
25
25
25
25
2
25
2
2
2
25
2
2
2
2
2
2
2
2
2
2
2
2
2
2
2
2
2
2
2
28
28
28
28
28
28
28
28
28
28
28
28
28
28
28
28
28
28
28
28
28
28
28
28
28
28
28
28
28
28
28
28
28
28
15
28
28
22
15
15
28
15
22
15
15
15
22
15
15
22
22
22
22
22
15
15
38
38
38
38
38
38
38
38
38
38
38
35
38
38
38
38
38
38
38
38
38
38
38
38
38
38
38
38
38
38
38
38
38
38
38
38
38
38
24
24
29
35
35
24
24
35
35
35
35
15
28
29
29
29
29
35
24
35
29
29
29
24
24
24
34
34
34
24
24
24
24
24
24
24
34
24
24
24
24
24
24
42
34
42
42
34
27
27
27
27
27
27
27
27
27
27
42
27
27
27
21
27
27
42
42
42
34
42
42
42
42
42
42
42
42
42
42
42
42
42
42
42
42
24
30
30
30
42
30
24
24
24
24
24
24
24
24
24
30
30
30
24
30
30
30
30
30
30
30
30
30
30
24
24
24
24
24
30
24
24
30
30
30
30
30
24
24
24
24
24
24
24
24
24
24
18
18
18
18
18
18
18
18
18
18
18
18
18
18
18
18
18
18
18
