8
8
9
8
8
8
8
9
8
8
8
8
8
8
9
9
9
9
9
9
9
9
9
14
14
14
14
1
14
29
14
14
4
4
14
4
11
18
20
3
3
3
4
1
3
4
4
4
3
4
10
4
20
4
4
4
20
4
4
19
19
19
4
4
4
4
4
4
4
4
4
4
4
4
4
4
4
4
4
4
4
4
4
4
4
4
4
4
4
4
4
4
4
4
4
4
4
4
4
4
4
4
4
11
4
4
4
11
11
4
4
4
4
4
4
4
11
11
4
11
1
11
11
11
1
1
1
1
1
1
1
1
5
1
1
1
3
1
3
3
3
3
3
3
3
3
3
3
3
3
3
3
3
3
3
3
3
3
3
3
3
3
3
3
3
3
3
5
5
5
5
5
5
5
5
5
5
5
5
5
5
5
5
5
5
5
5
5
5
5
5
5
3
1
29
29
29
13
3
3
3
3
3
1
3
20
13
29
20
20
20
29
20
29
20
20
20
20
20
20
20
20
20
23
20
20
23
23
20
20
23
23
23
23
23
23
20
23
23
23
23
23
23
16
18
18
16
18
16
18
18
13
18
18
16
13
18
18
16
13
13
16
18
13
18
18
18
13
13
13
13
13
18
18
13
13
13
13
13
13
0
0
0
0
0
6
6
6
6
6
6
6
6
6
6
6
6
6
6
6
0
6
6
26
6
6
6
6
6
6
6
6
26
6
6
26
26
26
26
26
26
26
26
26
6
26
26
26
26
26
26
26
26
26
26
40
40
26
26
40
40
40
40
40
40
40
40
40
40
40
40
36
36
36
36
36
36
36
36
36
36
36
36
36
36
36
36
36
36
36
36
41
41
41
41
36
36
36
41
41
41
41
41
41
41
41
43
43
43
43
43
43
43
43
43
43
43
43
31
43
43
43
43
31
31
31
43
39
39
39
39
39
31
31
31
31
31
31
31
31
31
31
31
31
31
39
39
39
39
39
39
39
39
39
39
39
39
39
39
39
39
39
39
7
7
7
7
7
7
7
7
7
7
7
7
7
7
7
7
7
7
25
25
25
25
25
25
25
25
28
2
2
2
2
2
2
2
2
2
2
2
2
2
2
2
2
2
2
2
2
2
25
25
25
28
28
28
28
28
28
28
28
28
28
28
28
28
28
28
28
28
15
28
28
28
15
15
28
15
15
15
15
15
15
15
28
15
15
15
28
15
28
15
22
15
15
15
22
22
15
22
22
38
15
22
22
22
22
38
22
22
15
22
38
38
22
38
38
38
38
38
38
38
38
38
38
38
38
35
35
35
35
5
35
35
35
35
25
25
35
35
35
35
35
35
12
12
12
12
34
34
34
34
34
12
12
34
34
34
34
34
34
34
34
42
42
34
34
42
42
42
42
42
42
42
42
42
42
42
24
42
42
42
30
42
37
42
39
37
37
37
37
37
37
37
42
37
18
37
37
37
37
37
37
37
37
37
37
18
37
18
30
30
24
24
30
24
24
30
30
30
30
30
30
30
30
30
30
30
30
30
30
30
30
30
30
30
30
30
30
30
30
30
30
30
30
30
30
30
30
30
30
30
30
30
30
30
30
30
30
30
30
24
24
24
24
24
24
24
24
24
24
24
24
18
18
18
18
18
18
18
18
18
18
18
18
18
18
18
18
18
18
18
18
18
18
18
18
18
18
