4
4
4
14
18
0
0
18
4
18
18
18
5
4
4
4
18
4
4
18
5
4
4
18
5
4
3
18
5
4
4
18
5
4
4
4
5
4
4
4
4
4
4
18
5
4
4
4
4
4
4
4
4
4
4
4
4
4
4
4
4
4
4
4
4
4
4
4
4
4
4
4
4
11
11
11
5
11
5
5
5
5
1
5
5
11
11
1
1
1
20
20
1
1
1
1
1
1
1
1
1
1
1
1
1
1
1
1
1
1
1
1
1
1
1
1
1
1
1
1
1
1
3
3
3
3
3
3
3
3
3
1
3
3
3
3
3
3
3
3
3
3
3
3
3
3
3
3
3
3
3
5
3
5
5
5
3
13
20
0
1
0
20
0
0
8
16
16
23
23
20
20
20
23
23
20
20
20
20
16
13
16
20
16
13
16
20
20
16
16
20
20
20
13
20
23
20
16
16
23
16
23
23
16
16
16
16
16
16
16
16
23
16
16
16
16
16
16
13
13
13
13
13
13
13
13
13
13
13
13
0
0
0
0
0
0
0
13
0
13
16
0
0
0
0
6
0
0
0
6
6
6
0
26
6
6
6
26
6
6
6
26
6
6
6
26
26
26
26
26
26
26
26
26
26
26
26
26
26
26
26
40
26
26
26
40
40
40
40
40
40
40
40
40
40
40
40
40
40
40
40
36
40
40
40
36
40
40
40
40
40
16
40
40
40
36
36
36
36
36
36
36
36
36
36
36
36
36
36
36
41
41
41
41
41
41
41
41
41
41
41
41
41
41
41
41
41
41
41
41
43
43
43
43
43
43
43
43
43
43
43
43
43
43
43
31
31
31
31
31
43
31
31
31
31
31
31
31
31
31
31
39
39
39
39
39
39
39
39
39
39
39
39
39
39
39
39
39
31
31
31
7
7
7
7
7
7
7
7
7
7
7
7
25
25
25
25
25
25
25
25
25
25
25
25
25
25
25
25
25
25
25
25
25
2
2
2
2
2
2
2
2
2
2
2
2
2
28
28
2
2
28
2
28
28
28
28
28
28
28
28
28
28
28
28
28
28
28
28
28
28
28
28
28
28
28
28
28
15
15
15
15
22
15
15
15
22
15
15
15
22
15
15
15
22
15
22
15
22
22
22
22
22
22
22
38
38
22
38
38
38
22
22
38
38
38
38
38
38
38
38
38
38
38
38
38
38
38
38
35
35
35
35
38
35
35
35
35
35
35
35
35
35
35
35
35
35
35
35
35
12
12
12
12
12
12
12
12
12
12
12
12
12
12
12
12
34
34
34
34
34
34
34
42
42
42
42
42
42
42
42
42
42
42
42
42
42
42
42
42
42
42
27
21
42
42
42
21
21
42
21
21
21
21
21
27
27
27
27
27
21
27
27
27
42
27
27
42
42
42
21
21
21
21
21
27
21
27
27
27
21
21
27
27
27
27
27
42
27
42
21
27
21
27
27
27
21
30
27
27
21
30
27
27
27
30
27
30
30
30
30
30
30
30
30
30
30
30
30
30
30
30
30
30
30
30
30
30
30
30
30
30
30
30
24
24
24
24
24
24
24
24
24
24
24
18
18
24
18
18
18
18
18
18
18
18
18
18
18
18
18
18
18
18
18
18
18
18
18
18
18
18
18
