0
0
0
0
0
0
0
0
0
0
0
0
0
0
0
0
0
0
0
0
0
0
0
0
0
0
0
0
0
0
0
0
0
0
0
0
0
0
0
0
0
0
0
0
0
0
0
0
0
0
0
0
0
0
0
0
0
0
0
0
0
0
0
0
0
0
0
0
0
0
0
0
0
0
0
0
0
0
0
0
0
0
0
0
0
0
0
0
0
0
0
0
0
0
0
0
0
0
0
0
0
0
0
0
0
0
0
0
0
0
0
0
0
0
0
0
0
0
0
0
0
0
0
0
0
0
0
0
0
0
0
0
0
0
0
0
0
0
0
0
0
0
0
0
0
0
0
0
0
0
0
14
14
14
14
14
14
0
14
14
14
14
14
14
14
14
0
10
14
9
14
14
14
14
17
14
14
14
14
9
14
9
9
14
14
14
14
9
17
8
24
24
17
14
24
14
20
14
16
0
14
20
14
14
9
14
14
9
9
14
14
9
9
9
14
14
14
14
28
28
14
9
7
2
3
7
7
7
3
7
7
7
7
3
3
3
3
3
3
3
3
3
3
4
3
4
4
4
4
4
4
4
4
19
4
4
4
19
4
4
4
4
4
4
4
4
4
4
4
4
4
4
4
4
4
4
4
4
11
4
4
4
11
4
4
4
11
11
11
4
11
11
11
4
11
11
11
11
11
11
11
11
11
29
29
29
1
1
1
32
32
32
3
3
3
32
32
32
3
3
3
32
3
32
3
32
3
3
3
3
3
3
3
3
3
3
3
3
3
3
3
3
3
3
3
3
3
3
3
3
3
3
3
3
3
5
5
3
5
5
5
5
5
5
5
5
5
18
18
5
5
12
34
5
29
29
29
29
29
29
29
29
20
20
20
20
20
20
20
20
20
20
20
20
23
23
20
23
23
23
23
23
23
23
23
23
23
23
23
23
23
23
23
23
23
16
23
23
23
16
16
16
23
16
23
16
23
16
23
23
16
16
16
16
16
16
16
16
16
16
16
16
16
13
13
13
13
16
20
26
6
26
13
13
13
13
13
13
13
6
0
6
13
6
6
6
6
26
26
6
13
6
26
26
26
26
26
26
26
26
26
26
26
26
26
26
26
26
26
26
26
26
26
26
26
26
26
26
26
26
26
26
26
26
26
26
26
26
26
26
26
26
26
40
40
40
40
40
40
36
36
36
36
36
36
36
36
36
36
36
36
36
36
36
36
36
36
36
36
36
36
36
36
36
36
36
36
36
36
36
36
41
41
41
41
41
41
41
41
40
41
40
40
41
41
18
7
7
31
41
43
43
43
43
43
43
43
43
43
43
43
43
43
43
43
43
43
43
43
43
43
31
31
31
31
43
43
43
31
31
31
43
31
43
43
43
31
39
31
31
43
31
39
39
39
39
39
39
39
39
39
39
39
39
39
39
39
39
39
39
39
39
39
39
39
39
39
39
39
39
39
39
39
39
39
39
37
7
7
7
7
37
33
37
7
7
7
7
25
7
7
7
7
7
7
7
7
7
7
25
25
25
25
25
25
25
25
25
25
25
2
2
25
25
25
25
2
25
25
2
2
2
2
2
2
2
2
2
2
2
2
2
28
28
28
28
28
28
28
28
28
28
28
28
28
28
28
28
28
28
28
28
28
28
28
28
28
28
28
28
28
28
28
28
15
15
22
15
15
22
22
15
22
15
22
22
22
22
22
22
22
22
22
22
22
22
22
22
22
38
22
38
38
38
22
38
38
38
38
38
38
38
38
38
38
38
38
38
38
38
38
38
35
35
35
35
35
35
35
35
35
35
35
35
35
35
35
34
34
34
34
12
12
12
34
34
34
34
34
34
34
12
34
34
34
34
42
34
34
34
34
42
42
42
42
42
42
42
42
42
42
42
42
42
42
42
42
42
42
42
42
42
42
42
27
27
42
27
42
42
42
42
42
42
42
27
27
27
27
27
27
27
27
27
27
27
27
27
42
42
42
42
42
27
42
27
42
27
27
42
27
27
27
30
27
30
30
30
30
30
30
30
30
30
30
30
30
30
30
30
30
30
30
30
30
30
30
30
30
30
30
30
30
30
30
30
24
24
24
24
24
24
24
24
24
24
24
24
24
24
18
24
18
18
18
18
18
18
18
18
18
18
18
18
18
18
18
18
18
18
18
18
18
18
