0
0
10
0
14
14
14
14
14
14
4
4
14
4
11
4
18
4
4
4
4
4
4
4
4
19
4
4
4
19
4
4
4
4
4
4
4
4
4
4
4
4
4
4
4
4
4
4
4
4
4
4
4
4
4
4
4
4
4
4
4
4
4
4
4
4
4
4
4
4
4
4
4
4
0
11
11
11
11
11
0
1
1
1
18
1
1
1
1
1
3
1
1
1
3
3
1
1
32
3
3
3
3
3
3
3
3
3
3
3
3
3
3
3
3
3
3
3
3
3
3
3
3
3
3
3
3
3
3
3
3
5
3
5
5
5
5
5
5
5
5
5
5
5
5
5
5
5
5
5
5
5
29
29
29
29
29
29
13
13
5
4
19
19
20
18
29
20
20
20
20
20
20
20
20
20
20
23
20
20
20
23
20
23
20
20
20
20
20
20
23
20
20
20
23
23
23
23
23
23
23
23
23
23
23
23
23
23
23
23
23
23
23
23
23
23
23
23
16
23
23
23
23
16
16
16
16
13
13
13
13
13
13
13
13
13
13
13
13
13
13
13
13
13
13
13
13
13
13
13
13
13
13
13
13
13
13
13
13
13
13
13
13
13
13
6
13
6
13
6
6
13
13
13
13
13
13
13
13
6
13
13
6
26
6
26
6
26
6
6
6
26
26
26
13
26
26
26
26
40
6
26
26
26
40
36
36
36
36
36
36
36
36
36
36
36
36
36
36
36
36
36
36
36
41
41
41
41
41
41
41
41
20
20
23
20
41
41
41
43
43
43
43
43
43
43
43
43
43
43
43
43
43
43
43
43
43
43
43
43
39
39
39
39
31
31
31
31
31
31
31
31
31
31
31
31
31
31
31
31
39
39
39
39
39
39
39
39
39
39
39
39
39
39
39
39
39
39
39
39
39
39
43
43
43
43
43
43
43
43
43
43
43
43
43
39
39
39
43
43
43
43
43
43
39
18
18
18
20
23
7
7
7
7
7
7
7
7
25
25
25
25
25
25
25
25
25
2
2
25
25
2
2
2
2
2
2
2
2
2
2
2
2
2
2
2
2
2
28
28
28
28
28
28
28
28
28
28
28
28
28
28
28
28
28
28
28
28
28
28
28
28
28
28
28
28
28
28
28
28
28
15
15
22
22
22
22
22
15
22
15
22
15
22
22
22
22
22
22
22
22
22
22
22
22
22
22
22
22
22
22
38
22
38
38
38
38
38
38
38
38
38
38
38
38
38
38
38
38
35
35
35
35
35
35
35
35
35
35
35
35
35
35
35
35
35
35
34
12
12
12
12
12
12
12
12
12
12
12
12
12
12
12
12
34
34
34
12
34
34
34
34
34
34
34
34
34
34
34
34
34
34
34
34
42
42
42
42
42
42
42
42
42
42
21
27
27
27
21
21
27
21
21
21
27
27
21
21
21
21
21
21
27
27
27
21
27
27
27
27
21
27
27
21
27
21
21
21
21
21
27
21
27
30
30
27
27
30
30
30
30
30
30
30
30
30
30
30
30
30
30
30
30
30
30
30
30
30
30
30
30
30
30
30
30
30
30
30
24
24
24
24
24
24
24
24
24
24
24
24
24
24
24
24
24
18
18
18
18
18
18
18
37
37
37
18
37
18
18
18
18
18
18
37
18
