0
0
9
9
9
9
9
9
9
9
9
9
9
9
9
9
9
9
9
9
9
14
14
14
14
19
19
19
4
4
19
4
4
4
4
4
4
4
4
4
19
19
4
4
4
4
4
4
4
4
4
18
4
4
4
4
4
4
4
4
23
4
4
4
4
4
4
18
4
4
4
18
4
4
4
4
4
4
4
4
4
4
4
4
11
4
4
11
4
4
4
11
11
4
11
0
11
1
11
1
1
1
1
1
1
1
1
1
1
1
1
3
1
3
3
3
3
3
3
3
3
3
3
3
3
3
3
32
3
3
3
3
3
3
3
3
3
3
3
3
3
3
3
3
3
3
3
3
3
5
3
3
5
5
5
5
5
5
5
5
5
5
5
5
5
5
5
5
5
5
5
29
29
29
29
29
29
29
29
1
29
29
29
29
29
29
29
20
20
20
20
20
20
20
20
20
20
20
20
20
23
23
20
20
23
23
23
23
23
23
23
23
23
23
23
23
23
16
16
23
16
16
16
16
16
16
16
16
16
16
16
23
16
13
16
23
13
13
13
16
13
13
13
13
13
13
13
13
13
13
13
13
13
13
0
13
0
0
0
0
6
6
0
0
0
0
0
0
6
6
0
0
0
0
0
0
6
0
6
6
26
6
6
6
26
6
6
6
26
26
26
26
26
26
26
26
26
26
26
26
26
26
26
26
26
26
26
26
26
26
26
26
26
40
26
40
40
40
40
40
40
40
40
36
36
36
36
36
36
36
36
36
36
36
36
36
36
36
36
36
36
36
41
41
41
41
41
41
41
41
41
41
41
41
41
41
41
41
7
7
7
43
43
43
43
43
43
43
43
43
43
43
43
43
43
31
43
31
31
43
43
31
31
31
31
31
31
31
31
31
31
31
31
31
31
31
31
39
39
39
39
39
39
39
39
39
39
39
39
39
39
39
39
39
31
7
9
7
7
7
7
7
7
7
7
25
25
25
25
25
25
25
25
25
25
25
2
25
25
25
2
2
2
2
25
25
25
2
2
2
2
2
2
2
2
28
28
28
28
28
28
28
28
28
28
28
28
28
28
28
28
28
28
28
28
28
28
28
28
28
28
28
28
28
28
28
28
28
28
28
28
28
28
28
28
22
22
22
22
22
22
22
22
22
22
22
22
22
22
22
22
22
22
22
22
22
22
22
22
22
22
22
22
22
22
22
22
22
38
38
38
38
38
38
38
38
35
35
35
35
35
35
35
35
35
35
35
35
38
35
35
24
35
35
34
34
35
12
34
34
12
12
12
12
12
12
34
34
12
12
12
12
34
12
12
34
34
34
34
34
34
34
34
34
34
34
34
34
42
42
42
42
42
42
42
42
42
42
42
42
42
42
42
42
21
27
42
21
27
27
27
27
27
27
27
21
21
21
27
27
27
30
27
21
27
27
18
30
21
27
27
42
27
42
21
21
27
27
27
27
27
27
27
27
21
27
27
30
27
30
30
30
30
30
30
30
30
30
30
30
30
30
30
30
30
30
30
30
30
30
30
30
30
30
30
30
24
24
24
24
24
24
24
24
24
24
24
24
24
24
24
24
24
24
18
18
18
18
18
18
18
18
18
18
18
18
18
18
18
18
18
18
18
37
18
