10
8
10
10
10
10
8
8
4
1
8
8
8
8
8
8
9
41
41
19
9
20
9
9
9
9
9
9
9
9
9
9
9
8
9
9
9
9
9
9
9
9
9
19
14
9
4
4
4
4
4
4
4
4
4
4
4
4
4
4
4
4
4
4
4
4
4
4
4
4
4
4
4
4
4
4
5
4
4
4
4
4
4
4
4
5
4
4
5
18
4
4
5
6
11
4
11
3
11
11
11
11
11
11
11
11
1
1
1
1
1
1
1
1
3
1
1
3
3
1
1
3
3
32
1
3
3
1
1
3
3
1
1
3
3
32
3
32
3
3
3
3
3
3
3
3
3
3
3
3
3
3
3
3
3
3
3
3
3
3
3
3
5
3
5
3
3
5
3
5
5
5
5
5
5
5
5
5
5
5
5
29
29
5
29
5
29
29
29
29
29
20
29
29
29
29
29
29
20
20
20
20
20
20
20
20
20
20
20
20
20
20
23
23
23
20
23
23
23
23
23
23
23
23
23
23
23
23
23
23
16
23
23
23
16
23
16
23
23
23
16
16
16
13
16
16
16
13
13
16
13
16
16
16
13
13
13
16
13
13
13
13
13
0
13
0
0
0
0
6
6
6
6
6
0
0
6
6
6
6
6
6
6
6
6
6
6
6
6
26
26
6
6
26
26
26
26
26
26
26
26
26
26
26
26
26
26
26
26
26
26
26
26
26
26
26
26
26
26
26
26
26
26
26
26
26
40
40
40
40
40
40
6
26
6
6
0
40
26
6
36
36
41
36
36
36
36
36
36
36
36
36
36
36
36
41
41
41
41
41
41
41
41
41
41
41
13
13
41
41
41
43
43
43
43
43
43
43
43
43
43
43
43
43
43
43
43
43
43
43
43
43
43
43
43
43
43
43
43
31
31
43
43
43
31
31
31
43
43
31
31
39
39
39
39
39
39
39
39
39
39
39
39
39
39
39
31
31
39
7
7
7
7
7
7
7
7
7
7
7
7
7
7
7
7
7
7
7
25
25
25
25
25
25
25
25
25
25
25
25
25
25
25
25
25
25
25
25
2
2
2
2
2
2
2
2
2
28
28
28
28
28
28
28
28
28
28
28
28
28
28
28
28
28
28
28
28
28
28
28
28
28
28
28
28
28
28
28
28
15
28
15
15
15
15
15
22
22
22
22
22
22
15
15
22
22
22
22
22
22
22
22
22
22
22
22
22
22
22
22
22
22
22
22
22
22
38
38
38
38
38
38
38
38
35
35
35
38
35
35
35
35
35
35
35
25
35
35
35
35
35
35
35
35
35
35
12
12
12
12
12
12
35
12
12
12
12
12
12
12
12
12
12
35
34
34
34
34
34
42
42
42
42
42
42
42
42
42
42
42
42
42
42
42
42
42
42
42
27
27
42
27
27
27
27
27
30
27
30
27
27
27
27
27
27
30
30
30
27
27
27
27
30
30
27
27
30
30
30
27
30
27
27
27
27
30
27
30
30
27
30
30
30
30
30
30
30
30
30
30
30
30
30
30
30
30
30
30
30
30
30
30
30
30
30
30
30
30
30
30
24
24
24
24
24
24
24
24
24
24
24
24
24
24
24
24
24
24
24
18
18
18
18
18
18
18
18
18
18
18
18
18
18
18
18
18
18
18
18
