8
8
8
9
9
9
9
9
10
8
9
8
8
9
8
9
9
8
8
14
8
8
8
8
8
9
9
9
9
9
9
8
9
9
9
9
9
8
9
14
9
9
9
9
8
9
9
9
9
9
8
9
9
9
9
9
9
9
9
9
9
9
9
9
9
9
9
9
9
14
19
14
14
14
14
19
14
14
19
4
14
11
11
4
11
11
11
4
11
11
11
4
4
4
11
4
4
4
4
4
4
4
4
4
4
4
4
4
4
4
4
4
4
4
4
4
4
4
4
4
4
4
4
4
4
4
4
4
4
4
4
4
4
4
4
4
4
4
11
4
4
4
11
11
11
11
11
11
1
1
11
1
1
1
1
1
1
1
1
1
1
1
1
1
1
1
1
1
1
32
1
3
32
32
32
3
32
3
3
3
3
3
3
3
3
3
3
3
3
3
3
3
3
3
3
3
3
3
3
5
5
5
3
3
5
5
5
5
5
5
5
5
5
5
5
5
5
5
5
5
5
5
5
5
29
5
29
29
29
29
29
29
3
20
29
29
29
29
29
29
29
29
29
29
20
20
20
20
20
20
20
20
20
23
20
20
20
23
20
20
20
23
23
23
23
23
23
23
23
23
23
23
23
23
23
23
23
23
23
23
23
23
16
23
23
23
16
16
16
23
16
16
16
16
16
16
16
16
16
16
16
16
16
16
13
13
13
13
13
13
0
13
6
13
40
0
0
0
13
0
0
0
6
6
6
0
13
6
6
6
6
6
6
6
6
6
6
6
6
6
6
6
6
6
6
6
6
6
6
26
6
6
26
26
26
26
26
26
26
26
26
26
26
26
26
26
26
26
40
26
26
40
40
40
40
40
40
36
40
40
36
36
36
36
36
36
36
36
36
36
36
36
36
36
36
36
41
41
36
41
41
41
41
41
41
41
41
41
41
41
41
41
41
41
43
43
43
43
43
43
43
43
43
43
43
43
43
43
43
43
43
43
43
43
43
43
31
31
39
31
39
39
39
31
31
31
39
31
31
31
31
31
31
31
39
39
39
39
39
39
39
39
39
39
39
39
39
39
39
39
39
39
39
41
41
41
7
7
7
7
7
7
7
7
7
7
7
25
7
25
25
25
25
25
25
25
25
25
2
2
2
25
25
25
25
25
25
25
25
25
2
2
2
2
2
2
2
2
2
2
2
2
2
2
2
2
2
2
2
2
28
28
28
28
28
28
28
28
28
28
28
28
28
29
28
28
28
28
28
24
28
28
28
15
28
28
28
38
22
22
22
38
22
22
15
38
22
22
22
38
22
22
22
38
22
38
22
38
22
38
22
38
22
22
22
38
22
38
38
35
38
38
22
35
38
38
38
38
38
38
38
38
38
38
38
35
38
38
38
35
29
29
35
29
35
35
35
35
35
35
35
35
35
35
35
35
35
35
35
35
35
35
12
34
12
12
35
34
34
12
35
35
34
34
34
34
34
34
12
34
34
34
34
42
42
34
42
34
34
34
34
34
34
34
34
34
34
34
34
34
42
34
34
34
34
34
34
34
34
34
34
34
34
34
34
34
42
34
34
42
42
42
34
42
42
34
42
42
42
42
42
42
24
42
42
27
27
27
27
27
27
27
27
27
27
27
27
27
27
27
27
27
27
27
21
27
27
27
27
27
27
27
27
27
27
27
27
27
27
27
27
30
30
30
30
30
30
30
30
30
30
30
30
30
30
30
30
30
30
30
30
30
30
30
30
30
30
30
30
30
30
30
30
30
24
24
24
24
24
24
24
24
24
24
24
24
24
18
24
18
24
18
18
18
18
18
18
18
18
18
18
18
18
18
18
18
18
18
18
18
18
18
