8
8
8
8
8
0
9
9
9
9
9
9
1
9
9
9
9
9
9
14
14
4
29
14
14
14
14
14
4
4
19
19
19
4
4
4
4
4
4
4
4
4
4
4
4
4
4
4
4
4
4
4
4
4
4
4
4
4
4
4
4
4
4
4
4
4
4
4
4
4
4
4
4
4
4
4
4
4
4
4
4
4
4
11
11
1
1
1
3
1
1
1
1
1
1
1
1
1
1
1
1
1
1
1
1
1
1
1
1
1
3
3
3
1
32
32
3
32
1
3
3
3
3
3
3
3
3
3
3
3
3
3
3
3
3
3
3
3
3
3
3
3
3
3
3
3
3
5
5
5
5
5
5
5
5
5
5
5
5
5
29
5
5
5
5
29
29
29
29
29
29
29
29
20
20
20
29
20
20
20
20
20
20
20
20
20
20
23
23
23
23
23
23
23
23
23
23
23
23
16
16
16
23
23
23
16
16
16
16
23
23
16
16
13
16
16
13
13
13
13
13
13
13
13
13
13
13
13
13
13
13
13
13
13
13
13
13
13
13
13
13
13
6
6
6
6
6
6
6
6
6
6
0
6
6
6
6
6
6
6
6
6
6
6
6
6
6
6
6
6
6
6
6
6
6
26
26
6
26
26
26
6
6
26
26
26
26
26
26
26
26
26
26
26
26
26
26
26
26
26
26
26
26
26
26
40
26
26
26
40
36
36
40
26
40
40
36
36
36
36
36
36
36
36
36
36
36
36
36
36
36
36
36
36
36
36
36
41
41
41
41
41
41
41
41
41
41
41
7
41
7
7
43
43
43
43
43
43
43
43
43
43
43
43
43
43
43
43
43
43
43
43
43
39
39
31
31
31
39
31
31
31
31
31
31
31
31
31
31
39
39
39
39
39
39
39
39
39
39
39
39
39
39
39
31
31
31
31
31
31
31
31
31
43
31
39
39
39
39
31
31
31
7
7
7
7
7
7
7
7
7
7
7
7
7
25
25
25
25
15
28
25
25
25
25
25
25
25
2
25
2
2
2
2
2
2
2
2
2
2
2
2
2
2
2
2
2
2
2
2
28
28
28
28
28
28
28
28
28
28
28
28
28
28
28
28
28
28
28
28
28
15
28
28
28
28
28
28
28
28
28
15
15
15
15
15
22
15
15
15
22
22
22
22
22
22
22
22
22
22
22
22
22
22
22
22
22
22
38
22
22
22
38
38
38
38
38
38
38
38
38
38
38
38
38
38
38
38
35
35
35
35
35
35
35
35
35
35
25
25
28
35
35
35
35
35
35
35
12
35
35
35
12
12
35
35
12
12
12
12
35
12
35
35
12
12
12
12
12
34
35
35
34
34
34
12
12
12
34
34
12
34
34
34
12
34
34
34
12
34
34
34
34
42
34
34
42
34
34
34
34
34
42
34
34
42
42
42
42
42
42
42
42
42
42
27
21
27
27
27
27
27
27
21
21
21
21
21
27
21
27
21
27
27
27
27
21
21
42
27
21
21
27
27
27
27
27
21
21
21
27
21
21
21
21
27
27
27
27
27
27
27
27
30
30
30
30
30
30
30
30
30
30
30
30
30
30
30
30
30
30
30
30
30
30
30
30
30
30
24
24
24
24
24
24
24
24
24
24
24
24
24
24
24
24
24
24
24
24
24
24
24
37
24
24
24
37
37
37
37
37
37
37
37
37
37
37
37
37
37
37
37
37
37
37
37
37
37
37
37
37
37
37
37
37
37
37
37
18
37
37
37
33
33
37
33
33
37
37
37
33
37
37
37
33
37
37
37
33
37
37
37
37
37
37
18
33
37
18
18
18
18
18
18
18
18
18
18
18
18
18
18
18
18
18
18
18
18
18
18
18
18
18
18
18
18
18
18
18
18
18
18
18
18
18
