0
0
8
8
10
8
1
1
8
4
4
19
19
19
19
4
4
4
4
4
4
4
4
4
4
4
4
4
4
4
4
4
4
4
4
4
4
4
4
4
4
4
4
4
4
4
4
4
4
4
4
4
4
4
4
4
4
4
4
4
4
4
4
4
4
4
4
4
4
4
4
1
11
11
1
15
1
1
1
1
3
1
1
1
1
1
1
1
1
1
1
1
1
1
1
1
1
3
3
3
3
3
3
3
3
3
3
3
3
3
3
3
3
3
3
3
3
3
3
3
3
3
3
3
3
3
3
3
5
3
5
3
5
5
5
5
5
5
5
5
3
5
5
5
5
5
5
29
29
5
5
29
5
29
29
29
29
29
29
29
29
29
29
1
20
20
20
20
20
20
20
20
20
20
23
23
16
23
23
20
23
23
20
20
23
23
23
23
16
23
16
23
16
23
23
23
23
23
23
23
16
16
16
16
16
16
16
16
16
16
16
16
16
13
16
16
16
13
13
13
13
13
13
13
13
13
13
13
13
13
13
6
13
13
6
6
13
0
6
6
13
6
6
6
26
26
6
26
13
6
6
6
6
6
6
6
6
6
6
6
6
26
26
26
6
6
26
26
6
26
26
26
26
26
26
26
6
26
26
26
26
26
26
26
26
26
26
26
26
26
26
26
40
40
40
40
40
13
41
36
36
36
36
36
36
36
36
36
36
36
36
36
36
36
36
36
41
36
41
41
41
41
41
41
41
41
41
41
41
41
41
41
7
7
41
41
41
41
43
43
43
43
43
43
43
43
43
43
43
43
43
43
43
43
43
43
43
43
43
43
43
43
43
31
31
31
31
31
31
31
31
31
31
39
39
39
39
39
39
39
39
39
39
39
39
39
39
39
39
39
7
7
7
31
43
20
7
7
7
7
7
7
7
7
7
7
7
25
7
25
25
25
25
25
25
25
25
25
25
25
25
25
25
25
25
25
25
25
25
25
25
2
2
2
2
2
2
2
2
28
28
28
28
28
28
28
28
28
28
28
28
28
28
28
28
28
28
28
28
28
28
28
28
28
28
28
28
28
28
28
28
15
15
15
15
22
22
22
22
22
22
15
15
22
15
15
22
22
22
22
22
22
22
22
22
22
22
22
22
22
22
22
22
38
22
22
22
38
38
38
38
38
38
38
38
38
35
35
35
35
35
35
35
35
35
35
35
35
35
35
35
35
35
35
35
35
35
35
12
12
12
12
35
35
35
12
12
12
12
12
12
12
12
12
12
12
12
12
12
12
12
34
42
34
34
34
34
34
42
42
42
42
42
42
42
42
42
42
42
42
42
42
42
42
42
42
42
42
42
42
42
42
42
42
42
42
42
42
42
42
42
42
42
42
21
21
21
21
21
21
21
27
27
27
42
21
21
27
27
27
27
27
27
27
21
21
21
27
27
27
27
27
27
27
30
30
30
30
30
30
30
30
30
30
30
30
30
30
30
30
30
30
30
30
30
30
24
30
30
24
30
24
24
24
24
24
24
24
24
24
24
24
24
24
24
24
24
24
24
24
24
24
24
24
24
24
24
24
24
24
24
24
37
37
37
37
37
37
37
37
37
37
37
37
37
37
37
37
37
37
37
37
37
37
37
37
37
37
37
37
37
37
37
37
37
37
37
37
37
37
37
37
37
37
37
33
37
37
37
37
37
37
37
37
37
37
37
37
37
37
37
37
37
37
37
37
37
37
37
37
37
37
37
37
37
37
37
37
37
37
37
37
37
37
37
37
24
37
37
37
18
37
37
37
24
37
37
37
37
37
37
37
37
37
37
37
37
37
37
37
37
37
37
24
37
37
24
24
24
37
18
18
24
24
24
24
24
24
24
24
24
18
18
18
18
18
18
18
18
18
18
18
18
18
18
18
18
18
18
18
18
18
18
18
18
18
18
18
18
