0
0
0
0
0
0
0
0
0
0
0
0
0
0
0
0
0
0
0
0
0
0
0
0
0
0
0
0
0
0
0
0
0
0
0
0
0
0
0
0
0
0
0
0
0
0
0
0
0
0
0
0
0
0
0
0
0
0
0
0
0
0
0
0
0
0
0
0
0
0
0
0
0
0
0
10
0
0
0
0
0
0
0
0
0
10
0
10
10
10
10
10
10
10
10
10
10
10
10
10
10
10
10
10
10
10
10
8
10
8
8
10
8
8
8
8
10
10
10
10
8
10
8
9
8
8
8
8
8
8
8
10
10
10
10
10
8
8
8
10
8
10
8
10
10
8
10
10
8
10
10
10
9
9
9
9
14
9
9
9
9
9
9
9
14
14
14
14
9
14
14
14
14
14
14
29
29
14
11
11
11
1
1
11
11
1
11
14
1
13
14
14
1
1
1
1
1
11
29
29
29
20
20
29
1
14
14
14
14
11
29
10
10
29
14
10
9
9
9
14
14
9
9
14
19
19
19
19
19
19
19
14
19
19
4
4
19
4
4
19
19
4
4
4
4
4
4
4
4
4
4
11
4
11
4
4
11
11
11
11
11
11
11
11
11
11
11
11
11
11
4
4
11
11
11
11
11
11
11
11
11
11
11
11
11
11
11
11
11
11
11
11
11
11
11
11
11
1
1
1
1
1
1
1
1
1
1
32
1
1
1
1
1
32
32
32
32
32
32
32
3
3
3
3
3
3
3
3
32
32
3
3
3
3
3
3
3
3
3
3
3
3
3
3
5
5
5
5
5
3
3
5
5
5
5
5
5
5
5
5
5
5
5
5
5
5
5
5
5
5
34
29
29
29
34
29
5
34
34
29
29
29
29
29
29
20
20
20
20
20
20
20
20
20
20
20
23
23
23
23
23
23
23
23
23
23
23
23
23
23
23
23
23
23
23
16
23
23
23
23
16
16
23
16
16
16
16
16
16
16
16
16
16
16
16
16
16
16
16
13
13
16
16
16
13
13
13
13
13
13
13
13
0
0
13
13
13
13
13
13
6
6
6
6
6
6
6
13
6
6
26
6
6
6
26
26
26
26
26
26
26
26
26
26
26
26
26
26
26
26
26
26
26
26
26
26
26
26
26
26
26
26
26
26
26
26
26
26
26
26
26
26
40
40
40
40
40
40
40
40
40
40
36
36
36
36
36
36
36
36
36
36
36
36
36
36
36
36
36
36
36
36
36
36
41
41
41
41
41
41
41
41
41
41
41
41
41
41
41
41
43
43
43
43
43
43
43
43
43
43
43
43
43
43
43
43
43
31
31
31
31
43
43
31
31
43
31
31
31
31
31
31
31
31
31
31
31
31
31
31
39
31
31
39
39
39
39
39
39
39
39
39
39
39
39
39
39
41
7
7
7
7
7
7
7
7
7
7
7
7
25
25
25
25
25
25
25
25
25
28
28
25
28
28
2
25
2
2
2
2
2
2
2
2
2
2
2
2
2
2
2
2
2
2
28
28
28
28
28
28
28
28
28
28
28
28
28
28
28
28
28
28
28
28
28
28
28
28
28
28
28
28
28
28
28
28
28
28
15
15
15
15
15
22
22
15
22
22
15
22
22
22
22
38
22
22
22
38
22
22
38
38
22
38
38
22
22
38
22
22
22
22
22
38
38
38
38
38
38
38
38
38
35
35
35
35
35
35
35
35
35
35
35
35
35
35
35
35
35
35
35
35
35
35
35
35
35
35
35
35
35
35
35
35
35
35
35
35
35
35
34
34
35
35
34
35
35
42
42
34
42
42
42
42
27
42
42
24
30
24
42
42
24
24
30
30
24
24
30
30
24
24
42
42
27
42
42
42
24
42
42
42
42
24
42
42
30
30
30
30
30
30
30
30
30
30
30
27
30
30
37
37
30
37
37
37
30
30
18
24
24
30
24
24
30
30
30
24
24
30
30
30
24
37
37
37
37
37
24
37
37
37
24
37
24
24
24
24
24
37
37
37
37
37
37
37
37
37
37
18
18
18
18
18
18
18
18
18
18
18
18
18
18
18
18
18
18
18
18
18
18
18
18
18
18
18
18
18
18
18
18
18
18
18
18
18
18
18
18
18
18
18
18
18
18
18
18
18
18
18
18
18
