8
8
8
8
8
8
8
8
8
8
8
8
8
8
8
8
8
8
8
1
10
18
10
0
0
13
0
0
10
10
8
0
14
10
10
14
14
10
10
14
14
10
10
10
14
29
14
14
14
10
14
14
14
4
4
4
4
4
4
4
4
4
19
4
4
4
4
4
4
4
4
4
4
4
19
4
4
4
4
4
4
4
4
4
4
4
4
4
4
4
4
4
4
4
4
4
4
4
4
4
4
4
4
4
4
4
4
4
4
4
4
4
4
4
4
4
4
11
4
11
11
11
11
24
1
24
1
0
1
1
1
1
1
1
1
1
1
32
3
3
3
3
3
3
3
3
3
3
3
3
3
3
3
3
3
3
3
3
3
3
3
3
3
3
3
3
3
3
3
3
3
3
3
3
5
5
5
5
5
5
5
5
5
5
5
5
5
5
5
5
5
5
5
29
29
29
29
29
29
29
29
29
24
18
20
20
20
20
20
20
20
20
20
20
20
20
20
20
20
20
20
20
20
20
20
20
20
20
20
20
23
20
23
23
23
23
23
23
23
23
23
23
23
23
23
23
23
23
23
23
23
23
23
23
23
16
16
16
16
16
16
13
13
16
13
13
13
13
13
13
13
13
20
6
6
6
26
6
6
6
6
6
6
6
6
6
6
6
26
6
6
26
26
6
26
6
26
6
26
6
26
6
6
26
26
6
6
26
26
6
26
26
26
26
26
26
26
26
26
26
26
26
26
26
26
26
26
26
26
26
26
26
26
26
40
40
40
40
40
26
40
40
40
40
40
40
40
40
36
36
36
36
36
36
36
36
36
36
36
36
36
36
36
36
36
36
36
41
41
41
41
41
40
13
40
41
18
18
41
41
41
41
43
43
43
43
43
43
43
43
43
43
43
43
43
43
43
43
43
43
43
43
43
43
43
43
43
43
43
43
43
43
31
31
31
31
31
31
31
31
39
39
39
39
39
39
39
39
39
39
39
39
39
39
39
39
24
17
18
18
7
10
7
7
7
7
7
7
7
7
7
7
7
25
25
25
25
25
25
25
25
25
25
25
25
25
25
25
25
25
25
25
25
25
25
25
25
25
25
25
25
25
25
25
25
25
25
25
25
25
25
25
25
25
25
25
25
25
25
25
25
25
25
25
25
37
37
25
8
7
10
25
18
18
38
25
25
25
32
25
25
22
22
32
22
3
22
28
22
15
15
22
22
15
15
15
15
28
28
22
28
28
28
28
28
28
28
28
28
28
28
28
28
28
28
28
2
2
25
25
25
25
25
2
2
2
2
2
2
2
2
2
2
2
2
2
2
2
28
28
28
28
25
28
28
28
28
28
28
28
28
28
28
28
28
28
28
28
28
28
28
28
28
28
28
28
28
28
28
28
28
28
28
28
28
28
28
15
28
28
15
15
28
15
22
15
15
22
22
15
15
15
22
22
22
22
22
22
22
38
22
22
22
38
22
22
38
38
38
38
38
38
38
38
38
38
38
38
38
38
38
38
35
35
35
35
35
35
35
35
35
35
35
35
38
32
35
35
35
35
35
35
35
35
12
12
12
12
12
12
12
12
12
12
12
12
12
12
12
12
12
34
34
12
34
34
34
34
34
34
34
34
34
34
34
34
34
42
34
34
34
34
34
34
34
42
34
34
42
42
34
34
42
34
34
34
42
42
34
34
42
42
34
34
42
42
42
42
42
42
42
34
42
34
42
42
42
42
42
34
42
42
42
42
42
42
42
42
42
42
42
42
42
42
42
42
42
42
42
42
42
42
42
42
30
30
42
30
30
30
30
30
30
30
30
30
30
30
30
30
30
30
30
30
30
30
30
30
30
30
30
30
30
30
30
30
30
24
24
24
24
24
24
24
24
24
24
24
24
24
24
24
24
24
24
18
18
18
18
18
18
18
18
18
18
18
18
18
18
18
18
18
18
18
18
