0
10
0
7
7
7
7
7
7
11
10
10
0
10
0
7
10
0
0
7
7
7
9
0
7
8
9
9
9
9
9
9
9
9
9
9
9
9
9
19
19
19
19
19
4
4
4
4
4
4
4
4
4
4
4
4
4
4
4
19
4
4
4
4
4
4
4
4
4
4
4
4
4
4
4
4
4
4
4
4
4
4
4
4
4
4
4
4
4
4
4
4
4
4
11
11
4
11
11
11
11
11
11
1
11
1
1
1
1
1
3
3
1
1
1
1
1
1
1
1
32
3
32
32
3
3
1
1
32
3
32
32
3
3
32
32
3
32
32
3
3
3
3
32
3
3
3
3
3
3
3
3
3
3
3
3
3
5
3
3
5
3
3
3
5
5
5
5
5
5
5
5
5
5
5
5
29
29
5
13
13
13
29
29
20
20
20
20
20
20
20
20
20
20
20
20
20
20
20
20
20
20
20
23
20
20
23
23
23
23
23
23
23
23
23
23
23
23
16
23
23
23
23
23
16
16
16
16
16
16
16
16
16
16
16
16
16
13
13
13
16
16
13
13
13
13
16
16
13
13
13
13
13
13
0
6
0
0
0
6
6
0
0
6
0
6
0
6
6
6
0
6
6
6
6
6
6
6
6
6
6
6
6
6
6
26
26
26
26
26
26
26
26
26
26
26
26
26
26
26
26
26
26
26
26
26
26
26
26
26
26
26
26
26
26
40
40
40
40
26
40
40
40
40
40
40
36
36
36
36
36
36
36
36
36
36
36
36
36
36
36
36
41
36
36
41
41
41
41
41
41
41
41
41
41
41
41
41
41
7
7
7
7
41
41
43
43
43
43
43
43
43
43
43
43
43
43
43
43
43
43
43
43
43
43
43
43
43
43
43
43
43
43
43
31
31
31
31
31
31
31
31
31
31
39
39
39
39
39
39
39
39
39
39
39
39
39
39
39
39
39
31
31
31
7
7
7
7
7
7
7
7
7
25
25
25
25
25
25
25
25
25
25
2
25
25
25
2
25
2
25
25
25
25
2
2
2
2
2
2
2
25
25
25
25
28
28
28
28
28
28
28
28
28
28
28
28
28
28
28
28
28
28
28
28
28
28
28
28
28
28
28
28
28
15
15
22
22
22
22
22
22
22
22
22
22
22
22
22
22
38
22
22
22
38
22
38
38
38
22
38
38
38
22
38
38
38
38
38
38
38
38
38
38
38
38
38
38
38
35
35
35
35
35
35
35
35
35
35
35
35
35
35
35
35
35
12
12
12
12
12
12
12
12
12
12
12
12
12
12
34
12
12
12
34
34
34
34
34
42
42
42
42
42
42
42
42
42
42
42
42
42
42
42
42
42
42
42
42
27
27
27
27
27
27
30
27
27
27
27
21
21
27
27
27
27
27
27
27
27
30
21
42
27
27
27
27
30
30
37
37
21
27
27
27
27
27
30
30
30
27
30
30
24
24
24
24
24
24
24
24
24
24
30
30
30
24
30
30
30
30
30
24
30
30
30
30
30
30
30
18
24
24
24
24
24
24
24
24
24
24
24
24
24
24
24
24
24
24
24
24
24
24
24
24
24
24
24
24
24
24
24
24
24
24
24
24
24
24
24
24
18
18
18
18
18
18
18
18
18
18
18
18
18
18
18
18
18
18
18
18
18
18
18
18
18
18
18
18
