8
8
8
4
4
14
14
4
4
14
14
9
9
9
9
9
9
9
9
9
24
24
14
24
24
14
1
1
0
4
0
4
4
4
4
4
14
14
4
4
4
4
4
4
14
4
4
4
4
4
4
4
11
11
11
4
0
11
11
4
4
11
4
4
4
11
4
4
4
4
4
4
11
10
10
4
4
0
4
1
4
24
0
0
1
1
1
1
24
1
24
24
18
1
1
18
1
1
3
1
1
1
3
1
1
1
3
1
1
1
1
1
1
1
3
1
1
1
3
1
1
1
3
13
13
13
3
13
3
3
3
13
3
5
3
13
3
3
3
13
5
5
5
5
5
5
5
5
5
5
5
13
11
13
11
13
1
5
5
5
29
3
1
20
20
20
20
20
20
20
20
20
20
20
20
20
23
23
23
23
23
23
23
23
23
23
23
23
23
23
23
23
23
23
23
23
23
23
23
23
16
23
23
23
23
16
16
16
16
16
16
16
16
16
16
16
16
16
16
16
16
13
13
16
29
29
5
13
11
13
6
3
3
5
32
3
32
6
32
32
6
6
6
6
6
6
6
6
6
6
6
6
6
26
26
6
26
26
26
3
26
26
26
26
26
26
26
26
26
26
26
26
26
26
26
26
26
26
26
26
26
26
26
26
26
26
5
5
26
26
29
13
29
20
16
29
16
20
0
13
20
20
13
13
16
20
13
13
20
6
6
6
20
20
13
0
13
0
0
0
16
20
6
6
6
26
6
6
26
29
6
6
29
26
26
6
29
29
26
6
29
29
5
13
29
29
29
13
29
29
29
13
29
29
29
13
29
29
20
13
29
29
29
29
20
20
20
20
20
20
20
20
20
29
36
36
36
36
36
36
36
36
36
36
36
36
36
36
36
36
36
36
36
36
36
36
36
36
36
36
36
36
36
36
36
41
41
41
41
41
41
41
41
41
41
41
41
41
36
29
25
20
7
43
41
41
41
43
43
43
43
43
43
43
43
43
43
43
43
43
43
43
43
43
43
43
43
43
43
43
31
31
31
31
43
31
31
31
31
31
31
31
31
31
39
39
39
39
39
39
39
39
39
39
39
39
39
39
39
39
39
39
39
31
7
7
24
24
7
7
7
7
7
7
7
7
7
7
7
7
7
7
7
7
25
25
25
25
25
25
25
25
25
25
25
25
25
25
25
25
25
25
25
25
25
25
25
25
25
25
25
25
25
25
25
25
25
25
25
25
25
25
2
2
2
2
2
2
2
2
2
2
2
2
2
2
2
2
28
28
28
28
28
28
28
28
28
28
28
28
28
28
28
28
28
28
28
28
28
28
28
28
28
28
15
28
28
28
15
15
15
15
22
22
22
22
15
22
22
22
22
22
22
38
22
22
38
38
38
38
38
38
38
38
35
35
38
38
38
38
38
38
35
38
38
38
35
35
35
38
35
35
35
38
35
34
35
35
34
35
35
35
35
35
35
35
35
35
35
35
34
35
35
34
34
34
34
34
34
24
34
34
34
34
34
34
34
34
42
42
34
42
42
42
42
42
42
30
33
42
42
42
42
42
42
42
42
42
27
42
42
42
27
42
27
30
27
27
27
27
27
27
27
27
27
30
27
27
27
27
27
27
27
27
30
27
27
30
30
30
30
30
30
30
30
30
30
27
30
30
30
30
30
30
30
30
30
30
30
30
30
30
30
30
30
30
30
30
30
30
30
30
30
30
30
30
30
30
30
30
30
24
24
24
24
24
24
24
24
24
24
24
24
24
24
24
24
24
24
24
24
24
24
24
24
24
24
24
24
24
24
24
24
24
24
24
24
24
18
18
18
18
18
18
18
18
18
18
18
18
18
18
18
18
18
18
18
18
18
18
18
18
18
18
18
18
18
