8
10
10
10
0
10
10
10
10
10
0
10
0
10
10
10
10
10
14
10
0
10
10
0
10
14
14
14
14
14
10
0
0
0
14
0
14
14
0
0
0
0
10
0
10
10
4
10
4
10
11
0
24
24
24
24
19
4
19
19
4
4
4
4
4
4
4
4
4
4
4
4
4
4
4
4
4
4
4
4
4
4
4
4
4
4
4
4
4
4
4
4
4
4
4
4
4
4
4
4
4
4
4
4
4
4
4
4
4
4
4
4
11
11
4
4
11
4
4
4
11
11
1
20
11
1
1
1
1
1
1
1
1
1
1
1
1
1
1
1
1
32
1
1
1
1
32
3
3
32
32
32
3
32
32
32
32
32
3
3
3
3
3
3
3
3
3
3
3
3
3
3
3
3
3
5
5
5
5
5
5
5
3
5
5
5
5
5
5
5
5
5
5
5
5
29
5
29
29
29
29
29
29
29
29
29
29
29
29
29
20
20
20
20
20
20
20
20
20
20
20
20
20
20
20
20
20
20
20
20
20
20
20
20
20
20
23
20
20
20
23
23
20
20
23
23
23
23
23
23
23
23
23
23
23
23
23
23
23
16
16
16
16
16
16
16
16
16
16
16
16
23
23
13
13
20
13
0
13
0
6
6
13
13
13
0
13
6
6
26
26
26
26
6
0
6
26
6
6
6
26
26
6
6
26
26
6
26
26
26
26
6
26
26
26
26
26
26
26
26
26
26
26
26
26
26
26
26
26
26
26
26
26
26
26
26
26
26
40
40
40
40
40
40
40
26
26
26
26
40
36
40
36
36
36
36
36
36
36
36
36
36
36
36
36
36
36
36
36
36
41
41
41
41
41
41
41
41
41
41
41
41
41
41
7
37
43
7
41
41
41
41
43
43
43
43
43
43
43
43
43
43
43
43
43
43
43
43
43
43
43
43
43
43
43
31
31
31
39
39
39
39
39
39
39
39
39
39
39
39
39
39
39
39
31
31
31
24
7
7
7
7
7
7
7
7
7
7
25
25
25
25
25
25
25
25
25
25
25
25
25
25
25
25
25
25
25
25
25
25
25
25
25
2
2
2
2
2
2
2
25
25
25
25
28
28
28
28
28
28
28
28
28
28
28
28
28
28
28
28
28
28
28
28
28
28
28
28
28
15
28
15
22
22
22
22
22
22
22
22
22
22
22
22
22
22
22
22
22
22
22
22
22
22
22
22
38
22
22
22
22
38
22
22
38
38
38
22
38
38
38
38
38
38
38
38
38
38
35
35
35
35
35
35
35
35
35
35
35
38
35
35
35
35
35
35
12
12
12
12
12
12
12
12
34
12
12
12
12
34
34
34
34
34
42
42
42
42
42
42
42
42
42
42
42
42
42
42
42
42
42
42
42
42
42
42
42
42
42
42
42
30
30
30
24
24
24
24
24
24
24
24
24
24
24
24
24
24
24
24
18
18
18
18
18
18
18
18
18
18
18
18
18
18
18
18
18
18
18
18
18
18
