10
10
10
10
0
0
0
0
0
14
19
19
14
14
14
14
4
4
4
14
4
4
4
4
4
4
4
4
4
4
4
4
4
4
4
4
4
4
4
4
4
4
4
4
4
4
4
4
4
4
4
4
4
4
4
4
4
4
4
4
4
4
4
4
4
4
4
4
4
4
4
4
4
4
4
11
4
1
1
1
0
1
1
1
1
1
1
1
1
1
1
1
1
1
1
1
1
1
1
1
1
1
1
3
3
3
1
1
3
1
1
1
3
1
3
3
3
3
3
1
1
3
3
3
3
3
3
3
3
3
3
3
3
3
3
3
3
3
3
5
5
5
5
5
5
5
5
5
5
5
5
5
29
29
29
29
29
5
29
29
29
29
29
29
29
20
20
29
20
29
29
20
20
20
20
20
20
20
20
20
20
20
20
23
23
20
20
23
23
20
23
23
23
23
23
23
23
23
23
23
23
23
23
23
16
16
16
16
16
16
16
16
16
16
16
16
16
16
13
16
16
16
16
16
13
13
13
13
13
13
13
13
13
13
13
13
13
13
16
13
13
13
13
13
13
13
13
13
0
0
13
0
0
6
6
6
6
6
6
6
6
6
6
6
6
6
26
26
6
6
26
26
26
26
26
26
26
26
26
26
26
26
26
26
26
26
26
26
26
26
26
26
26
26
26
26
26
26
40
40
40
40
40
40
40
40
40
40
16
13
17
13
16
13
13
13
13
13
13
13
17
13
17
17
17
17
6
40
6
17
6
6
6
6
36
26
13
6
26
26
6
26
26
26
26
26
26
26
26
26
26
26
26
40
40
40
26
40
40
40
40
40
40
40
40
40
40
40
40
40
36
40
40
40
40
40
40
40
36
36
36
36
36
36
36
36
36
36
36
36
36
36
36
36
36
36
41
36
41
41
41
41
41
41
41
41
41
41
41
41
41
41
41
41
7
41
41
43
43
43
43
43
43
43
43
43
43
43
43
43
43
43
43
43
43
31
31
31
43
43
31
31
31
31
31
31
31
31
31
31
39
39
31
39
39
39
31
39
39
39
39
39
39
39
39
39
39
39
39
39
25
0
7
7
7
7
31
43
43
43
43
43
43
7
7
7
7
7
7
7
25
25
25
25
25
25
25
25
25
25
25
25
25
25
25
25
25
25
25
25
25
25
25
25
25
25
25
2
2
2
2
28
28
28
28
28
28
28
28
28
28
28
28
28
28
28
28
28
28
28
28
28
28
28
28
28
28
28
28
28
28
15
28
15
15
15
15
22
15
15
22
22
15
22
22
22
22
22
22
22
22
22
22
22
22
22
22
22
22
38
22
38
22
38
38
38
22
38
38
38
38
38
38
38
38
38
38
38
38
38
38
38
35
35
35
35
35
38
35
35
35
35
35
35
38
25
35
35
35
12
12
12
12
12
12
12
12
12
12
12
12
12
34
12
12
12
34
34
34
34
34
34
34
34
42
42
42
42
42
42
42
42
42
42
42
42
42
42
42
42
42
42
42
42
42
42
42
42
42
42
42
42
42
42
42
42
42
42
27
42
21
27
27
42
27
27
27
30
30
27
30
30
30
30
30
30
30
30
30
30
30
30
30
30
30
30
30
30
30
30
30
30
30
30
30
30
30
30
24
24
24
24
24
24
30
30
24
30
24
24
24
24
24
24
24
18
18
18
18
18
18
18
18
18
18
18
18
18
18
18
18
18
18
18
18
18
