18
0
20
18
9
9
9
9
9
1
9
14
14
4
4
9
14
14
14
19
19
4
4
19
4
4
4
4
4
4
4
4
4
4
4
4
4
4
4
4
4
4
4
4
4
4
4
4
4
4
4
4
4
4
4
4
4
4
4
4
4
4
4
4
4
4
4
4
4
4
4
4
4
4
4
4
4
4
4
4
4
4
11
11
11
11
1
1
1
1
1
1
1
1
1
1
1
1
1
1
1
1
1
1
1
32
32
1
1
3
3
3
3
3
3
3
3
3
3
32
3
3
3
3
3
3
3
3
3
3
3
3
3
5
3
5
5
5
5
3
5
5
5
3
3
3
5
5
5
5
5
5
5
5
5
5
5
5
29
29
29
29
29
29
29
29
29
29
29
29
29
29
20
20
20
20
23
23
20
20
20
20
20
20
20
20
20
20
20
20
20
20
20
23
23
20
23
23
23
20
20
23
23
23
23
23
23
23
23
23
16
16
16
23
16
16
16
16
16
16
16
16
16
16
16
16
16
16
13
16
16
16
13
16
13
13
13
13
13
13
0
0
0
13
0
0
0
0
0
0
0
0
0
0
0
0
0
0
0
0
0
0
0
0
0
6
0
6
0
6
0
6
6
6
6
6
6
6
6
26
6
6
6
26
26
6
6
26
26
26
26
26
26
26
26
26
26
26
26
26
26
29
40
40
40
40
6
26
26
36
36
36
36
36
36
36
36
36
36
36
36
36
36
36
36
36
36
36
41
41
41
41
41
41
41
41
41
41
41
7
7
7
7
7
7
7
7
41
41
43
43
43
43
43
43
43
31
43
43
43
43
43
43
31
31
43
31
43
43
39
31
31
43
43
31
31
31
31
31
31
31
31
31
31
31
31
31
31
31
31
31
31
39
39
39
39
39
39
39
39
39
39
39
39
39
39
39
31
31
31
31
7
7
7
7
7
7
7
7
7
7
7
7
7
7
25
25
25
25
25
25
25
25
25
25
25
25
25
25
25
25
25
25
25
25
25
25
2
2
2
25
25
25
25
2
2
2
2
2
2
2
2
2
2
2
2
2
2
2
28
28
28
28
28
28
28
28
28
28
28
28
28
28
28
28
28
28
28
28
28
28
28
28
28
28
28
28
28
28
28
28
28
22
15
15
15
22
15
15
22
22
22
22
22
22
22
22
22
22
22
22
22
38
22
22
22
38
22
22
22
38
22
22
38
38
38
22
22
38
38
38
38
38
38
38
38
38
35
35
35
35
35
35
35
35
35
35
35
35
35
35
35
35
35
35
35
35
35
12
12
12
12
12
12
12
12
12
12
12
12
34
12
12
12
34
34
34
34
34
34
34
34
34
34
34
34
34
34
34
34
34
34
34
42
42
42
42
42
42
42
42
42
42
27
27
27
27
27
27
24
24
27
27
27
27
27
27
27
27
27
27
27
27
30
30
27
27
27
27
27
30
30
30
27
30
27
27
27
27
27
27
27
27
30
30
30
27
27
27
27
27
27
30
27
30
30
30
27
27
30
27
27
30
30
30
30
30
30
30
30
30
30
30
30
30
24
24
30
30
30
30
30
30
30
30
30
30
30
30
30
30
30
30
30
30
24
24
24
24
24
24
24
24
24
24
24
24
18
18
18
18
18
18
18
18
18
18
18
18
18
18
18
18
18
18
18
18
18
18
18
18
18
18
18
18
