8
8
8
8
8
8
8
8
8
8
9
9
8
9
9
9
9
9
9
14
9
29
0
4
14
0
19
19
14
14
19
19
4
14
19
4
4
19
4
4
4
19
4
4
4
4
4
4
4
4
4
4
4
4
4
4
4
4
4
4
4
4
4
4
4
4
4
4
4
4
4
4
4
4
4
4
4
4
4
4
11
11
11
11
1
11
1
1
11
11
1
1
1
1
1
1
1
1
1
1
1
1
32
1
1
32
32
1
1
32
1
1
1
3
32
32
32
3
32
3
3
3
32
32
3
3
3
3
3
3
3
3
3
3
3
3
3
5
5
5
5
3
5
5
5
5
5
5
3
5
5
5
5
5
5
5
29
29
29
5
5
5
29
29
29
29
29
29
29
29
29
29
29
20
20
20
20
20
20
23
23
20
23
20
23
23
20
20
23
20
20
20
20
20
20
20
23
20
23
23
23
23
23
23
23
23
23
23
23
16
16
16
16
16
16
16
16
16
16
16
16
16
13
16
16
16
13
16
13
13
13
13
13
13
13
13
13
13
13
18
6
6
6
17
6
17
17
18
17
17
6
17
17
6
17
18
6
6
6
17
17
6
6
18
17
17
17
18
17
17
6
18
17
17
17
18
17
17
17
18
17
17
6
17
26
6
6
26
26
6
26
26
26
6
6
26
26
26
26
26
26
26
26
26
26
40
40
26
26
26
26
36
36
36
36
36
36
36
36
36
36
36
36
36
36
36
36
36
36
36
36
36
36
36
41
41
36
36
41
41
41
41
41
41
41
41
41
41
41
41
41
43
43
43
43
43
43
43
43
43
43
43
43
43
43
43
43
31
31
31
31
31
31
31
31
31
31
31
31
31
31
31
31
39
39
39
39
39
39
39
39
39
39
39
39
39
31
7
7
7
7
7
7
43
7
7
7
7
7
7
7
7
7
7
7
25
7
25
25
25
25
25
25
25
25
25
2
25
2
2
2
2
2
2
2
2
2
2
2
2
2
2
2
2
2
2
2
2
2
2
28
28
28
28
28
28
28
28
28
28
28
28
28
28
28
28
28
28
28
28
28
28
28
28
28
28
28
28
28
28
28
28
15
15
15
22
22
15
15
15
22
22
22
22
22
22
22
22
38
22
22
22
38
22
22
22
38
38
38
38
38
22
38
38
38
38
38
38
38
38
38
38
38
38
38
38
38
35
35
35
35
35
35
35
35
35
35
35
35
35
35
35
35
35
12
12
12
12
12
34
12
12
12
12
34
12
12
34
34
34
34
34
34
34
42
42
42
42
42
42
42
42
42
42
42
42
42
42
42
42
42
42
42
42
42
42
27
21
21
42
27
27
27
21
27
27
21
27
27
21
27
21
27
27
27
27
27
27
30
30
30
30
30
30
30
30
30
30
30
30
30
30
30
30
30
30
30
30
30
30
30
30
30
30
30
30
24
24
24
24
24
24
24
24
24
24
24
24
24
24
24
24
18
24
24
18
18
18
18
18
18
18
18
18
18
18
18
18
18
18
18
18
18
18
