9
9
8
8
8
8
8
8
8
8
9
9
9
9
9
9
9
14
14
9
14
4
14
19
19
4
19
19
19
4
4
4
4
4
4
4
4
4
4
4
4
4
4
4
4
4
4
4
4
4
4
4
4
4
4
4
4
4
4
4
4
4
4
4
4
4
4
4
11
11
11
1
1
1
1
1
1
1
1
1
1
1
1
1
1
1
1
1
1
1
1
1
3
3
1
3
3
3
3
3
3
3
3
3
3
3
3
3
3
3
3
3
3
3
3
3
3
3
3
3
3
3
3
3
3
5
5
5
3
5
3
5
5
5
5
5
5
5
5
5
5
5
5
5
29
29
29
29
29
29
29
29
29
29
29
29
29
29
29
1
29
29
20
20
20
5
20
20
20
20
20
20
20
20
20
23
20
20
23
23
23
20
23
23
23
23
23
23
23
23
23
23
23
23
23
23
23
16
16
23
23
16
16
16
16
16
16
16
16
16
13
16
16
13
16
13
13
13
13
13
13
13
13
13
13
13
13
13
13
13
13
13
13
6
6
6
6
6
6
6
6
6
6
6
6
6
0
6
6
6
26
6
6
6
26
6
6
26
26
6
26
26
26
26
26
26
26
26
26
26
26
26
26
26
26
26
26
26
26
26
26
26
26
26
26
26
26
26
26
26
26
26
26
26
40
40
40
40
40
40
40
40
40
40
40
40
40
40
36
36
36
36
36
36
36
36
36
36
36
36
36
36
36
36
36
36
41
41
41
41
41
36
41
41
41
41
41
7
7
41
41
41
41
41
41
43
43
43
43
43
43
43
43
43
43
43
43
43
43
43
43
43
7
7
7
9
9
31
43
31
31
31
31
31
31
31
31
31
31
31
31
39
31
39
39
39
39
39
39
39
39
39
39
39
39
39
39
39
39
31
31
31
7
7
7
7
7
7
7
7
7
7
25
25
25
25
25
25
25
25
25
25
25
25
25
25
25
25
25
25
25
25
25
25
25
25
25
25
2
2
2
2
2
2
2
2
28
25
25
25
25
25
28
28
28
28
25
28
28
28
28
28
28
28
28
28
28
28
28
28
28
28
28
28
28
28
28
28
15
32
32
3
28
32
15
28
28
28
28
15
15
32
15
22
38
32
22
15
22
38
38
38
38
38
38
38
38
38
38
38
38
38
38
38
38
38
38
38
38
38
38
38
38
38
38
38
38
38
38
38
38
35
35
35
35
35
35
35
35
35
35
25
25
35
35
35
35
35
35
34
34
34
34
34
34
34
35
12
34
34
34
34
34
34
34
34
34
34
34
34
34
34
34
34
34
42
34
42
42
42
42
42
42
42
42
42
42
42
42
27
42
42
42
42
42
27
27
18
42
27
30
27
24
27
27
27
27
27
27
30
27
27
27
27
27
27
27
27
30
30
27
27
27
27
27
27
27
27
27
27
27
27
27
27
27
27
30
27
30
30
27
27
30
30
30
24
30
30
30
30
30
30
30
30
30
30
30
30
24
30
24
24
24
24
24
24
24
24
24
24
24
24
24
24
24
24
24
24
24
24
24
24
24
24
24
24
24
24
24
24
24
24
24
24
24
24
24
24
24
24
18
18
24
18
18
18
18
18
18
18
18
18
18
18
18
18
18
18
18
18
18
18
18
18
18
18
18
18
