0
0
0
0
0
0
0
0
0
0
0
0
0
0
0
0
0
0
0
0
0
0
0
0
0
0
0
0
0
0
0
0
0
0
0
0
0
0
0
0
0
0
0
0
0
0
0
0
0
0
0
0
0
0
0
0
0
0
0
0
0
0
0
0
0
11
11
11
11
11
11
11
11
10
10
11
11
11
11
10
33
14
10
14
0
0
0
0
0
10
10
10
10
10
10
10
0
10
10
10
10
10
10
10
10
8
10
10
10
9
10
10
10
10
8
9
9
9
9
9
9
9
9
9
14
14
9
9
9
9
9
9
9
9
9
9
9
9
9
9
9
9
9
9
9
9
14
14
14
14
19
19
19
4
4
19
19
19
19
19
19
4
4
4
4
4
4
19
4
4
4
4
4
4
4
19
4
4
4
4
4
4
4
4
4
4
4
4
4
4
4
4
4
4
4
4
4
4
4
4
4
4
4
4
4
4
4
4
11
4
4
4
4
11
11
11
13
11
1
1
1
1
1
1
1
32
1
3
32
1
1
32
1
1
32
32
3
3
32
32
3
3
32
32
3
3
3
3
3
3
3
3
3
3
3
3
3
3
3
3
3
3
3
3
3
3
3
3
3
3
5
5
5
5
5
5
5
5
5
5
5
5
5
5
5
5
5
5
5
5
29
29
29
29
29
29
29
29
29
29
29
29
29
29
29
20
20
20
20
20
20
20
20
20
20
20
23
23
23
20
23
23
23
23
23
23
23
23
23
23
23
23
23
23
20
16
23
16
23
23
23
16
23
16
16
16
23
16
16
23
16
16
23
16
16
16
16
16
16
16
16
16
16
16
16
16
16
13
13
13
13
13
13
13
26
13
13
6
6
6
6
6
6
6
6
26
26
26
26
6
26
26
26
26
26
26
26
26
26
26
26
26
26
26
26
26
26
26
26
26
26
26
26
26
26
26
26
26
26
26
26
26
26
26
26
26
26
26
26
26
26
26
26
40
40
40
40
40
40
40
41
40
36
40
36
36
36
36
36
36
36
36
36
36
36
36
36
36
36
41
41
41
41
41
41
41
41
41
41
41
41
41
41
41
41
41
41
43
43
43
43
43
43
43
43
43
43
43
43
43
43
43
43
43
43
43
43
43
43
43
43
43
43
43
43
43
43
31
31
43
43
43
43
43
31
31
31
31
39
39
39
39
39
43
39
31
31
43
39
39
39
39
31
31
7
7
7
7
7
7
7
7
7
7
7
7
7
7
7
7
7
25
25
25
25
25
25
25
25
25
25
25
25
25
2
2
2
2
2
2
2
2
2
2
2
2
2
2
2
2
2
2
2
2
2
28
2
28
28
28
28
28
28
28
28
28
28
28
28
28
28
28
28
28
28
28
28
28
28
28
28
28
28
15
28
15
15
15
15
15
15
15
22
22
22
22
22
22
22
22
22
22
38
22
22
22
38
22
22
38
38
38
38
38
38
38
38
38
38
38
38
38
38
38
38
38
38
38
38
38
38
38
35
35
35
35
35
35
35
35
35
35
35
35
35
35
35
35
12
35
12
12
12
12
12
12
12
12
12
12
12
12
12
12
12
12
12
34
34
34
34
34
34
34
34
34
42
42
42
42
42
42
42
42
42
42
42
42
42
42
42
42
42
42
42
42
42
42
42
42
42
27
27
30
27
30
13
30
27
30
27
27
27
27
21
27
27
27
27
27
27
27
27
27
27
27
27
27
27
27
27
27
27
27
27
21
27
27
27
27
27
27
27
30
30
30
30
30
30
30
30
30
30
30
30
30
30
30
30
30
30
30
30
30
30
30
30
30
30
30
30
30
30
24
24
24
24
24
24
24
24
24
24
24
24
24
24
24
24
24
24
18
18
18
18
18
18
18
18
18
18
18
18
18
18
18
18
18
18
18
18
