0
0
0
0
0
0
0
0
0
0
0
0
0
0
0
0
0
0
0
0
0
0
0
0
0
0
0
0
0
0
0
0
0
0
0
0
0
0
0
0
0
0
0
0
0
0
0
0
0
0
0
0
0
0
0
0
0
0
0
0
0
0
0
0
0
0
0
0
0
0
0
0
0
0
0
0
0
0
0
0
0
14
0
0
0
0
10
0
0
0
0
0
0
0
0
0
0
10
0
0
0
0
0
0
0
14
0
0
0
11
0
10
0
14
14
14
11
0
14
0
0
0
14
14
14
0
14
14
19
14
19
19
19
19
19
19
19
19
19
4
19
19
4
4
19
19
4
4
4
4
4
4
4
4
4
4
4
4
4
4
4
4
4
4
4
4
4
4
4
4
4
4
4
4
4
4
4
4
4
4
4
4
4
4
4
4
4
4
4
4
4
4
4
4
4
11
11
11
11
11
1
11
1
1
1
1
1
1
1
29
1
3
1
1
1
32
3
3
32
3
3
3
3
3
3
3
3
3
3
3
3
3
3
3
3
3
3
3
3
3
3
3
3
3
3
3
3
3
3
3
3
3
3
3
3
3
3
3
3
3
5
5
5
5
5
5
5
5
5
5
5
3
3
3
3
13
3
18
5
3
3
3
3
20
20
20
20
20
20
20
20
20
20
20
20
20
20
23
23
20
23
23
23
23
23
23
23
23
23
23
23
23
23
23
23
23
23
23
23
23
16
16
16
23
16
16
16
16
16
16
16
16
16
16
16
16
16
16
16
16
16
16
16
16
16
13
13
13
16
13
13
13
13
13
16
13
13
13
13
13
13
6
6
6
6
13
13
6
6
13
6
26
26
6
6
26
26
26
26
26
26
26
26
26
26
26
26
26
26
26
26
26
26
26
26
26
26
26
26
26
26
26
26
26
26
26
26
26
26
26
26
26
40
40
40
40
40
40
13
13
36
36
36
36
36
36
36
36
36
36
36
36
36
36
41
41
41
41
41
41
41
41
41
41
41
41
41
41
41
41
41
43
43
43
43
43
43
43
43
43
43
43
43
43
43
43
43
43
43
43
43
43
43
43
31
31
31
31
31
31
31
31
31
31
31
39
31
39
39
39
39
39
39
39
39
39
31
43
7
43
7
7
7
7
7
7
7
7
7
7
7
7
7
7
7
25
7
25
25
25
25
25
25
25
25
25
25
25
25
25
25
25
25
25
25
2
2
25
2
2
2
2
2
2
2
2
2
2
2
28
28
28
28
28
28
28
28
28
28
28
28
28
28
28
28
28
28
28
28
28
28
28
28
28
28
28
28
28
28
28
28
28
28
28
28
15
22
15
22
22
22
22
22
22
22
22
22
22
38
22
38
22
22
22
22
22
22
22
22
22
22
22
22
38
38
22
38
38
38
22
38
38
38
38
38
38
38
38
38
35
35
35
35
35
35
35
35
35
35
35
35
35
35
35
35
35
35
35
35
35
12
12
12
34
12
12
12
12
34
34
34
34
34
34
35
34
34
34
34
34
34
34
34
34
34
42
42
42
34
34
42
42
42
34
34
34
34
34
34
34
42
42
42
34
34
34
34
34
34
34
34
34
34
34
34
34
34
34
34
34
34
34
34
34
42
42
42
42
42
42
42
34
42
34
34
34
42
42
34
42
34
42
42
42
42
42
42
42
42
27
27
42
42
42
42
42
42
42
42
42
42
42
42
42
42
42
42
42
42
42
27
27
27
27
21
30
27
27
27
30
27
27
27
27
27
27
27
27
30
27
27
30
27
27
30
27
30
30
30
30
30
30
30
30
30
30
30
30
30
30
30
30
30
30
30
30
30
30
30
30
30
30
30
30
30
30
30
30
30
30
24
30
30
30
30
30
30
30
30
30
30
24
24
30
24
24
24
24
24
30
24
24
24
24
24
24
24
24
24
24
24
24
24
24
18
18
18
18
18
18
18
18
18
18
18
18
18
18
18
18
18
18
18
