8
8
8
8
8
8
8
8
8
9
8
8
9
8
8
9
9
9
9
9
9
9
9
9
9
9
14
14
14
14
19
19
14
14
4
19
19
19
4
4
19
19
4
4
4
19
4
4
4
4
4
4
4
4
4
4
4
4
4
4
4
4
4
4
4
4
4
4
4
4
4
4
4
4
4
4
4
4
4
4
4
4
4
4
4
4
11
11
11
11
1
1
1
1
1
1
1
1
1
1
1
1
1
1
1
1
1
1
1
1
1
3
1
3
3
3
1
3
3
3
3
3
3
3
3
3
3
3
3
3
3
3
3
3
3
3
3
3
3
3
3
3
3
3
3
5
3
3
3
5
5
5
5
5
5
5
5
5
5
5
29
29
29
29
29
29
29
29
29
29
29
29
20
29
20
20
20
20
20
20
20
20
20
20
20
20
20
20
20
20
20
20
20
23
20
23
23
23
23
20
20
23
23
23
23
23
23
23
23
23
23
23
23
23
23
16
23
23
23
23
23
16
23
16
16
16
23
16
16
16
16
16
16
16
16
16
16
16
16
16
16
16
16
13
13
13
13
13
13
0
13
18
0
0
13
13
0
0
13
13
0
0
0
18
0
0
0
18
0
0
0
18
0
0
6
18
0
0
0
18
0
0
0
18
0
0
0
18
0
6
6
18
6
6
6
18
6
6
26
18
26
6
26
18
26
26
26
26
26
26
40
40
40
40
40
40
40
40
26
26
40
40
26
40
40
40
40
40
13
40
26
40
26
26
26
26
26
26
26
26
26
26
26
26
26
26
26
26
40
26
26
26
26
26
26
26
26
26
26
26
26
26
26
26
40
40
40
26
40
40
26
26
40
40
40
26
40
40
40
40
40
40
40
40
40
40
40
40
40
40
36
36
36
36
36
36
36
36
36
36
36
36
36
36
36
36
36
36
36
36
36
36
36
36
36
41
41
41
41
41
41
41
41
41
41
41
41
43
7
43
43
43
43
43
43
43
43
43
43
43
43
43
43
43
43
43
43
43
43
43
43
43
43
43
43
43
43
39
39
31
31
31
31
31
31
31
31
31
31
31
31
31
31
39
39
39
39
39
39
39
39
39
39
39
39
39
39
39
39
39
39
39
39
39
39
31
43
7
7
7
7
7
7
7
7
7
7
7
7
7
7
7
25
25
25
25
25
25
25
25
25
25
25
25
25
25
25
25
25
25
25
25
25
25
25
25
25
2
2
2
2
2
2
2
2
2
2
2
2
28
28
28
2
2
28
28
28
2
2
28
28
28
28
28
15
28
28
28
28
28
28
28
28
28
28
28
28
15
15
15
22
15
15
22
22
22
22
15
22
15
15
15
22
15
22
15
22
15
22
22
22
22
22
15
22
22
22
22
38
22
22
22
22
22
22
22
38
38
38
22
38
38
38
22
38
38
22
22
38
38
38
38
38
38
38
38
38
38
38
38
38
38
38
35
35
35
35
35
35
35
35
35
12
35
12
35
35
35
35
35
35
12
12
12
12
12
12
34
34
12
34
34
34
34
12
34
34
34
12
34
34
34
34
42
42
42
42
42
42
42
42
42
42
42
42
42
42
42
42
42
42
42
42
42
27
27
30
30
30
27
27
27
27
27
27
27
27
27
27
27
27
27
27
27
30
30
30
30
30
30
30
30
30
30
30
30
30
30
30
30
30
30
30
30
30
30
30
30
30
30
30
30
30
30
30
30
30
24
24
24
24
24
24
24
24
24
24
24
24
24
24
24
24
18
24
18
18
18
18
18
18
18
18
18
18
18
18
18
18
18
18
18
18
18
18
18
