0
0
0
0
0
0
0
0
14
14
14
9
14
9
9
9
9
9
9
9
9
14
9
19
4
4
4
0
4
4
4
4
4
14
4
4
4
4
4
4
3
18
4
4
4
24
4
4
4
4
4
4
4
4
4
4
4
4
4
4
4
4
4
4
4
4
4
4
4
4
4
4
4
4
4
4
4
4
4
11
4
4
11
11
11
11
1
0
1
1
1
1
1
1
1
1
1
1
1
1
1
1
1
1
1
3
32
1
1
3
32
3
3
3
1
3
3
3
3
3
3
3
3
3
3
3
3
3
3
3
3
3
3
3
3
3
3
3
3
3
3
3
3
3
3
5
5
5
3
5
5
5
5
5
5
5
5
5
5
29
29
29
29
29
1
29
29
11
29
29
29
29
29
5
29
29
20
20
20
20
20
20
20
20
20
23
20
23
20
20
23
23
23
23
23
20
23
16
23
23
23
23
23
16
23
16
16
16
16
16
16
16
16
16
16
16
13
16
16
16
16
16
16
13
13
16
16
16
13
16
16
16
13
13
13
13
13
13
13
13
6
13
13
6
6
13
0
13
6
0
6
6
6
0
6
6
26
13
0
6
6
13
13
6
26
13
6
6
26
13
6
6
26
6
0
6
26
6
26
26
26
6
6
26
6
6
6
26
26
26
6
26
26
26
26
26
26
26
26
26
26
40
40
40
40
40
40
40
36
36
36
36
36
36
36
36
36
36
36
36
36
36
36
36
36
36
36
36
36
36
36
36
41
41
41
41
41
41
41
41
41
43
43
43
43
43
43
43
43
43
43
43
43
43
31
31
31
31
43
43
31
31
31
31
31
31
43
31
31
31
31
31
31
31
31
31
31
39
39
39
39
39
39
39
39
39
39
39
39
39
31
31
31
7
7
7
7
7
7
7
7
7
7
7
7
7
7
7
7
7
25
25
25
25
25
25
25
25
25
25
25
25
25
25
25
25
25
25
25
25
25
25
25
2
2
2
2
2
2
2
2
2
2
2
25
25
28
28
25
25
28
28
28
28
28
28
28
28
28
28
28
28
28
28
28
28
28
28
28
28
28
28
28
28
28
15
22
22
22
22
22
22
15
15
22
22
22
22
15
22
22
22
22
22
22
22
22
22
22
22
22
22
22
22
22
38
38
22
38
38
38
38
38
38
22
38
38
38
38
38
35
35
35
35
35
35
35
35
35
35
35
35
35
39
35
35
7
7
17
35
35
35
35
35
35
35
35
35
35
35
35
35
35
35
35
35
12
12
12
12
12
35
34
34
33
24
12
2
12
12
12
12
12
12
12
12
12
12
12
12
12
12
12
12
12
34
34
34
34
34
34
42
42
42
42
42
42
42
42
42
42
42
42
42
42
42
42
42
42
42
42
42
42
42
27
42
42
42
27
27
42
42
27
27
21
42
21
27
27
21
27
30
27
27
27
30
27
27
27
27
27
27
21
27
27
21
21
27
27
21
27
27
27
27
27
27
30
27
30
42
27
27
27
27
27
21
27
27
27
27
27
27
27
27
27
27
30
30
27
30
30
30
30
30
30
30
30
30
30
30
30
30
30
30
30
30
30
30
30
30
30
30
30
30
30
30
24
24
24
24
24
24
24
24
24
24
24
24
18
24
24
24
18
18
18
18
18
18
18
18
18
18
18
18
18
18
18
18
18
18
18
18
18
18
18
