0
8
9
9
9
14
9
14
9
9
14
14
9
9
9
4
14
14
4
14
14
18
14
19
14
14
19
19
14
14
14
4
19
14
19
4
19
4
4
4
4
4
4
4
4
4
4
4
4
4
4
4
4
4
4
4
4
4
4
4
4
4
4
4
4
4
4
4
4
4
4
4
4
4
4
4
4
4
4
4
4
4
4
4
24
24
11
11
11
24
11
24
11
0
5
1
3
3
3
1
1
1
1
1
3
3
3
3
3
3
3
3
3
3
3
3
3
3
3
3
3
3
3
3
3
3
3
3
3
3
3
3
3
3
3
3
3
3
3
3
3
5
5
5
5
5
5
5
5
5
5
5
5
5
5
5
5
5
5
5
29
29
5
29
29
29
29
29
29
5
29
29
29
29
29
20
20
20
20
23
20
20
20
20
20
20
20
23
20
20
16
23
23
23
23
23
23
23
23
23
23
23
23
23
23
23
23
23
23
23
16
16
23
23
23
16
23
23
23
16
16
16
16
16
16
16
16
16
16
16
16
16
16
16
16
13
16
16
16
16
13
13
13
13
13
13
6
6
6
0
6
6
17
6
6
6
6
6
6
6
6
6
6
6
26
6
6
6
6
6
6
6
26
6
6
6
26
6
6
6
26
6
26
26
26
6
26
6
26
6
26
26
26
6
26
26
26
26
26
26
26
26
26
26
26
26
26
40
40
40
40
40
40
40
26
40
40
40
36
36
36
36
36
36
36
36
36
36
36
36
36
36
36
36
36
36
36
41
41
41
41
41
41
41
41
41
41
41
41
36
41
41
43
43
43
43
43
43
43
43
43
43
43
43
43
43
43
43
31
31
31
31
31
31
31
31
31
31
31
31
31
31
31
31
31
31
39
39
39
39
39
39
39
43
39
39
39
39
39
39
39
39
39
39
39
39
31
7
7
7
7
7
7
7
7
7
7
7
7
7
7
7
7
7
7
7
7
25
25
25
25
25
25
25
25
25
25
2
2
2
2
2
2
2
25
2
2
2
2
2
2
2
2
2
2
28
25
25
28
28
28
28
28
28
28
28
28
28
28
28
28
28
28
28
28
28
28
28
28
28
28
28
28
28
28
28
28
28
15
15
22
15
15
22
22
15
15
22
38
22
22
22
22
15
22
22
22
22
22
22
38
22
38
38
38
22
38
38
38
38
38
38
38
38
38
38
38
38
38
38
38
38
38
38
38
35
35
35
35
35
35
35
35
35
35
35
29
35
35
35
35
35
35
35
35
12
12
12
12
12
12
35
12
12
12
12
12
12
12
34
34
34
34
34
34
34
34
42
34
34
34
34
34
34
34
34
34
34
34
34
34
34
34
34
42
34
34
42
42
30
30
27
27
27
27
27
27
30
30
30
30
30
30
30
30
30
30
30
30
30
30
30
30
30
30
30
30
30
30
24
24
24
24
24
24
24
24
24
24
24
24
24
24
24
24
24
18
18
18
18
18
18
18
18
18
18
18
18
18
18
18
18
18
18
18
18
18
18
18
37
18
18
18
18
18
18
18
18
18
18
18
18
18
18
18
18
18
18
37
18
18
18
18
18
18
