0
0
0
0
0
0
0
0
0
0
0
0
0
0
0
0
0
0
0
0
0
0
0
0
0
0
0
0
0
0
0
10
33
10
0
33
10
10
0
0
0
10
0
0
0
0
0
8
0
8
8
8
8
8
8
8
8
8
8
8
9
9
9
9
9
9
9
9
9
9
9
9
9
9
14
14
4
19
19
4
19
19
19
4
19
19
19
4
4
4
4
4
4
19
4
4
4
4
4
4
4
4
4
4
4
4
4
4
4
4
4
4
4
4
4
4
4
4
4
4
4
4
4
4
4
4
4
4
4
4
11
11
11
1
11
1
1
1
1
1
1
29
1
29
20
1
1
1
1
1
20
1
3
3
3
3
3
3
3
3
3
3
3
3
3
3
3
3
3
3
3
3
3
3
3
3
3
3
3
3
3
3
3
3
3
3
3
3
3
3
3
3
3
3
3
3
3
3
3
3
3
3
3
3
3
3
5
5
5
3
5
5
5
5
18
5
5
5
18
3
13
13
13
16
13
13
13
13
13
3
13
13
13
13
13
13
13
13
13
13
13
13
13
13
13
32
13
13
13
13
16
13
13
13
13
13
13
13
13
13
13
6
13
13
18
6
18
18
18
26
18
18
18
26
13
26
26
26
13
26
26
26
13
26
26
40
26
13
40
26
13
13
16
20
13
20
13
16
0
20
13
20
20
40
40
26
26
40
40
40
40
40
40
26
26
40
40
40
13
40
40
26
26
40
40
26
40
40
40
40
26
40
40
26
40
40
40
26
26
40
40
40
26
40
40
26
26
40
26
26
40
40
40
40
40
40
40
40
40
40
40
40
40
40
40
40
40
40
40
40
40
40
40
40
40
40
40
36
36
36
36
36
36
36
36
36
36
36
36
36
36
36
36
36
36
36
36
41
41
41
41
41
41
41
41
41
41
41
41
41
41
41
41
9
7
41
41
41
41
41
43
43
43
43
43
43
43
43
43
43
43
43
43
43
43
43
43
43
43
43
43
43
43
43
43
43
43
43
31
31
31
39
31
31
39
39
39
39
39
39
39
39
39
39
39
39
39
39
39
43
31
31
31
43
31
31
31
43
43
31
39
39
39
43
43
43
39
43
43
43
43
43
43
43
43
7
7
7
7
7
7
25
7
25
25
25
25
25
25
25
25
25
25
25
25
25
25
25
25
25
25
25
25
25
25
2
2
2
2
2
2
2
2
2
2
2
2
2
2
2
2
2
2
2
2
2
28
28
28
28
28
28
28
28
28
28
28
28
28
28
28
28
28
28
28
28
28
28
28
28
28
28
28
28
28
28
28
28
15
28
15
15
22
22
22
22
22
22
38
22
22
38
38
38
38
22
22
22
22
38
38
38
38
38
22
22
38
22
22
38
38
38
38
38
38
38
38
38
38
38
38
38
38
38
38
38
38
38
38
38
32
38
35
35
35
35
35
35
35
35
35
35
35
35
35
35
35
35
35
35
35
35
35
35
12
35
35
12
35
35
35
35
35
5
5
35
34
35
35
35
34
34
34
35
34
35
35
34
12
12
12
12
12
12
12
12
12
12
12
12
12
12
34
34
34
34
42
42
42
42
42
42
42
42
42
42
42
42
42
42
42
42
42
42
42
42
42
42
42
27
27
27
27
27
21
27
27
27
21
21
27
27
27
27
27
27
27
27
30
27
30
30
30
30
30
30
30
30
30
30
30
30
30
30
30
30
30
30
30
30
30
30
30
30
30
30
30
30
30
30
24
24
24
24
24
24
24
24
24
24
24
24
24
24
24
24
24
24
24
24
24
18
18
18
18
18
18
18
18
18
18
18
18
18
18
18
18
18
18
