8
8
8
8
8
0
8
8
8
8
9
9
8
8
8
8
8
8
8
9
8
9
9
9
9
9
4
9
14
9
14
1
14
14
4
19
19
14
19
19
14
19
4
4
4
4
4
4
4
4
4
4
4
4
4
4
4
4
4
4
4
4
4
4
4
4
4
4
4
4
4
4
4
4
4
4
4
4
4
4
4
4
4
4
4
4
4
4
11
11
11
3
1
1
1
1
1
29
5
5
1
3
3
1
3
3
3
3
3
3
3
3
3
3
3
3
3
3
3
3
3
3
3
3
3
3
3
3
3
3
3
32
3
3
3
3
3
3
3
3
3
3
3
5
3
5
3
5
5
5
5
5
5
5
5
5
5
5
3
5
5
5
5
5
5
5
5
5
5
5
5
5
5
5
5
16
5
5
3
13
29
29
6
20
20
20
20
23
23
20
20
23
23
20
20
23
20
23
23
23
23
23
23
23
23
23
23
23
23
23
23
23
23
23
23
23
23
16
23
16
16
16
16
16
16
16
16
16
16
16
16
16
16
16
16
13
13
13
13
13
13
13
13
13
13
13
13
13
13
13
13
13
0
0
6
6
6
6
6
6
6
6
6
0
6
6
6
6
6
6
6
6
6
6
6
6
6
6
6
6
6
6
6
6
6
6
6
6
6
6
6
6
6
6
6
6
6
6
26
6
6
6
26
26
6
26
26
26
6
26
26
26
6
26
26
26
40
40
26
6
40
26
36
36
36
36
36
36
36
36
36
36
36
36
36
36
36
36
36
36
36
41
41
41
41
41
41
41
41
41
41
41
41
41
41
43
43
43
43
43
43
43
43
43
43
43
43
43
43
43
43
43
43
43
43
43
43
43
43
43
43
43
43
43
43
43
43
43
43
43
43
43
43
43
39
39
43
39
39
39
39
39
43
43
43
43
39
43
43
43
43
43
43
43
43
43
43
43
43
43
43
43
43
43
43
43
43
43
43
43
43
43
43
43
43
43
43
43
43
31
43
31
31
43
43
43
43
43
43
39
43
43
43
43
43
43
43
7
7
7
7
37
7
7
7
7
7
25
24
24
24
25
25
25
25
28
28
28
28
25
25
25
25
25
25
25
25
25
25
2
2
2
2
25
2
25
2
2
2
2
2
2
2
2
2
2
2
2
2
2
2
2
2
2
2
2
2
2
28
28
28
28
28
28
28
28
28
28
28
28
28
28
28
28
28
28
28
28
28
28
28
28
28
28
28
28
28
28
28
28
28
15
15
15
15
15
15
15
22
22
22
22
22
22
22
22
22
38
22
22
22
38
22
22
22
38
22
22
22
38
22
38
38
38
38
38
38
38
38
38
38
38
38
38
38
38
38
38
35
38
38
35
35
35
35
35
35
35
24
35
35
35
35
35
35
35
35
12
12
12
12
12
12
12
12
12
12
34
34
34
12
34
34
12
34
34
34
12
34
35
12
12
12
12
12
12
34
12
12
12
12
12
12
12
12
34
34
12
34
34
12
12
34
34
34
12
34
34
34
12
34
34
12
12
34
34
34
34
34
34
34
42
42
34
34
34
42
34
34
34
42
42
42
34
42
42
34
34
42
42
42
42
42
42
42
27
21
21
21
21
21
21
21
21
21
21
27
27
21
27
27
27
21
27
21
27
27
21
27
27
27
27
27
27
21
21
21
21
21
27
27
27
27
27
30
27
30
30
30
30
30
30
30
30
30
27
27
27
27
30
30
30
30
30
30
30
30
30
24
24
24
24
24
24
24
24
24
24
24
24
24
24
24
24
24
24
24
24
24
24
30
24
24
24
24
24
24
24
24
24
24
24
24
24
24
24
24
18
24
18
18
18
18
18
18
18
18
18
18
18
18
18
18
18
18
18
18
18
18
18
18
18
18
18
