9
8
9
8
0
0
0
0
16
20
0
0
0
8
8
9
9
9
9
9
9
8
20
14
9
14
9
9
9
9
9
9
14
14
4
14
4
4
4
14
14
4
14
14
14
4
4
14
14
14
14
14
14
4
4
19
4
19
4
4
4
4
4
19
4
4
19
19
4
4
19
19
4
4
19
19
4
4
19
19
4
4
4
4
4
4
4
4
4
4
4
4
4
4
4
4
4
4
4
4
4
4
4
4
4
4
4
4
4
4
4
4
4
11
11
11
1
1
1
1
1
1
1
1
1
1
1
1
1
1
1
1
1
1
1
1
1
1
1
1
1
1
1
1
1
3
3
3
3
3
3
3
3
3
3
3
3
3
3
3
3
3
3
3
3
3
3
3
3
5
5
5
5
5
3
5
5
5
5
5
5
5
5
5
5
5
5
29
29
29
11
29
29
29
11
29
29
11
29
29
29
20
20
20
20
20
20
20
20
20
20
20
23
20
20
20
23
23
23
23
23
20
23
23
23
23
20
23
23
23
23
23
20
20
20
23
23
23
16
23
16
16
16
16
16
16
16
16
16
16
16
16
16
16
16
16
16
16
16
16
16
16
16
16
16
13
13
13
13
16
13
6
6
6
6
6
0
0
6
6
6
6
6
0
0
0
0
0
0
0
0
6
6
6
6
6
6
6
6
6
6
6
6
6
26
6
6
26
26
6
6
6
26
26
6
6
26
26
26
26
26
26
26
26
26
26
26
26
26
26
26
26
26
40
40
40
40
40
40
40
40
40
40
36
36
36
36
36
36
36
36
36
36
36
36
36
36
36
36
36
36
36
36
36
36
36
36
36
41
41
41
41
41
41
41
41
41
41
41
41
41
7
7
7
7
41
41
41
41
41
43
43
43
43
43
43
43
43
43
43
43
43
43
43
43
43
43
43
43
43
43
43
31
43
43
31
31
31
31
31
31
31
31
31
31
31
39
39
39
39
39
39
39
39
39
39
39
39
39
39
39
39
39
39
7
7
7
7
7
7
7
7
25
25
25
25
25
25
25
25
25
25
25
25
25
25
25
25
25
25
25
25
2
2
2
2
2
2
2
2
2
28
28
28
28
28
28
28
28
28
28
28
28
28
28
28
28
28
28
28
28
28
28
28
28
28
28
28
28
28
28
28
28
28
28
28
28
15
15
22
15
22
22
22
22
22
22
15
22
22
22
22
22
22
22
22
22
22
22
22
22
22
22
22
22
38
22
22
22
38
22
38
22
38
22
22
22
38
35
35
35
35
35
35
35
35
35
35
35
18
35
24
24
35
35
35
35
12
35
12
12
12
12
35
12
12
12
12
12
35
35
35
12
12
35
34
34
34
34
34
34
34
34
35
35
34
35
34
34
34
34
34
42
34
42
34
34
34
34
42
42
42
42
42
42
42
42
42
42
42
42
42
42
42
42
42
42
42
21
42
21
42
21
42
27
27
42
42
27
27
27
27
30
21
27
27
27
27
13
21
30
27
30
27
27
30
27
27
27
30
27
27
27
30
30
30
30
30
30
30
30
30
30
30
30
30
30
30
30
30
30
30
30
30
30
30
30
30
30
30
30
30
30
24
24
24
24
24
24
24
24
24
24
24
24
24
24
24
24
24
18
18
18
18
18
18
18
18
18
18
18
18
18
18
18
18
18
18
18
18
18
