1
11
11
11
4
10
1
4
1
4
14
1
1
1
8
11
1
7
4
4
8
9
9
9
9
9
9
9
9
9
9
9
9
9
5
3
4
1
1
14
14
14
4
1
20
20
20
4
4
4
20
4
4
4
20
4
4
4
4
4
4
20
20
4
4
18
20
4
4
4
20
4
4
11
20
4
4
0
20
4
4
13
4
4
4
4
4
4
4
4
23
4
4
4
4
4
4
18
16
4
4
18
4
4
4
18
20
4
11
18
4
1
1
1
1
1
1
20
1
1
1
1
1
1
1
1
3
3
1
1
3
3
3
3
3
3
3
3
3
3
3
3
3
3
3
3
3
3
3
3
3
3
3
3
3
3
3
3
3
3
3
3
3
3
3
5
3
5
5
3
5
5
5
5
5
5
5
5
5
5
5
5
20
11
0
16
5
29
5
5
5
4
20
20
20
20
20
20
20
20
20
20
20
20
20
20
20
18
20
20
18
18
18
20
16
18
16
16
16
16
16
16
23
16
16
23
16
16
16
16
16
16
16
16
16
13
16
16
16
16
16
16
16
13
16
16
16
16
16
13
13
16
16
16
13
13
13
13
13
13
13
16
16
13
17
13
13
13
13
13
13
13
13
13
13
13
13
13
13
13
13
13
13
13
18
13
13
13
13
13
13
18
13
13
13
13
13
18
13
18
13
13
13
18
17
18
13
18
13
18
17
18
6
18
17
18
17
18
18
18
18
18
18
26
6
18
17
26
13
0
17
13
0
17
0
13
13
17
0
36
36
36
36
36
36
36
36
36
36
36
36
36
36
36
36
36
36
36
36
36
36
41
41
41
41
41
36
36
36
36
41
36
41
41
41
41
41
41
41
41
41
41
41
41
41
41
41
41
43
43
43
43
43
43
43
43
43
43
43
43
43
43
43
43
43
43
43
43
43
31
31
31
31
31
31
31
43
31
31
31
43
31
31
31
31
39
39
31
31
39
39
39
39
39
39
39
39
39
39
39
39
39
39
39
39
39
39
39
39
39
39
39
7
7
7
7
7
7
7
7
7
7
7
7
7
7
7
7
7
7
25
7
25
7
25
25
25
25
25
25
25
25
25
25
25
25
25
25
25
25
2
25
25
25
25
25
25
2
2
2
2
2
2
2
2
2
28
28
28
28
28
28
28
28
28
28
28
28
28
28
28
28
28
28
28
28
28
28
28
28
28
28
28
28
28
28
28
15
28
22
15
15
15
22
15
15
22
22
22
22
15
22
22
22
22
22
22
22
15
22
22
22
22
22
22
22
22
22
22
22
22
38
22
22
22
38
38
38
38
38
38
38
38
38
35
35
35
35
35
35
35
35
35
35
35
35
35
35
35
35
35
35
35
35
35
35
35
35
35
12
12
12
12
12
12
12
12
12
12
12
12
12
12
12
34
34
34
34
34
34
34
34
34
34
34
34
34
34
34
34
34
34
34
34
34
34
34
34
34
34
34
34
34
34
34
34
34
34
34
34
34
34
34
34
34
34
34
34
34
42
42
42
42
42
42
42
42
42
42
42
42
42
42
42
42
42
42
42
42
42
42
42
42
42
42
42
42
42
21
27
27
27
27
27
27
27
27
27
27
27
27
30
27
27
27
27
27
27
30
27
27
21
27
27
27
27
27
27
27
27
30
30
30
30
27
30
30
30
30
30
30
30
30
30
30
30
30
30
30
30
30
30
30
30
30
30
30
30
30
30
30
30
30
30
24
24
24
24
24
24
24
24
24
24
24
24
24
24
24
24
24
18
18
18
18
18
18
18
18
18
37
37
18
18
18
18
18
37
18
18
37
37
