8
8
8
8
8
14
9
9
9
9
20
1
1
14
14
9
9
14
9
9
9
8
9
14
9
9
14
9
9
9
9
9
9
9
9
9
9
9
14
14
9
14
4
0
0
19
14
0
14
19
19
19
14
19
4
4
19
4
4
4
4
4
4
4
4
4
4
4
4
4
4
4
4
4
4
4
4
4
4
4
4
4
4
4
4
4
4
4
4
4
4
4
4
4
4
4
4
4
4
4
4
4
4
4
4
4
4
4
11
1
3
11
11
11
11
1
1
1
1
3
3
1
1
1
1
1
1
1
32
32
3
1
32
1
32
32
3
3
3
1
32
32
3
3
3
3
3
3
3
3
3
3
3
3
3
3
3
3
3
3
3
3
3
3
3
3
3
3
5
5
5
5
5
5
5
5
5
5
5
5
5
5
5
5
5
5
5
29
29
29
29
29
29
29
13
29
20
20
20
20
20
20
20
20
20
20
20
20
23
20
20
20
20
20
20
20
23
20
20
23
20
20
23
23
23
23
23
23
23
23
23
23
23
23
16
16
16
16
16
16
16
23
16
16
16
16
16
16
16
16
16
16
16
16
16
13
13
13
13
13
13
13
13
13
13
13
13
0
0
0
0
6
0
6
6
6
6
20
6
6
6
6
6
6
6
26
6
6
6
6
6
6
26
26
26
26
26
26
26
26
26
26
6
26
26
26
26
26
26
26
26
26
26
26
26
26
26
26
26
26
26
26
26
26
26
26
26
26
40
26
40
40
40
6
20
40
36
36
36
36
36
36
36
36
36
36
36
36
36
36
36
36
36
36
36
36
41
41
41
41
41
41
41
36
41
41
41
41
41
41
41
41
41
41
41
41
41
43
43
43
43
43
43
43
43
43
43
43
43
43
43
43
43
43
43
43
43
43
43
43
43
43
43
43
43
43
43
43
43
43
43
43
43
43
31
31
31
31
31
31
31
39
39
39
39
39
39
39
39
39
39
39
39
39
39
39
39
43
39
39
43
43
7
43
7
7
7
7
7
7
7
7
7
7
7
7
7
7
25
25
25
25
25
25
25
25
25
25
25
25
25
25
25
25
25
25
25
25
25
2
2
2
2
2
2
2
2
28
28
2
28
28
28
28
28
28
28
28
28
28
28
28
28
28
28
28
28
28
28
28
28
28
28
28
28
28
28
28
28
15
15
22
15
15
15
22
15
15
22
22
22
22
22
22
22
22
22
22
22
22
22
38
22
38
38
38
22
38
38
38
22
22
38
38
22
38
38
38
38
38
38
38
38
38
35
35
35
35
35
35
35
35
35
35
24
24
24
38
24
24
24
24
35
35
35
35
12
12
12
12
12
12
35
12
35
12
12
35
12
12
12
34
34
34
34
34
34
34
34
34
34
34
34
34
34
42
42
42
42
42
42
42
42
42
42
42
42
42
42
42
42
42
42
27
42
27
42
42
42
42
27
27
42
27
42
27
42
27
42
42
27
27
30
30
30
30
30
30
30
30
30
30
30
30
30
30
30
30
30
30
30
30
30
30
30
30
30
30
30
30
30
30
24
24
24
24
24
24
24
30
24
24
24
24
24
24
24
24
24
24
18
18
18
18
18
18
18
18
18
18
18
18
18
18
18
18
18
18
18
18
18
18
18
18
