8
8
1
8
8
8
8
8
8
8
8
8
8
8
8
8
9
8
8
8
9
8
8
9
8
8
9
9
9
29
29
29
29
18
0
10
11
14
9
0
14
14
14
10
1
14
14
14
14
14
10
14
14
14
1
14
3
14
29
14
5
14
9
29
14
14
14
19
4
4
18
4
4
4
0
4
4
4
4
4
4
4
4
4
4
4
4
4
4
4
4
4
4
4
4
4
4
4
4
4
4
4
4
4
4
4
4
4
11
4
4
4
11
4
4
4
11
4
18
13
0
4
18
0
0
0
18
1
13
19
19
19
4
4
18
20
20
4
4
4
20
4
18
20
20
4
20
20
4
4
20
20
20
4
4
20
4
4
4
20
4
4
23
20
4
4
4
4
4
4
23
4
4
4
4
4
4
4
23
4
4
4
4
4
4
11
18
4
4
11
18
11
13
11
13
11
13
0
29
41
36
36
36
36
36
36
1
1
1
1
1
1
1
1
1
32
32
32
32
32
32
32
32
32
32
32
32
32
32
32
32
3
3
3
32
3
3
3
3
3
3
3
3
3
3
3
3
3
3
3
3
3
3
3
3
3
5
5
5
5
5
5
5
5
5
5
5
5
3
18
29
29
29
29
29
29
29
29
29
29
29
29
20
29
20
20
20
20
20
20
20
20
20
23
23
20
23
23
23
23
23
23
23
23
23
23
23
23
16
16
16
16
16
16
16
16
16
16
16
16
16
16
13
16
16
13
13
16
16
13
16
16
16
13
13
13
13
13
16
16
16
16
16
16
16
16
13
13
13
13
13
13
6
6
6
0
6
6
0
13
6
0
6
0
6
6
0
0
0
0
0
0
0
6
6
0
0
0
6
0
0
6
6
0
6
6
6
6
6
6
6
6
6
6
26
26
26
26
26
6
26
26
26
26
26
26
26
26
26
26
26
26
26
40
40
40
6
40
40
40
26
40
26
36
36
36
36
36
36
36
36
36
36
36
36
36
36
36
36
41
36
41
41
41
41
41
41
41
41
41
41
41
41
43
43
43
43
43
43
43
43
43
43
43
43
43
43
43
43
31
31
31
43
43
43
43
31
43
31
31
31
31
31
31
31
31
31
31
31
31
31
39
39
39
39
39
39
39
39
39
39
39
39
39
39
39
39
39
31
7
7
7
7
7
7
7
7
7
7
7
7
25
25
25
25
7
25
25
7
7
7
7
7
25
25
25
25
25
25
25
25
25
25
25
25
25
25
25
25
25
25
25
2
2
2
2
2
2
2
2
2
2
2
2
2
2
2
2
2
28
28
28
28
28
28
28
28
28
28
28
28
28
28
28
28
28
28
28
28
28
28
28
28
28
28
28
28
28
15
28
15
15
22
22
38
22
38
38
22
38
38
22
38
38
38
38
38
38
38
38
38
38
38
38
38
38
38
38
22
38
38
38
38
38
38
38
38
38
38
38
38
38
38
38
38
38
38
38
38
35
38
35
35
35
35
35
35
35
24
24
24
24
24
24
35
35
35
34
34
34
34
12
12
34
12
12
12
34
34
34
12
12
12
12
34
34
42
42
42
42
42
34
34
42
42
42
42
42
42
42
42
42
42
42
42
42
42
42
42
27
21
21
21
42
42
42
21
42
42
42
21
21
21
21
21
21
27
27
21
30
30
27
30
24
24
24
24
24
24
24
24
24
24
24
24
24
24
24
30
30
24
30
30
30
30
30
30
30
30
24
24
24
24
24
30
24
24
24
24
24
24
24
24
24
24
24
24
18
18
18
24
18
18
18
18
18
18
18
18
18
18
18
18
18
18
18
18
18
18
18
18
18
