8
8
9
8
8
8
8
8
0
0
8
0
0
0
8
8
8
8
8
8
8
8
8
9
9
9
9
14
14
4
4
14
14
8
19
14
19
19
19
19
19
4
4
4
4
4
11
4
11
11
4
0
11
4
4
11
4
4
13
13
4
4
4
4
4
4
4
4
19
19
19
14
19
14
18
18
18
4
19
4
4
4
19
4
20
4
4
4
4
4
4
4
4
4
4
4
4
4
4
4
4
4
4
4
4
19
4
4
4
4
4
4
4
4
4
4
4
4
4
4
13
4
4
4
4
4
4
4
11
4
4
11
11
11
11
11
1
1
1
1
5
5
5
1
1
1
1
1
1
1
1
1
1
1
1
1
3
3
3
3
3
3
3
1
3
3
1
3
3
3
3
3
5
5
5
5
3
5
3
3
3
3
5
3
5
5
5
3
5
5
5
5
5
5
5
5
5
5
5
5
5
5
5
5
24
5
29
29
24
29
29
29
29
29
29
5
29
29
8
29
29
29
29
20
20
20
20
20
20
20
20
20
20
20
20
23
20
20
23
23
20
20
23
23
20
20
23
23
20
23
23
23
23
23
23
23
23
23
23
16
16
23
16
16
23
16
16
16
16
16
16
16
16
13
16
16
16
16
16
16
16
13
16
16
13
13
13
13
13
13
18
0
0
0
18
0
0
17
18
0
0
0
18
0
0
0
18
0
0
0
18
0
0
0
18
0
17
17
18
17
6
17
18
17
17
17
18
17
6
17
18
0
6
18
18
17
17
17
18
18
18
18
18
18
26
18
18
26
26
26
26
40
40
40
17
40
40
40
26
26
26
26
26
26
40
40
6
26
26
26
6
6
26
40
6
26
26
40
26
26
26
40
6
26
26
26
26
26
26
40
26
26
26
40
26
26
26
40
26
26
26
40
26
26
26
40
26
40
40
40
26
40
26
40
26
40
40
40
26
40
40
40
40
40
40
40
40
40
36
36
36
36
36
36
36
36
36
36
36
36
36
36
36
36
41
36
36
36
41
41
41
41
41
41
41
40
41
41
41
41
7
7
43
41
41
41
43
43
43
43
43
43
43
43
43
43
43
43
43
43
43
43
43
43
43
43
43
43
43
31
43
31
31
31
39
39
39
39
39
39
39
39
39
39
39
39
39
39
39
39
39
39
31
31
39
39
31
43
43
43
43
43
43
43
43
43
7
39
43
39
43
43
43
31
31
43
43
43
31
39
31
31
39
39
39
31
31
31
31
31
39
39
39
39
39
39
39
39
39
39
39
39
39
39
39
39
37
7
7
7
24
24
25
25
25
25
25
28
28
28
28
28
28
28
28
28
2
2
25
2
2
2
2
2
2
2
2
2
2
2
2
2
2
2
2
2
2
2
28
28
28
28
28
28
28
28
28
28
28
28
28
28
28
28
28
28
28
28
28
28
28
28
28
28
28
28
28
28
28
28
28
28
15
15
15
15
15
15
15
22
15
15
15
15
15
22
22
22
22
22
22
22
38
38
38
38
38
38
38
22
22
38
38
38
38
38
38
38
38
38
38
38
38
38
38
35
35
35
38
38
35
35
35
35
35
35
35
35
35
35
35
35
35
35
12
12
34
34
34
34
34
34
34
12
12
34
34
12
34
34
34
34
34
34
34
34
34
34
34
34
34
34
34
42
34
42
42
42
34
42
42
42
34
42
42
42
34
42
42
42
42
42
42
42
42
42
42
42
42
42
42
42
42
42
42
42
42
42
42
42
42
42
27
30
30
30
30
30
30
30
30
30
30
30
30
30
30
30
30
30
30
30
30
30
30
30
30
30
30
30
30
30
24
24
24
24
24
24
24
24
24
24
24
24
24
24
24
24
24
18
18
18
18
18
18
18
18
18
18
18
18
18
18
18
18
18
18
18
18
18
18
