8
8
8
8
8
8
8
9
9
9
9
9
9
9
9
9
9
9
14
9
9
11
14
14
1
4
3
19
4
4
4
4
4
4
4
11
4
4
4
4
4
4
4
4
4
4
4
4
4
4
4
4
4
4
4
4
4
4
4
4
4
4
4
4
4
4
4
4
4
4
4
11
4
4
4
4
4
4
4
4
4
4
4
4
4
4
4
4
4
4
4
4
4
4
4
4
4
4
4
4
4
4
4
4
4
4
4
11
11
11
1
1
1
1
1
1
1
1
3
3
3
3
3
1
3
1
1
1
3
3
3
3
3
3
3
3
3
3
3
3
3
3
3
3
3
3
3
3
3
3
3
3
3
3
3
3
3
3
3
3
3
3
3
3
5
5
5
5
5
5
5
5
5
5
5
5
5
5
5
5
5
5
5
5
29
5
5
29
29
29
29
5
1
29
29
11
29
1
1
20
20
29
29
20
20
20
20
20
20
20
23
23
20
20
20
23
20
23
23
23
23
23
23
23
23
23
20
23
23
23
23
23
23
23
23
23
23
23
23
16
16
16
16
16
16
16
16
16
16
16
16
16
16
16
16
16
16
16
16
16
16
16
16
16
13
13
13
13
13
13
13
18
18
13
18
18
0
0
13
0
0
0
0
0
0
0
13
0
0
0
13
0
0
0
13
0
0
0
0
0
0
0
13
0
6
6
13
6
6
0
13
6
6
6
6
26
6
6
13
26
26
6
26
26
26
26
26
26
26
26
26
13
40
40
40
40
40
0
40
36
36
36
36
36
36
36
36
36
36
36
36
36
41
41
41
41
41
41
41
41
41
41
20
41
41
41
41
41
41
43
43
43
43
43
43
43
43
43
43
43
43
43
43
43
43
43
43
43
43
43
43
43
43
43
43
43
43
43
43
43
43
43
31
31
31
39
39
39
39
39
39
39
39
39
39
31
31
31
31
31
31
31
43
43
31
43
43
43
43
43
43
43
31
43
43
31
39
39
43
43
43
43
43
43
43
43
43
43
43
43
43
43
43
43
43
43
43
31
43
39
39
39
39
39
39
39
39
39
39
39
39
41
41
7
7
17
7
7
7
7
7
25
7
25
25
25
7
25
7
7
7
25
25
28
28
28
35
25
25
28
2
2
2
2
2
2
2
2
2
2
2
2
2
2
2
2
2
2
2
2
2
2
2
2
2
2
2
2
2
2
28
28
28
28
28
28
28
28
28
28
28
28
28
28
28
28
28
28
28
28
28
28
28
28
28
28
28
28
28
28
15
22
22
22
22
22
22
38
22
22
22
38
22
22
22
38
22
38
22
38
22
22
22
38
22
38
22
38
38
38
22
38
38
38
22
38
38
38
22
38
38
38
38
38
38
38
38
38
38
35
38
38
38
38
35
35
35
35
35
35
35
35
35
35
35
35
35
35
35
35
29
35
35
35
34
17
34
34
17
35
35
35
35
12
12
12
12
12
12
35
12
35
35
35
12
12
35
35
35
35
12
12
34
12
34
34
34
34
34
34
34
34
34
34
34
34
34
34
34
34
34
34
34
34
34
42
34
42
34
34
34
34
34
34
34
34
34
34
34
34
34
34
42
34
34
42
42
42
42
27
27
27
27
27
27
27
27
27
27
27
27
27
27
27
27
27
27
27
27
27
27
27
27
30
27
27
30
27
27
27
27
27
27
27
27
27
27
27
27
27
27
27
27
27
27
30
30
30
30
30
30
30
30
30
30
30
30
30
30
30
30
30
30
30
30
30
30
30
30
30
30
30
30
30
30
24
24
24
24
24
24
24
24
24
24
24
24
24
24
24
24
24
24
24
18
18
18
18
18
18
18
18
18
18
18
18
18
18
18
18
18
18
18
