8
1
8
8
8
8
8
8
8
8
8
8
8
8
8
9
8
9
9
9
8
8
8
9
9
9
9
9
9
9
9
9
9
9
9
9
9
9
9
19
14
14
4
4
4
4
4
4
4
4
11
4
4
4
4
4
4
4
4
4
4
4
4
4
4
4
4
4
4
4
4
4
4
4
4
4
4
4
4
4
4
4
4
4
4
4
4
4
4
4
4
4
4
4
4
4
4
11
1
4
4
18
1
11
13
13
1
1
1
18
1
20
18
1
18
1
1
1
3
3
1
3
3
3
3
3
3
3
3
3
3
3
3
3
3
3
3
3
3
3
3
3
3
3
3
3
3
3
3
3
3
10
10
10
3
10
10
10
3
10
10
10
3
10
10
10
10
10
10
10
5
10
10
13
3
13
16
13
13
0
5
10
3
16
18
18
18
18
18
16
18
16
16
16
18
18
18
16
18
18
18
18
18
18
18
18
18
18
18
18
18
18
18
18
18
18
18
18
18
18
13
16
13
13
13
16
13
16
13
16
13
13
13
13
13
13
13
13
13
13
13
13
13
13
13
13
13
13
13
13
6
26
6
6
6
26
26
26
26
26
26
26
26
26
26
26
26
26
26
26
26
26
26
26
26
26
26
26
26
26
26
26
26
26
26
26
26
26
26
26
26
26
26
26
26
26
26
26
26
26
26
26
26
26
26
26
26
26
26
26
26
40
40
40
40
40
40
40
40
36
36
36
36
36
36
36
36
36
36
36
36
36
36
36
36
36
41
41
41
41
41
41
41
41
41
41
13
24
24
23
1
20
1
43
41
41
43
43
43
43
43
43
43
43
43
43
43
43
43
43
43
43
43
43
43
43
43
43
7
7
7
7
43
43
43
43
31
43
31
43
31
31
31
31
31
31
39
39
39
39
39
39
39
39
39
39
39
39
39
39
39
39
39
39
39
39
31
43
43
43
43
43
43
43
43
43
43
43
43
43
39
39
39
39
7
7
7
43
7
7
7
7
7
7
7
7
7
25
25
25
25
25
25
25
25
25
2
2
2
2
25
2
25
25
2
2
2
2
2
2
2
2
2
2
2
2
28
28
28
28
28
28
28
28
28
28
28
28
28
28
28
28
28
28
28
28
28
28
28
28
28
28
28
28
28
28
28
28
28
28
28
28
28
15
22
15
15
22
22
15
15
22
22
22
22
15
15
15
22
22
22
22
15
22
15
22
38
38
38
22
22
22
38
22
38
38
38
22
22
38
38
38
38
38
38
38
38
38
35
35
35
35
35
35
35
35
35
35
35
35
35
35
35
35
35
35
35
12
12
12
12
12
12
12
12
12
12
12
12
12
12
12
12
12
12
12
12
12
34
34
34
34
34
34
42
42
42
42
42
42
42
42
42
42
42
42
42
42
42
42
42
42
42
27
30
27
27
27
21
27
30
27
27
27
27
27
30
27
21
27
27
27
30
27
27
27
27
27
27
27
27
27
27
27
27
27
27
21
27
27
27
27
30
30
27
30
30
30
30
30
30
30
30
30
30
30
30
30
30
30
30
30
30
30
30
30
30
30
30
30
30
30
30
30
30
24
24
24
24
24
24
24
24
24
24
24
24
24
24
24
24
24
18
24
18
18
18
18
18
18
18
18
18
18
18
18
18
18
18
18
18
18
18
18
