0
0
0
0
0
0
8
0
10
8
10
10
0
10
10
0
0
0
0
0
11
11
11
11
11
0
11
0
11
11
0
0
0
11
11
11
11
11
11
0
0
0
0
0
0
0
0
0
0
0
0
0
0
9
9
9
9
14
14
9
9
14
14
14
9
14
9
14
14
9
9
9
14
14
9
14
14
14
19
4
19
19
19
19
19
4
4
19
4
4
4
4
4
4
4
4
4
4
4
4
4
4
4
4
4
4
4
4
4
4
4
4
4
4
4
4
4
4
4
4
4
4
4
4
4
4
4
4
4
4
4
4
4
4
4
4
4
4
4
4
4
4
11
1
1
1
1
1
1
1
1
1
1
1
1
1
1
1
1
1
1
1
1
32
32
32
32
32
32
32
32
32
32
32
32
1
32
32
32
32
32
3
3
32
32
3
3
3
3
3
3
32
3
3
3
3
3
3
3
3
3
3
3
3
3
5
5
3
3
3
5
5
3
5
5
5
5
5
5
5
5
5
5
5
5
5
5
5
5
29
29
29
29
29
29
29
29
29
29
29
29
29
29
29
20
20
20
20
20
20
20
20
20
20
20
20
20
23
23
23
20
23
20
23
23
23
23
23
23
23
23
23
23
23
23
23
23
23
23
23
23
23
23
23
23
23
23
16
23
16
16
16
16
16
16
16
16
16
16
16
13
13
13
13
13
13
13
13
13
13
13
13
18
13
13
13
0
6
13
18
18
24
17
18
18
18
17
18
18
18
18
18
18
18
24
18
18
18
6
6
18
18
26
26
18
6
26
26
26
18
26
26
26
18
26
26
26
18
26
26
18
26
26
26
18
18
26
18
18
26
26
26
18
26
26
26
18
26
26
18
26
18
17
24
26
18
24
24
40
36
40
36
36
36
36
36
36
36
36
36
36
36
36
36
36
36
41
41
41
41
41
41
41
41
41
41
41
41
41
41
29
41
41
41
43
43
43
43
43
43
43
43
43
43
43
43
43
43
43
43
31
31
31
31
31
31
31
43
31
43
43
31
31
31
31
31
31
31
31
31
31
39
39
39
39
39
39
39
39
39
39
39
39
39
39
39
41
24
7
7
7
7
7
7
7
7
7
7
7
7
7
7
7
7
7
7
7
7
7
25
25
25
25
25
25
25
25
25
25
25
25
25
25
2
2
2
2
2
2
2
2
2
2
2
2
2
28
28
28
28
28
28
28
28
28
28
28
28
28
28
28
28
28
28
28
28
28
28
28
28
28
28
28
28
28
32
28
28
28
32
3
38
38
38
38
22
22
38
38
38
38
38
38
38
22
22
22
22
38
22
38
38
38
38
38
38
38
38
38
38
38
38
38
38
38
38
38
38
38
38
38
38
38
38
38
38
38
38
35
35
35
35
35
35
35
35
35
25
35
35
35
35
35
35
35
35
35
35
35
35
35
35
12
35
35
35
35
35
35
34
34
34
34
34
34
34
34
34
12
34
34
12
34
34
34
34
34
34
34
34
34
42
42
42
42
42
42
42
42
42
42
42
42
42
42
42
42
42
42
42
42
42
42
42
42
42
42
42
21
27
21
27
27
27
27
27
27
21
27
27
27
27
27
30
30
27
27
30
30
30
30
30
30
30
30
30
30
30
30
30
30
30
30
30
30
30
30
30
30
30
30
30
30
30
30
30
24
24
24
24
24
24
24
24
24
24
24
24
18
24
24
24
18
24
24
18
18
18
18
18
18
18
18
18
18
18
18
18
18
18
18
18
18
18
18
