0
0
0
0
0
0
0
0
0
0
0
0
0
0
0
0
0
0
0
0
0
0
0
0
0
0
0
0
0
0
0
0
0
0
0
0
0
0
0
0
0
0
0
0
0
0
0
0
0
0
0
0
0
0
0
0
0
0
0
0
0
0
0
0
0
0
0
0
0
0
14
14
4
4
4
19
11
0
0
0
0
11
0
0
0
0
0
0
0
0
0
0
0
0
0
0
0
0
0
0
0
0
0
0
0
0
0
0
0
0
0
0
0
0
0
0
0
0
0
0
0
0
0
0
0
0
0
0
10
10
10
14
14
14
14
5
8
0
0
9
9
9
14
9
8
8
8
9
9
8
8
8
14
14
9
9
8
8
9
8
9
9
9
9
9
9
8
9
9
8
9
9
9
9
9
9
9
9
9
9
9
9
9
14
8
14
24
24
24
24
10
10
18
10
10
8
10
8
8
10
10
18
8
8
8
8
9
9
10
10
10
10
10
10
10
10
8
7
9
8
10
7
7
7
7
7
7
7
7
7
7
7
9
10
10
7
7
7
7
7
7
7
7
7
7
7
10
7
7
7
7
7
7
7
7
20
14
10
14
14
20
14
14
14
14
19
19
19
19
19
4
4
4
4
4
4
4
4
4
4
4
4
4
4
4
4
4
4
4
4
4
4
4
4
4
4
4
4
4
4
4
4
4
4
4
4
4
4
4
4
11
11
11
11
11
11
11
11
11
11
11
11
11
11
11
11
11
11
11
11
11
11
11
11
11
11
11
20
4
11
11
20
11
11
11
24
11
24
1
11
5
29
1
1
1
32
32
3
3
32
32
32
32
32
3
32
32
3
3
3
3
3
3
3
3
3
3
3
3
3
3
3
3
3
3
3
3
5
5
3
5
5
5
5
5
5
5
5
5
5
5
5
5
5
5
5
5
5
5
5
5
5
5
5
20
29
13
13
29
29
29
29
29
3
3
20
20
20
20
20
20
20
20
20
20
20
20
20
20
20
23
23
23
23
23
23
23
23
23
23
23
23
23
23
23
23
23
23
23
23
23
23
23
23
23
23
23
23
23
23
23
16
16
16
16
16
16
16
16
16
13
16
16
16
13
13
13
16
13
13
13
13
13
13
13
6
6
13
26
6
26
6
6
6
26
6
6
26
6
26
26
26
26
26
26
26
26
26
26
26
26
26
26
26
26
26
26
26
26
26
26
26
26
26
26
26
26
26
26
26
26
26
26
26
26
26
26
26
26
26
26
26
26
26
26
26
40
40
40
40
40
40
26
40
36
36
36
36
36
36
36
36
36
36
36
36
36
36
36
41
36
36
36
41
41
41
41
41
41
41
41
41
41
41
41
41
41
41
43
43
43
43
43
43
43
43
43
43
43
43
43
43
43
43
43
43
43
31
31
43
43
31
39
39
7
7
7
7
43
43
43
43
43
43
43
43
43
43
31
31
43
31
31
43
39
39
31
31
31
31
31
31
31
31
31
31
31
31
31
31
39
39
39
39
39
39
39
39
39
39
39
39
39
39
39
39
39
39
39
7
7
7
7
37
7
7
7
25
25
25
25
25
25
25
25
25
25
25
25
25
25
25
2
25
25
25
2
25
2
25
25
25
2
2
2
2
2
2
2
2
2
28
28
28
28
28
28
28
28
28
28
28
28
28
28
15
15
15
28
28
28
15
28
15
28
28
28
28
28
15
15
15
15
22
15
22
22
22
15
22
22
22
15
22
22
22
22
22
38
38
22
38
22
22
22
38
38
38
38
38
38
38
38
38
38
38
38
38
38
38
38
38
38
38
38
38
38
38
35
35
35
35
35
35
35
35
35
35
35
35
35
38
35
12
12
35
12
34
12
12
12
12
12
12
12
12
34
34
34
34
34
34
34
34
34
34
42
34
34
42
42
34
34
34
34
34
34
34
34
34
34
42
42
42
42
42
42
42
34
34
42
42
42
42
42
42
42
42
42
42
42
42
42
42
42
42
42
42
42
42
42
42
30
27
42
27
30
30
27
30
30
30
30
30
30
30
30
30
30
30
30
30
30
30
30
30
30
30
30
30
30
30
30
30
30
30
24
24
24
24
24
24
30
24
24
24
24
24
24
24
24
24
24
18
18
18
18
18
18
18
18
18
18
18
18
18
18
18
18
18
18
18
18
