0
0
0
0
0
0
0
0
0
0
0
0
0
0
0
0
0
0
0
0
0
0
0
0
0
0
0
0
0
0
0
0
0
0
0
8
0
0
0
0
9
14
14
0
9
14
0
9
9
9
9
14
0
29
9
9
0
0
0
0
0
0
0
0
14
14
18
4
20
4
4
4
0
4
4
0
4
4
4
4
20
4
0
4
4
20
18
18
0
0
0
0
24
14
4
14
10
0
20
0
14
0
0
5
10
14
10
14
0
0
14
0
4
4
4
0
20
0
14
10
10
0
14
0
0
10
10
5
10
10
10
10
7
10
10
11
1
11
20
0
8
0
11
11
7
7
11
11
11
11
11
11
14
4
4
14
29
9
9
9
9
9
9
9
9
9
9
14
14
14
14
19
19
19
19
4
4
19
19
4
4
4
4
4
4
4
4
4
4
4
4
4
4
4
4
4
4
4
4
4
4
4
4
4
4
4
4
4
4
4
4
4
4
4
4
4
4
4
4
4
4
4
4
4
4
4
4
4
11
4
4
11
1
11
11
1
1
1
1
1
1
1
1
1
1
1
1
1
32
32
32
32
3
32
32
32
32
32
32
32
32
3
32
32
3
3
32
3
3
3
3
3
3
3
3
3
3
3
3
3
3
3
3
3
3
3
3
3
5
5
3
5
5
3
3
5
5
5
3
5
5
5
5
5
5
5
5
29
5
5
29
5
5
29
29
29
29
29
29
29
29
29
20
20
20
20
20
20
20
20
20
20
20
20
20
20
23
23
20
20
20
20
23
23
23
23
23
23
23
23
23
23
23
23
16
23
23
23
23
23
16
23
16
23
16
16
16
16
16
16
16
16
16
16
16
16
16
16
16
13
16
16
16
13
16
13
13
13
13
13
20
13
13
13
6
0
13
13
13
13
13
6
0
0
0
0
6
0
6
6
6
6
6
6
6
6
6
6
26
6
26
26
26
26
26
26
26
26
26
26
26
26
26
26
26
26
26
26
26
26
26
26
26
26
26
26
40
26
26
26
26
26
40
40
40
40
40
40
40
36
36
36
36
36
36
36
36
36
36
36
36
36
36
36
36
36
36
36
41
41
41
41
41
41
41
41
41
41
41
41
41
41
41
43
43
43
43
43
43
43
43
43
43
43
43
43
43
43
43
31
43
31
31
43
43
43
31
31
31
31
31
31
31
31
31
31
39
39
39
39
39
39
39
39
39
39
39
39
39
39
39
39
39
39
39
31
39
41
41
43
7
18
7
7
7
7
7
7
7
7
7
7
7
25
25
25
25
25
25
25
25
25
25
25
25
2
25
25
2
2
2
2
2
2
2
2
2
2
2
2
2
2
2
2
2
2
2
2
28
28
28
28
28
28
28
28
28
28
28
28
28
28
28
28
28
28
28
28
28
28
28
28
28
28
28
28
28
28
28
28
15
15
15
15
15
15
15
15
15
15
22
15
15
22
22
22
22
22
22
22
22
22
22
22
22
22
22
22
22
22
38
22
22
38
22
22
38
38
38
38
38
38
38
38
38
35
35
35
35
35
35
35
35
35
35
35
35
35
35
35
35
35
35
12
12
12
12
12
12
12
12
12
12
12
34
12
12
12
12
12
12
12
12
12
12
12
12
12
12
12
12
12
12
12
12
12
12
12
12
12
34
12
34
42
34
34
34
34
34
42
42
34
42
42
42
42
42
42
42
42
42
42
42
42
42
42
42
42
42
42
42
27
27
27
30
27
27
30
27
30
27
30
27
27
27
27
27
27
27
27
30
30
27
27
30
30
30
30
30
30
30
30
30
30
30
30
30
30
30
30
30
30
30
30
30
30
30
30
30
30
30
24
24
24
24
24
24
24
24
24
24
24
24
24
24
18
18
18
24
18
18
18
18
18
18
18
18
18
18
18
18
18
18
18
18
18
18
18
18
18
