0
0
8
8
8
8
8
8
8
8
4
8
8
9
14
9
14
19
4
19
14
14
19
14
4
19
14
14
4
4
4
4
4
4
4
4
4
4
4
4
4
4
4
4
4
4
4
4
4
4
4
4
4
4
4
4
4
4
4
4
4
4
4
4
4
4
4
4
4
4
4
4
4
4
4
4
4
4
4
11
11
11
1
1
1
1
1
1
1
1
1
1
1
1
1
1
1
1
1
1
3
1
1
1
1
1
1
1
3
3
1
3
3
3
1
1
3
3
3
3
3
3
3
3
3
3
3
3
3
3
3
3
3
3
3
3
3
3
3
3
3
3
5
5
5
5
5
5
5
5
5
5
5
5
11
1
29
29
29
29
29
29
29
29
29
29
1
1
1
1
1
1
1
1
20
20
20
20
20
20
20
20
20
20
20
20
23
20
20
20
20
20
23
23
23
23
23
23
23
20
23
23
23
23
16
16
16
16
16
16
16
16
16
16
16
16
16
13
16
16
13
13
16
13
13
13
13
16
13
13
13
13
13
13
13
0
0
0
13
0
13
0
13
0
0
0
0
0
0
0
6
0
0
0
6
0
0
0
6
6
6
6
18
6
6
6
6
6
6
6
6
6
6
26
26
6
6
26
26
26
26
26
26
6
18
26
26
26
26
26
26
26
18
18
26
18
18
40
18
26
18
18
40
40
40
40
40
40
40
40
40
6
17
40
26
40
40
40
40
40
40
26
26
26
40
26
26
40
26
26
26
26
26
26
40
26
26
26
26
26
26
26
40
40
26
26
40
40
26
26
40
26
26
26
40
26
26
40
40
40
40
40
40
40
40
40
40
40
40
40
40
36
36
36
36
36
36
36
36
36
36
36
36
36
36
36
36
36
36
36
41
41
41
41
41
41
41
41
41
41
41
41
41
41
41
41
41
43
41
43
43
43
41
43
43
43
43
43
43
43
43
43
43
43
43
43
43
43
43
43
43
43
43
43
43
31
31
31
31
31
31
31
39
39
39
39
39
39
39
39
39
39
39
39
39
39
9
9
9
8
7
31
43
43
7
7
7
7
7
7
7
7
7
7
7
7
7
7
7
7
7
7
7
7
25
25
25
25
25
25
25
25
25
2
2
2
2
2
2
2
2
2
2
2
2
2
2
2
2
2
2
2
28
28
28
28
28
28
28
28
28
28
28
28
28
28
28
28
28
28
28
28
28
28
28
28
28
28
28
28
28
28
28
28
28
28
15
22
22
22
22
22
22
22
22
22
22
22
22
22
22
38
22
38
22
38
38
38
38
22
38
22
38
22
38
38
38
38
38
38
38
38
38
38
38
38
38
38
38
35
35
35
35
35
35
35
35
35
35
35
35
34
35
35
34
34
34
34
34
34
34
34
34
34
34
34
34
34
34
34
34
34
34
42
42
34
42
42
42
42
42
42
42
42
42
42
42
42
42
42
42
42
42
42
42
27
27
27
30
27
27
42
42
42
42
42
42
27
27
30
27
27
30
27
30
27
27
27
27
27
27
27
27
27
27
27
27
27
27
30
30
30
30
30
30
27
27
27
27
27
27
27
27
27
27
27
27
27
27
27
27
27
30
30
27
27
27
27
27
27
27
27
27
27
30
30
30
30
30
30
30
30
30
30
24
30
30
30
30
24
30
30
24
24
30
24
24
24
30
24
24
30
30
24
24
30
24
24
24
24
24
24
24
24
24
24
24
24
24
24
24
18
18
18
18
18
18
18
18
18
18
18
18
18
18
18
18
18
18
18
18
18
18
18
18
18
18
18
18
18
18
18
18
18
18
18
18
