0
0
0
0
0
0
0
0
0
0
0
0
0
0
0
0
0
0
0
0
0
0
0
0
0
0
0
0
0
0
0
0
0
0
0
0
0
0
0
0
0
0
0
0
0
0
0
0
0
0
0
0
0
0
0
0
0
0
0
0
0
0
0
0
0
0
0
0
0
0
0
0
0
0
0
0
0
0
0
0
0
0
0
0
0
0
0
0
0
0
0
0
0
0
0
0
0
0
0
0
0
0
0
0
0
0
0
0
0
0
0
0
0
0
0
0
0
0
0
0
0
0
0
0
0
0
0
0
0
8
8
8
8
8
8
8
8
10
0
9
8
9
9
9
9
9
9
9
9
9
9
9
9
9
9
9
9
9
9
9
9
9
14
14
14
14
14
19
19
19
14
19
19
11
11
4
11
11
14
9
9
14
14
14
14
19
14
14
14
19
14
19
14
14
19
9
14
19
14
19
14
19
19
19
4
4
19
19
4
4
4
4
4
4
4
4
4
4
4
4
4
4
4
4
4
4
4
4
4
4
4
4
4
4
4
23
4
4
4
4
4
4
4
4
4
4
4
11
4
11
4
13
11
11
11
11
11
4
11
13
11
11
11
1
11
1
1
1
1
1
1
1
1
3
32
1
1
3
32
32
32
3
32
32
32
3
32
32
3
3
3
3
3
3
3
3
3
3
3
3
3
3
3
3
3
3
3
3
3
3
3
3
3
5
5
3
5
5
3
5
5
5
5
5
5
5
5
5
5
5
5
5
5
5
5
5
5
5
29
29
29
29
29
5
5
29
5
5
5
5
29
29
29
29
29
20
20
20
20
20
20
20
20
23
23
20
20
20
20
20
20
20
20
20
20
20
20
20
20
23
23
23
23
23
23
23
23
23
23
23
23
23
23
23
23
23
23
23
23
23
23
23
23
23
16
16
16
16
16
16
16
16
16
16
16
16
16
16
13
16
16
16
13
13
16
13
13
13
26
13
6
13
6
6
6
6
26
6
6
6
26
26
26
26
26
26
26
26
26
26
26
26
26
26
26
26
26
26
26
26
26
26
26
26
26
26
26
26
26
26
26
26
26
26
26
26
26
40
40
26
40
40
26
40
40
16
40
40
40
13
13
13
13
13
13
36
36
36
36
36
36
36
36
36
36
36
36
36
36
36
36
41
41
41
41
41
41
41
41
41
41
41
41
41
41
41
41
41
41
41
43
43
43
43
43
43
43
43
43
43
43
43
43
43
43
43
31
43
43
43
31
31
43
31
43
31
31
31
31
31
31
31
31
31
39
39
39
39
39
39
39
39
39
39
39
39
39
39
39
39
39
39
39
39
31
7
7
7
7
7
7
7
7
7
7
7
7
7
7
7
7
7
25
7
7
7
25
25
25
25
25
25
25
25
28
2
25
2
2
2
2
2
2
2
2
2
2
2
2
2
2
2
28
28
28
28
28
28
28
28
28
28
28
28
28
28
28
28
28
28
28
28
28
28
28
28
28
28
28
28
28
28
28
28
15
15
22
22
15
22
22
22
22
22
22
22
22
22
22
38
38
38
38
38
38
38
22
22
38
38
38
38
38
38
38
38
38
38
38
38
38
38
38
38
38
38
38
38
38
35
35
35
35
35
35
35
35
35
35
35
35
35
35
35
35
35
35
35
35
35
12
12
12
12
12
12
34
34
12
12
34
34
34
34
34
34
34
34
34
34
34
34
34
34
34
34
42
34
42
42
42
34
42
42
42
42
42
34
42
34
42
34
34
34
34
34
34
34
34
34
34
34
34
34
34
34
34
34
34
34
34
34
34
34
34
34
34
34
34
34
34
42
42
42
42
42
42
21
42
42
42
42
21
21
42
21
42
21
42
42
42
21
42
21
42
21
27
21
21
27
21
21
21
27
27
27
27
21
27
27
27
27
21
27
27
27
27
21
27
27
27
27
27
27
27
27
27
27
27
27
27
27
30
27
27
27
27
27
27
27
30
30
30
30
30
30
30
30
30
30
30
30
30
30
30
30
30
30
30
30
30
30
30
30
30
30
30
30
30
30
30
30
24
24
24
24
24
24
24
24
24
24
24
24
24
24
24
24
18
24
24
24
18
18
18
18
18
18
18
18
18
18
18
18
18
18
18
18
18
18
18
