4
4
4
4
4
4
4
4
4
4
4
4
4
4
4
4
4
4
4
4
4
4
4
4
4
4
4
4
4
4
4
4
4
4
4
4
4
4
4
4
4
4
4
4
4
4
4
4
4
4
4
4
4
4
4
4
4
4
4
4
4
4
4
4
4
4
11
11
11
11
5
5
11
1
5
5
3
1
3
1
1
5
1
1
3
3
1
1
3
3
3
3
3
3
3
3
3
3
3
3
3
3
3
3
3
3
3
3
3
3
3
3
3
3
3
3
3
3
3
3
3
3
3
3
5
3
3
3
3
3
3
5
5
3
5
5
5
5
5
5
5
5
5
29
29
13
13
13
13
13
13
13
13
13
13
13
16
16
16
16
13
13
13
13
16
13
13
16
16
13
13
13
16
13
13
16
20
13
13
16
16
13
13
16
16
16
16
20
20
13
16
20
16
16
16
16
20
13
16
16
16
13
13
13
18
13
16
13
20
13
13
13
29
13
13
13
13
20
16
20
13
13
13
13
20
13
13
20
26
6
0
0
0
0
0
0
0
6
0
0
6
6
6
6
6
26
6
6
0
6
6
6
6
26
26
26
6
26
26
6
6
26
6
6
6
6
6
26
26
26
26
26
26
26
26
26
26
26
26
26
26
26
26
26
26
26
26
26
26
26
6
40
40
40
6
0
6
6
6
6
36
36
36
36
36
36
36
36
36
36
36
36
36
36
36
36
36
36
36
36
36
36
41
36
36
36
36
41
41
41
41
41
41
41
41
41
41
23
7
43
18
41
41
41
43
43
43
43
43
43
43
43
43
43
43
43
43
43
43
43
43
43
43
31
31
43
43
43
31
31
31
43
43
31
31
31
31
31
31
31
39
31
39
39
39
39
39
39
39
39
39
39
39
39
39
39
39
39
17
7
7
7
7
7
7
7
7
25
25
25
25
25
25
25
25
25
25
25
25
25
25
25
25
25
25
25
25
25
25
25
25
25
25
25
25
25
2
2
2
2
2
2
28
2
28
28
2
28
28
28
28
28
28
28
28
28
28
28
28
28
28
28
28
2
25
25
25
25
25
25
28
28
28
28
28
28
28
28
28
28
28
28
28
28
28
28
28
28
28
28
28
28
28
28
28
28
28
28
28
28
28
28
28
28
28
28
15
15
15
15
22
22
22
22
22
22
22
22
22
22
22
22
38
38
22
22
38
38
22
22
22
38
22
38
38
38
38
38
38
38
38
38
38
38
38
38
38
38
38
35
35
35
35
35
35
35
35
35
35
18
35
35
12
34
34
12
35
34
34
12
12
12
34
34
34
34
34
34
34
34
34
34
34
42
42
42
42
42
42
42
42
42
42
42
42
42
42
42
42
42
42
42
42
42
42
42
27
27
27
27
27
30
30
30
30
30
30
30
30
30
30
30
30
30
30
30
30
30
30
30
30
30
30
30
30
30
30
30
24
24
24
24
24
24
24
24
24
24
24
24
24
24
24
24
18
24
24
18
18
18
18
18
18
18
18
18
18
18
18
18
18
18
18
18
18
18
