0
4
0
9
10
8
0
9
10
10
9
10
8
0
10
8
10
10
8
0
0
0
0
10
0
8
0
0
0
0
0
0
0
0
0
0
0
0
0
0
0
0
0
0
0
0
0
0
0
0
0
0
0
0
0
0
10
10
10
0
0
0
0
0
0
0
0
0
0
0
0
0
0
8
8
8
8
8
8
9
8
9
9
8
8
9
8
8
8
8
8
8
8
8
8
8
8
10
8
8
8
10
10
10
9
9
9
9
8
9
9
8
8
14
9
8
9
9
9
9
0
9
9
9
14
9
9
9
9
9
9
9
9
9
14
14
14
9
9
9
9
9
14
14
19
19
4
19
4
4
4
4
4
4
4
4
4
4
4
4
4
4
4
4
4
4
4
4
4
4
4
4
4
4
4
4
4
4
4
4
11
11
11
4
4
11
11
11
11
11
11
4
4
11
11
11
11
11
11
11
11
11
11
11
11
11
1
1
1
1
0
13
14
0
1
1
1
1
1
32
1
1
32
3
32
3
32
3
3
3
3
3
3
3
3
3
3
3
3
3
3
3
3
3
3
3
3
3
3
3
3
3
3
5
3
3
5
3
5
5
5
5
3
5
3
5
5
5
5
5
5
5
5
5
5
5
5
5
5
5
5
5
5
5
29
29
29
29
29
5
29
29
29
29
29
29
29
20
20
20
20
20
20
20
20
20
20
20
20
23
23
23
20
20
20
23
20
20
20
20
23
23
20
23
23
23
23
16
23
23
23
23
23
16
23
23
23
16
23
16
16
16
16
16
16
16
16
16
16
16
16
16
16
16
16
16
16
16
16
13
13
13
16
13
13
13
13
13
13
13
0
13
6
13
0
6
6
6
0
0
0
0
6
6
6
6
6
6
6
6
6
6
6
6
6
6
26
26
6
6
26
26
26
26
26
26
26
26
26
26
26
26
26
26
26
26
26
26
26
26
26
26
26
26
26
26
26
40
40
26
26
40
40
40
40
40
40
40
40
6
40
40
36
36
36
36
36
36
36
36
36
36
36
36
36
36
36
36
36
36
36
36
41
41
41
41
41
41
41
41
41
41
41
41
43
43
43
43
43
43
43
43
43
43
43
43
43
43
43
43
43
43
43
43
43
43
43
43
43
43
43
31
31
43
43
31
43
43
43
31
31
31
31
31
31
31
31
39
39
39
31
31
39
39
39
39
39
39
39
39
39
39
39
39
39
31
39
39
7
43
43
43
7
7
7
7
7
7
7
7
7
7
18
7
7
25
25
25
25
25
7
25
7
7
7
7
25
7
7
7
25
25
7
7
25
25
25
25
25
25
25
25
25
2
2
25
25
25
2
2
2
2
2
2
2
2
2
2
2
2
2
2
2
2
2
28
28
28
28
28
28
28
28
28
28
28
28
28
28
28
28
28
28
28
28
28
28
28
28
28
28
28
28
28
28
15
15
15
15
15
15
15
15
22
15
22
22
22
22
22
22
22
22
38
38
38
38
38
22
38
22
38
38
38
38
38
38
38
38
38
38
38
38
38
38
38
38
38
38
38
38
38
38
35
35
35
35
35
35
35
35
35
35
35
35
35
35
35
12
12
12
12
12
12
12
34
12
34
34
34
34
34
34
34
34
34
34
34
34
34
34
34
34
34
42
42
42
42
42
42
42
42
42
42
42
42
42
42
42
42
42
42
42
42
42
42
42
42
42
42
42
42
42
42
42
42
42
42
42
42
42
27
30
27
30
30
30
30
30
30
30
30
30
30
30
30
30
30
30
30
30
30
30
30
30
30
30
30
30
30
30
24
24
24
24
24
24
24
24
24
24
24
24
24
24
24
24
24
18
18
18
18
18
18
18
18
18
18
18
18
18
18
18
18
18
18
18
18
18
18
