8
9
9
8
10
14
10
0
10
0
0
0
10
0
8
0
0
0
0
8
8
8
8
8
8
8
8
8
8
8
8
10
8
8
8
8
8
8
8
8
8
8
9
9
9
9
9
9
9
9
8
9
0
9
4
11
29
29
4
14
4
4
4
4
4
4
4
19
4
19
4
4
19
4
4
4
4
4
4
4
4
4
4
4
4
4
4
4
4
4
4
4
4
4
4
4
4
4
4
4
4
4
4
4
4
4
4
4
4
4
4
11
4
4
4
11
11
4
4
11
11
11
11
1
1
20
1
1
1
1
1
3
1
1
1
1
1
1
1
32
3
3
1
32
32
3
3
3
3
3
3
32
32
3
3
3
3
3
3
3
3
3
3
3
3
3
3
3
3
3
3
5
3
3
3
5
5
3
5
5
5
3
3
5
11
3
5
5
5
5
5
5
5
5
5
5
29
29
29
29
11
3
29
29
1
1
3
29
1
5
1
20
20
20
20
20
20
20
20
20
20
23
23
23
20
20
20
20
20
20
16
23
23
20
23
23
23
23
23
16
16
16
16
16
16
16
16
16
16
16
13
13
16
16
13
16
16
13
13
13
13
13
13
13
13
13
13
13
13
13
13
13
13
13
13
6
0
0
13
0
13
13
0
0
13
13
0
0
0
0
6
6
6
6
6
6
6
6
6
6
6
6
6
6
6
26
26
26
6
26
26
26
26
26
18
26
26
26
26
26
26
26
26
26
26
26
26
26
26
26
26
26
26
26
26
26
40
26
40
40
40
26
40
40
40
36
36
36
36
36
36
36
36
36
36
36
36
36
36
36
36
36
36
36
36
36
36
36
36
36
36
41
41
41
41
41
41
41
41
41
41
41
36
41
41
41
41
41
7
41
7
7
7
43
43
43
43
43
43
43
43
43
43
43
43
43
43
43
43
43
43
43
43
43
43
43
43
43
43
43
31
31
31
31
31
31
31
31
31
31
31
31
31
31
31
39
39
39
39
39
39
39
39
39
39
39
39
39
39
39
39
39
20
7
7
7
7
7
7
7
7
7
7
25
25
25
25
25
25
25
25
25
25
25
25
25
25
25
25
25
2
2
2
2
2
2
2
2
2
2
2
2
28
28
2
28
28
28
28
28
28
28
28
28
28
28
28
28
28
28
28
28
28
28
28
28
28
28
28
28
28
28
28
28
28
15
15
22
15
15
15
22
22
22
22
22
22
22
22
22
22
22
22
22
22
22
22
22
22
38
38
38
22
22
22
38
38
38
38
38
38
38
38
38
38
38
38
38
38
38
35
35
35
35
35
35
35
35
35
35
35
15
38
35
35
35
35
12
12
12
12
12
12
34
34
34
12
34
34
34
34
34
34
34
34
34
42
42
42
34
34
42
42
42
42
42
42
42
42
42
42
42
42
42
42
30
30
27
27
27
27
27
27
27
27
27
30
27
27
27
30
27
30
30
27
27
27
27
30
27
13
30
27
27
27
27
27
27
27
27
30
27
30
30
27
30
27
42
27
27
27
30
27
27
27
27
27
27
27
27
27
27
30
30
30
30
30
30
30
30
30
30
30
30
30
30
30
30
30
30
30
30
30
30
30
30
30
30
30
30
30
30
30
30
30
30
30
24
24
24
24
24
24
18
24
24
24
24
18
18
18
18
18
18
18
18
18
18
18
18
18
18
18
18
18
18
18
18
18
18
18
18
18
18
18
18
