0
8
8
0
0
0
0
0
0
0
0
0
0
0
0
0
0
0
8
8
0
0
0
0
0
0
0
0
0
0
8
0
0
0
0
0
0
0
14
8
10
8
8
0
0
0
0
9
0
0
0
0
0
9
9
9
9
14
9
9
9
9
19
14
14
19
19
19
19
19
4
4
19
4
4
4
4
4
4
4
4
4
4
4
4
4
4
4
4
4
4
4
4
4
4
4
4
4
4
4
4
4
4
4
4
4
4
4
4
4
4
4
4
4
4
4
4
4
4
4
4
4
4
4
4
4
1
4
11
1
1
1
29
1
1
29
29
29
29
29
29
1
1
1
1
1
20
20
20
3
3
3
3
3
3
3
3
32
3
3
3
3
3
3
3
3
32
3
3
3
3
3
3
3
3
3
3
3
3
3
3
3
3
3
3
3
3
3
3
3
3
3
3
3
3
3
5
3
3
3
3
5
3
3
3
5
5
5
5
5
5
5
5
5
5
5
5
3
5
13
13
13
13
0
13
13
13
20
20
20
20
20
20
20
20
23
20
20
20
20
20
20
23
20
20
20
23
23
23
23
23
23
23
20
23
23
23
23
23
23
23
23
23
23
23
23
23
23
23
23
23
23
23
16
23
23
23
16
23
16
16
16
23
16
16
16
16
16
16
16
16
16
16
16
16
16
16
13
13
13
13
13
13
6
6
26
26
6
26
26
26
6
13
0
6
6
6
26
26
6
6
26
26
6
26
26
26
6
26
26
26
6
26
26
26
26
26
26
26
26
26
26
26
26
26
26
26
26
26
26
26
26
26
26
26
26
26
26
26
26
26
26
26
26
40
40
40
40
40
40
40
40
40
36
36
36
36
36
36
36
36
36
36
36
36
36
36
36
36
36
36
36
41
41
41
41
41
41
41
41
13
41
41
41
41
41
41
41
41
43
43
43
43
43
43
43
43
43
43
43
43
43
43
43
43
43
43
43
43
43
43
43
43
43
43
43
43
43
43
43
43
43
43
39
31
43
43
43
43
43
43
43
39
43
43
43
43
43
43
43
43
43
43
43
43
43
43
43
43
43
43
43
43
43
43
43
43
43
43
43
43
43
43
43
43
43
43
43
43
43
43
43
43
43
43
7
7
7
7
7
7
7
7
7
7
7
7
7
7
7
7
7
25
25
25
25
25
25
25
25
25
25
25
25
25
25
25
25
25
25
25
25
25
2
2
2
2
25
25
2
25
25
2
2
2
2
2
2
2
2
2
2
2
2
2
2
2
2
2
28
28
28
28
28
28
28
28
28
28
28
28
28
28
28
28
28
28
28
28
28
28
28
28
28
28
28
28
28
28
28
28
28
15
15
15
28
15
15
15
15
15
15
15
15
15
15
22
22
15
22
22
22
22
22
38
22
22
22
22
22
22
22
38
38
22
22
38
38
38
38
38
38
38
38
38
38
35
35
35
35
35
35
35
35
35
35
35
35
35
35
35
35
35
35
35
35
35
35
35
35
35
35
35
35
35
34
12
12
35
12
35
35
35
35
35
35
35
35
35
35
35
35
35
35
35
35
35
34
34
34
34
34
34
34
34
34
34
34
34
34
34
34
34
34
34
34
34
34
34
34
34
42
34
34
34
34
34
34
34
34
42
34
24
34
42
34
34
42
42
42
34
42
42
42
42
42
42
42
42
42
42
42
34
42
42
42
34
42
42
42
42
42
42
21
42
21
21
21
21
42
42
42
42
21
42
42
42
42
42
42
42
42
42
42
21
42
30
27
30
30
42
42
42
42
30
42
42
42
30
30
42
27
42
27
42
30
30
30
30
30
30
30
30
30
30
30
30
30
30
30
30
30
30
30
30
30
30
30
30
30
30
30
30
30
30
30
30
30
30
30
30
30
30
30
24
30
30
30
30
30
30
30
30
30
24
24
24
24
24
24
24
24
24
24
24
24
24
24
24
24
24
24
24
37
24
37
18
37
37
37
18
18
18
18
18
24
18
18
18
18
18
18
18
18
18
18
18
18
18
18
18
18
18
18
18
18
18
18
