0
0
0
0
0
0
0
0
0
0
0
0
10
0
0
0
0
0
0
0
0
0
8
0
0
0
0
0
0
0
0
0
0
0
0
8
0
8
8
8
0
8
8
8
8
8
8
8
0
9
8
8
8
8
8
8
8
8
8
8
8
9
9
9
0
14
14
20
9
14
20
9
9
9
9
9
9
9
9
9
9
9
14
14
9
29
29
1
1
29
5
1
16
9
9
24
14
14
14
19
4
4
4
4
4
4
4
4
4
4
4
4
4
4
4
4
4
4
4
4
4
4
4
4
4
4
4
4
4
4
4
4
4
4
11
4
4
4
11
4
4
4
11
4
4
4
4
4
4
4
11
11
4
11
11
11
11
11
11
3
1
1
1
1
1
1
1
1
1
1
1
1
1
1
1
1
1
1
1
1
1
1
1
1
32
32
32
32
3
3
3
3
3
3
3
3
3
3
3
3
3
3
3
3
3
3
3
3
3
3
3
3
3
3
5
3
3
3
5
5
5
5
5
5
5
5
5
5
5
5
5
29
29
29
29
3
5
29
29
5
29
29
29
20
13
29
29
29
20
20
20
20
20
20
20
20
20
20
23
20
20
20
23
23
23
23
23
23
20
23
23
23
23
23
23
23
23
23
23
23
23
23
23
16
23
16
23
16
16
16
16
16
16
16
16
16
16
16
16
16
23
16
16
16
13
16
16
13
16
16
16
16
16
16
16
13
13
13
13
13
16
13
13
13
0
13
13
0
0
13
13
13
13
13
13
0
0
13
13
0
6
13
0
0
0
13
0
13
0
13
0
0
6
13
0
6
0
0
13
6
6
13
0
6
26
6
26
26
26
18
40
26
26
26
6
6
26
6
26
26
26
6
40
40
40
40
26
40
40
40
40
40
36
36
36
36
36
36
36
36
36
36
36
36
36
36
36
36
36
36
36
36
36
36
36
36
36
36
36
36
36
36
36
36
41
41
41
41
41
41
41
41
43
43
43
43
43
43
43
43
43
43
43
43
43
43
43
43
43
43
43
43
43
43
31
31
31
43
31
31
31
31
31
31
31
31
31
31
39
39
39
39
39
39
39
39
39
39
39
39
39
39
39
39
39
39
39
39
20
7
7
7
7
7
7
7
7
7
7
25
25
25
25
25
25
25
25
25
25
25
25
25
25
25
25
2
2
2
2
2
2
2
2
2
2
2
2
2
2
28
28
28
28
28
28
28
28
28
28
28
28
28
28
28
28
28
28
28
28
28
28
28
28
28
28
28
28
28
28
28
28
15
15
15
15
15
15
15
15
15
15
22
22
15
15
15
15
22
22
22
22
22
22
22
22
22
22
22
22
22
22
22
22
22
22
22
22
38
22
38
38
38
38
38
38
38
38
35
35
35
35
35
35
35
35
35
35
35
35
35
35
35
35
12
35
12
12
12
34
12
12
12
34
34
34
34
34
34
34
34
34
34
34
34
34
42
42
42
42
42
42
42
42
42
42
42
42
42
42
42
42
42
42
42
42
42
27
27
27
27
27
27
27
27
42
27
27
27
27
27
27
27
27
27
27
27
30
30
27
30
30
30
30
30
30
30
30
27
30
30
30
30
30
30
30
30
30
30
30
30
30
30
30
30
30
30
27
42
27
30
30
30
27
27
30
27
27
30
30
30
30
30
37
30
27
37
37
37
42
37
37
37
37
37
37
37
37
37
37
37
37
37
37
37
37
37
37
37
37
37
37
37
37
37
37
37
37
37
37
37
37
37
37
37
37
37
37
37
37
37
37
37
37
37
37
37
37
37
37
37
37
37
37
37
37
37
37
37
37
37
37
37
37
37
37
24
24
24
24
24
37
37
37
37
37
37
24
37
37
37
24
24
37
24
24
24
24
24
24
24
18
18
18
18
24
18
24
24
24
24
18
18
18
18
18
18
18
18
18
18
18
18
18
18
18
18
18
18
18
18
18
18
18
18
18
18
18
18
18
