4
4
9
14
14
9
14
14
10
0
0
1
1
1
0
14
0
14
14
14
5
5
9
1
9
5
10
10
10
10
10
1
10
10
4
11
4
4
4
4
4
4
4
4
4
4
14
4
4
4
4
4
4
4
0
4
4
4
4
19
4
4
4
4
4
4
4
4
4
4
4
4
4
4
4
4
4
4
4
4
4
4
4
4
4
4
4
4
4
4
4
4
4
4
4
4
4
4
4
4
4
4
4
4
4
4
4
4
4
4
4
4
4
11
4
11
4
11
4
4
4
11
11
11
11
11
1
11
11
20
20
1
20
20
20
20
1
1
3
3
3
3
3
3
3
3
3
3
3
3
32
3
3
18
3
3
3
3
3
3
3
3
3
3
3
18
3
18
5
5
3
3
13
13
5
5
5
13
5
5
5
5
3
5
5
5
5
5
5
5
5
5
5
5
5
5
5
5
5
5
5
5
5
5
5
5
5
5
5
5
5
5
5
5
5
5
5
16
13
13
5
29
29
13
20
20
5
20
20
20
13
20
20
20
20
20
20
20
18
20
20
20
20
20
20
20
20
20
20
23
23
20
20
20
23
23
23
23
23
23
23
23
23
23
23
23
23
23
16
16
23
23
23
16
16
16
16
16
16
16
16
16
16
16
16
16
13
13
13
13
16
13
13
13
13
13
13
13
6
0
0
0
0
0
0
0
13
13
0
0
0
0
6
6
6
6
6
6
0
0
6
6
6
0
6
6
6
0
26
26
26
6
6
6
26
6
26
26
26
6
26
26
26
26
26
26
26
26
26
26
26
26
26
26
26
26
26
26
26
40
40
40
40
40
40
40
36
36
36
36
36
36
36
36
36
36
36
36
36
36
36
36
36
36
36
36
36
36
36
36
36
36
36
41
41
41
41
41
41
41
41
41
41
41
41
41
43
43
43
43
43
43
43
43
43
43
43
43
43
43
43
43
43
43
43
43
43
43
31
43
31
31
31
31
31
31
31
31
31
39
39
39
39
39
39
39
39
39
39
39
39
39
39
39
39
41
41
7
7
7
7
7
7
7
7
7
7
7
7
7
7
7
7
7
25
25
25
7
7
7
7
25
25
25
25
25
25
25
25
25
2
2
25
25
25
25
25
25
25
25
25
25
2
2
2
2
2
2
2
2
2
2
2
2
28
28
28
28
28
28
28
28
28
28
28
28
28
28
28
28
28
28
28
28
28
28
28
28
28
28
28
28
28
28
28
28
28
28
22
22
38
22
22
22
38
38
38
22
38
22
38
22
38
22
38
22
38
22
38
38
38
38
38
38
38
38
38
38
38
38
38
38
38
38
38
38
35
38
35
35
38
35
35
35
35
35
35
35
35
35
35
35
35
35
35
35
35
35
35
35
35
20
35
35
35
35
35
35
2
35
2
7
2
2
2
2
28
28
28
28
28
28
35
28
28
28
42
34
28
34
34
12
12
34
34
34
12
34
34
42
42
42
42
42
42
42
42
42
42
42
42
42
42
42
42
42
42
42
42
42
42
42
42
21
27
27
27
30
27
27
27
27
30
27
27
27
27
27
30
30
30
27
27
27
27
27
27
27
30
30
30
30
30
27
27
27
27
27
27
30
30
30
30
30
30
27
30
27
30
30
30
30
30
30
30
30
24
30
30
30
30
30
30
30
30
30
30
30
30
30
30
30
30
30
30
24
30
24
24
24
24
24
24
30
24
24
24
24
24
18
18
18
18
18
18
18
18
18
18
18
18
18
18
18
18
18
18
18
18
18
18
18
18
18
