0
0
0
0
0
0
0
0
0
0
0
0
0
0
0
0
0
0
0
0
0
0
0
0
0
0
0
0
0
0
0
0
0
0
0
0
0
0
0
0
0
0
0
0
0
0
0
0
0
0
0
0
0
0
0
0
0
0
0
0
0
0
0
0
0
0
0
0
0
0
0
0
0
0
0
0
0
0
0
10
0
10
33
11
14
0
0
14
14
14
14
11
11
11
10
0
8
8
8
8
8
8
8
8
8
0
8
8
10
10
0
10
14
9
8
8
8
8
8
8
8
8
9
9
8
8
9
9
9
8
9
9
9
9
9
4
9
14
14
14
9
14
14
9
9
9
9
14
9
14
14
9
14
14
14
9
24
10
10
10
18
10
8
10
8
10
18
18
10
8
14
14
19
19
4
4
4
4
4
4
4
23
14
4
4
23
14
4
4
18
4
7
4
7
4
7
4
4
4
4
4
4
4
4
4
4
4
4
4
4
4
4
4
4
23
4
4
4
4
4
11
4
4
4
4
4
4
4
4
4
4
4
4
4
11
4
4
4
4
4
4
11
4
4
4
4
4
4
4
4
11
11
11
3
3
11
1
1
0
13
0
1
29
29
1
1
1
1
1
1
1
1
32
3
3
3
3
32
3
3
3
3
3
3
3
3
3
3
3
3
3
3
3
3
3
3
3
3
3
3
3
3
3
3
3
3
3
3
3
3
3
3
3
3
5
5
5
5
5
5
5
5
5
5
5
5
3
3
3
5
13
16
7
7
16
13
16
16
13
16
7
18
18
18
16
16
16
16
16
16
18
18
16
16
16
18
16
16
18
18
16
16
16
16
16
20
16
20
16
16
16
23
16
20
23
23
23
23
16
23
16
23
23
23
23
20
16
16
16
23
16
16
16
20
16
16
16
20
16
16
16
20
16
5
26
20
16
5
5
29
5
5
5
29
40
40
26
40
26
13
13
13
6
13
13
41
13
13
13
13
13
13
6
6
13
6
0
13
6
0
6
0
6
6
6
6
6
26
6
26
6
6
6
26
26
26
26
26
26
26
26
26
26
26
26
26
26
26
26
26
26
26
26
26
26
26
26
26
26
40
26
26
26
26
40
40
40
40
40
40
41
40
36
36
36
36
36
36
36
36
36
36
36
36
36
36
36
36
36
36
36
36
36
41
41
36
41
41
41
41
41
41
41
41
41
20
41
41
41
43
43
43
43
43
43
43
43
43
43
43
43
43
43
43
43
43
43
43
43
43
43
43
43
43
43
31
43
43
43
43
31
31
31
31
31
39
39
39
39
39
39
39
39
39
39
39
39
39
39
39
39
7
7
7
7
7
7
7
7
7
7
7
7
7
43
43
43
43
31
7
7
7
7
7
7
7
7
7
25
25
25
25
25
25
25
25
28
2
2
2
2
2
2
2
2
2
2
2
2
2
2
2
2
2
2
2
2
2
28
28
28
28
28
28
28
28
28
28
28
28
28
28
28
28
28
28
28
28
28
28
28
28
28
28
28
28
28
28
28
15
28
15
15
22
22
22
22
22
22
22
15
22
22
22
15
15
23
15
38
35
35
22
22
22
22
22
22
38
38
22
22
38
22
22
22
38
22
22
22
22
22
22
22
38
38
22
22
38
38
38
5
35
35
5
5
5
5
5
5
5
35
35
35
35
28
35
35
35
35
35
35
35
35
35
35
35
35
35
35
34
34
35
35
35
34
34
34
34
35
35
12
35
35
35
12
12
12
12
12
12
12
12
12
35
12
12
12
12
34
34
34
34
34
34
42
42
34
34
34
42
42
42
42
42
42
34
42
42
42
34
34
42
42
34
42
42
42
34
42
42
34
34
34
42
42
42
42
42
42
42
42
42
42
42
42
42
42
42
42
42
42
42
42
42
42
42
42
42
42
42
42
42
42
42
42
42
42
42
42
42
42
42
42
42
42
42
42
42
42
42
42
42
42
42
42
30
30
30
30
30
30
30
30
30
30
30
30
30
30
30
30
30
30
30
30
30
30
30
30
30
30
30
30
30
30
30
24
24
24
24
24
24
24
30
24
24
24
24
24
24
24
24
24
24
24
24
18
18
18
18
18
18
18
18
18
18
18
18
18
18
18
18
18
18
