9
9
9
9
9
9
9
9
9
9
9
9
9
9
9
9
9
9
14
14
14
19
19
4
19
19
19
19
4
4
4
4
4
4
4
4
4
4
4
4
4
4
4
4
4
4
4
4
4
4
4
4
4
4
4
4
4
4
4
4
4
4
4
4
4
4
4
4
4
4
1
3
11
11
1
1
1
1
1
1
1
1
1
1
1
1
1
1
1
1
1
1
1
1
1
1
1
1
3
1
1
3
3
1
1
3
3
3
1
3
3
3
3
3
3
3
3
3
3
3
3
3
3
3
3
3
3
3
5
3
3
5
5
5
5
5
5
5
5
5
5
5
5
5
29
29
5
1
1
29
29
29
29
29
29
29
11
11
29
10
29
18
24
18
7
5
20
3
3
10
20
20
20
20
20
20
20
3
32
32
3
32
1
20
20
20
20
20
20
20
20
20
20
20
23
20
23
20
23
23
23
23
23
23
23
23
23
23
23
23
23
16
16
23
23
23
23
16
16
16
16
16
16
16
16
16
16
13
16
16
13
13
13
13
13
13
13
13
13
13
13
13
13
13
13
13
13
13
0
0
0
0
0
0
0
0
0
0
0
0
6
0
0
0
6
6
6
6
0
6
6
6
6
6
6
6
6
6
6
6
6
26
6
6
26
26
26
26
26
26
26
26
26
26
26
26
26
26
26
26
26
26
26
26
26
26
26
26
26
40
40
40
40
40
40
6
6
0
0
40
36
36
36
36
36
36
36
36
36
36
36
36
36
36
36
36
36
36
36
36
41
41
41
41
41
41
41
41
41
41
41
7
7
41
41
41
41
43
43
43
43
43
43
43
43
43
43
43
43
43
43
43
39
39
39
43
43
39
39
31
31
31
31
31
31
31
31
31
31
31
31
31
31
39
39
39
39
39
39
39
39
39
39
39
39
39
39
39
39
39
39
39
39
41
7
7
7
7
7
7
7
7
7
7
7
7
7
7
7
7
25
25
25
25
25
25
25
25
25
2
25
2
2
2
2
2
2
2
2
2
2
25
2
2
2
2
2
2
2
2
2
2
2
2
2
2
2
2
2
28
28
28
28
28
28
28
28
28
28
28
28
28
28
28
28
28
28
28
28
28
28
28
28
28
28
28
28
28
28
28
15
22
22
22
15
22
22
22
22
22
15
15
15
22
22
22
22
22
22
22
22
22
22
22
22
22
22
22
22
22
22
22
38
22
22
22
38
38
22
38
38
38
38
38
38
35
35
35
35
35
35
35
35
35
35
35
35
35
35
35
35
35
35
12
12
12
12
12
12
12
12
12
12
12
12
12
12
12
34
34
34
34
34
34
34
34
34
42
42
42
42
42
42
42
42
42
42
42
42
42
42
42
42
42
42
42
42
27
27
27
27
27
27
27
27
30
27
27
27
27
27
27
27
30
27
27
27
30
30
30
30
30
30
30
30
30
30
30
30
30
30
30
30
30
30
30
30
30
30
30
30
30
30
30
30
30
24
24
24
24
24
24
24
24
24
24
24
24
24
37
37
37
37
37
37
37
37
37
37
37
37
37
37
37
37
37
37
37
37
37
37
37
37
37
37
37
37
37
37
37
37
37
37
37
37
37
37
37
37
37
37
37
37
37
37
37
37
18
37
24
24
24
24
24
24
24
24
24
18
24
18
18
18
18
18
18
18
18
18
18
18
18
18
18
18
18
18
18
18
18
18
18
18
18
18
18
