0
0
0
0
0
0
0
0
0
0
0
0
0
0
0
0
0
0
0
0
0
0
0
0
0
0
0
0
0
0
0
0
0
0
0
0
0
0
0
0
0
0
0
0
8
8
0
0
0
8
9
8
8
14
8
8
9
8
8
9
9
9
9
1
9
9
9
9
9
9
9
29
29
14
14
29
11
4
14
19
19
19
29
4
4
4
4
4
4
4
4
4
4
4
4
4
4
4
4
4
4
4
4
4
4
4
4
4
4
4
4
4
4
4
4
4
4
4
4
4
4
4
4
4
4
4
4
4
4
4
4
4
11
11
4
4
4
4
4
4
4
4
4
4
11
11
11
11
1
11
1
1
1
1
1
1
1
29
29
29
20
20
20
29
1
1
3
3
3
3
1
3
3
32
1
3
3
3
1
3
3
3
1
3
3
3
3
3
3
3
3
3
3
3
3
3
3
3
3
3
3
3
3
3
3
3
3
5
5
3
3
5
5
5
5
5
5
5
5
5
5
13
13
13
13
5
5
5
13
13
18
13
13
18
16
18
13
18
13
13
13
13
13
13
6
6
26
6
6
6
6
6
6
26
26
26
26
26
26
26
26
26
26
6
26
26
26
26
26
26
26
26
26
26
26
26
26
26
26
13
16
20
20
20
20
20
20
20
20
20
20
20
20
20
20
20
20
20
20
20
20
20
20
20
20
20
20
23
23
23
23
20
23
23
23
23
23
23
23
23
23
23
23
23
23
23
23
23
23
23
23
23
23
16
16
16
16
18
13
16
13
13
16
13
13
13
13
13
13
13
13
13
13
13
13
13
13
13
13
13
13
0
6
6
6
6
6
6
26
6
26
6
6
6
26
26
26
26
26
26
26
26
26
26
26
26
26
26
26
26
26
26
26
26
26
26
26
26
26
26
26
26
26
26
26
26
26
26
26
26
26
40
40
26
40
40
40
40
40
40
40
36
36
36
36
36
36
36
36
36
36
36
36
36
36
36
36
36
36
36
36
36
36
36
36
41
41
41
41
40
41
41
36
36
36
41
43
43
43
43
43
43
43
43
43
43
43
43
43
43
43
43
43
43
43
43
43
43
43
43
43
43
43
31
43
31
31
31
31
31
31
31
39
39
39
39
39
39
39
39
39
39
39
39
39
39
39
39
39
39
39
39
31
7
43
7
7
7
7
7
7
7
7
7
7
7
7
7
7
7
7
7
7
7
25
25
25
25
25
25
25
25
25
25
25
25
25
25
25
25
25
25
25
25
25
25
2
2
2
2
2
2
2
2
25
25
25
25
25
25
25
25
25
25
28
28
28
28
28
28
28
28
28
28
28
28
28
28
28
28
28
28
28
28
15
15
15
38
22
22
15
38
15
15
15
38
15
15
15
38
22
22
22
35
22
22
22
35
22
22
22
38
15
22
22
38
22
22
22
38
22
38
38
38
22
38
38
35
38
38
38
35
38
38
38
38
38
38
38
35
35
35
35
34
35
35
35
35
35
35
35
35
35
35
35
35
35
35
35
35
35
12
34
34
12
34
34
12
12
34
34
34
34
34
34
34
34
42
34
34
34
34
42
42
42
42
42
42
42
42
42
42
42
42
42
42
42
42
42
42
42
42
30
27
27
27
27
27
21
27
27
21
27
21
27
27
27
27
27
27
30
27
27
27
27
27
21
27
27
27
27
21
27
27
27
27
27
27
27
27
27
27
27
27
27
27
27
27
30
21
21
27
27
27
27
21
27
21
27
27
27
30
30
27
30
27
27
30
30
24
24
24
30
30
24
24
30
30
30
24
24
30
24
30
30
30
30
30
30
30
24
24
24
30
24
24
24
24
24
24
24
24
24
24
24
24
24
24
24
24
24
24
24
18
18
18
18
18
18
18
18
18
18
18
18
18
18
18
18
18
18
18
18
