0
0
36
36
0
0
0
0
0
0
0
0
0
0
0
0
0
0
0
0
0
0
0
0
0
0
0
0
0
0
0
0
0
0
0
0
10
10
14
14
9
8
8
8
8
9
9
9
9
9
9
8
9
9
9
9
9
9
9
9
9
9
14
9
9
14
9
9
9
9
14
14
19
14
14
14
19
19
19
19
19
4
4
4
4
4
4
4
4
4
4
4
4
4
4
4
4
4
4
4
4
4
4
4
4
4
4
4
4
4
4
4
4
4
4
4
4
4
4
11
11
11
11
11
11
4
4
11
11
4
4
11
11
1
1
1
11
1
1
1
1
1
1
1
1
1
1
1
1
1
1
1
3
32
32
32
3
3
3
3
3
3
32
32
3
3
3
3
3
3
3
3
3
3
3
3
3
3
3
3
3
3
5
5
5
5
5
3
5
5
5
5
5
5
5
5
5
5
5
5
5
5
5
5
5
5
5
18
29
29
29
29
29
29
29
1
29
29
29
29
29
29
29
29
29
13
24
20
20
20
20
20
20
20
20
20
23
20
23
23
23
23
23
23
23
23
23
23
23
23
23
23
23
23
23
23
23
23
23
16
23
16
16
23
23
16
16
16
16
16
16
16
23
16
16
16
23
16
16
16
16
16
16
16
16
16
16
16
16
16
13
13
13
13
13
13
13
13
13
6
13
13
13
0
13
13
0
6
0
0
0
0
0
0
0
6
6
6
0
6
6
6
6
6
6
6
6
6
26
26
6
6
26
26
26
26
26
26
26
26
26
26
26
26
26
26
26
26
26
26
26
26
26
26
26
26
40
40
40
40
40
40
40
40
40
36
36
36
36
36
36
36
36
36
36
36
36
36
36
36
36
36
36
36
36
36
41
41
41
41
41
41
41
41
41
41
41
41
41
41
43
43
43
43
43
43
43
43
43
43
43
43
43
43
43
43
43
43
43
43
43
43
43
43
43
7
7
7
7
43
43
43
43
43
43
31
43
43
31
39
31
31
39
31
31
39
39
39
39
39
39
39
39
39
39
39
39
39
39
39
39
39
39
39
39
39
39
39
39
7
7
7
7
7
7
7
7
7
7
7
7
7
25
7
7
7
7
7
7
7
7
25
25
25
25
25
25
25
25
25
25
25
25
25
25
25
25
25
2
25
2
25
25
2
2
2
2
2
2
2
2
2
2
25
25
25
25
25
28
28
28
28
28
2
28
28
28
28
28
32
28
28
28
28
28
28
28
28
28
28
28
28
28
28
28
28
28
24
38
24
38
38
38
24
38
38
38
24
38
38
38
42
38
38
38
24
38
38
38
24
38
38
38
24
38
38
38
24
38
38
38
24
38
38
38
24
38
38
38
42
24
35
35
35
35
35
35
35
35
35
35
35
35
35
35
35
35
35
35
34
34
12
12
35
12
12
12
12
12
12
34
12
12
12
12
12
34
34
34
34
34
34
34
42
42
42
42
42
42
42
42
42
42
42
42
42
42
42
42
42
42
42
42
42
27
27
27
30
30
27
30
30
30
30
30
30
30
30
30
30
30
30
30
30
30
30
30
30
30
30
30
30
30
30
30
30
24
24
24
24
24
24
24
24
24
24
24
24
24
24
24
24
24
24
18
18
18
18
18
18
18
18
18
18
18
18
18
18
18
18
18
18
18
18
