24
24
24
24
24
0
18
18
18
18
18
24
4
4
11
11
0
18
0
0
4
0
4
11
11
4
4
11
0
0
0
0
0
0
0
0
0
10
0
0
8
0
8
8
8
10
8
8
8
8
8
0
8
0
8
8
8
8
8
8
8
8
8
0
8
8
8
0
8
8
8
8
8
8
8
8
8
10
8
8
8
8
8
10
7
7
8
7
7
7
7
7
7
7
7
7
8
10
18
10
7
10
10
0
10
10
10
0
8
0
0
5
11
4
4
11
4
4
4
4
4
4
4
11
4
14
14
14
14
19
19
19
19
19
19
4
14
14
14
4
19
14
14
4
4
0
14
4
14
4
4
11
4
14
4
19
19
14
14
4
19
19
19
4
19
4
4
4
4
4
4
4
4
4
4
4
4
4
4
4
4
4
4
4
4
4
4
4
4
4
4
4
4
4
4
4
4
4
4
4
4
4
11
11
11
4
11
11
11
11
11
11
11
11
11
11
11
11
11
11
1
1
1
1
1
1
1
1
1
1
1
1
1
1
3
3
3
32
3
32
32
32
3
3
32
3
3
3
32
3
3
3
3
3
3
3
3
3
3
3
3
3
3
5
5
3
5
5
5
3
3
5
5
3
5
5
5
3
5
5
5
5
5
5
5
5
5
5
5
5
5
29
29
29
5
13
13
13
13
13
0
13
13
13
13
16
13
13
6
0
13
26
6
26
13
6
6
6
13
6
6
6
26
6
6
26
6
6
6
6
26
6
20
20
23
23
23
20
20
20
20
20
20
20
20
20
20
20
20
20
20
20
20
20
20
20
20
20
20
23
20
23
23
23
23
23
20
23
23
23
23
23
23
23
23
23
23
23
23
23
16
23
23
23
16
16
16
16
16
16
16
16
13
13
16
16
16
13
16
16
13
13
16
20
26
26
26
6
26
6
13
6
6
6
6
6
6
6
26
6
6
26
26
26
26
26
26
26
26
26
26
26
26
26
26
26
26
26
26
26
26
26
26
26
26
26
26
26
26
26
26
26
26
26
26
26
26
26
26
26
40
26
26
26
40
40
40
40
40
40
40
40
40
36
36
36
36
36
36
36
36
36
36
36
36
36
36
36
36
36
36
36
36
36
36
36
41
41
41
41
41
41
41
41
41
41
41
41
41
41
41
41
41
43
43
43
43
43
43
43
43
43
43
43
43
43
43
43
43
43
43
43
43
43
43
43
43
43
43
43
43
31
31
31
31
31
31
31
31
31
39
31
39
39
39
39
39
39
39
39
39
39
39
39
39
39
39
39
39
39
7
7
7
7
7
7
7
7
7
7
7
32
7
7
25
25
25
25
25
25
25
25
25
25
25
25
25
25
25
25
25
25
25
25
25
25
2
2
2
2
2
2
2
2
2
2
2
2
2
2
2
2
2
2
2
2
28
28
28
28
28
28
28
28
28
28
28
28
28
28
28
28
28
28
28
28
28
28
28
28
28
28
28
28
28
28
15
28
15
22
15
22
22
22
22
22
22
22
22
22
22
22
22
22
22
38
22
22
22
38
22
38
38
38
38
22
22
38
38
38
38
38
38
38
38
38
38
38
38
38
38
38
38
38
35
35
35
35
35
35
35
35
35
35
35
35
35
35
35
35
35
35
12
12
12
12
12
12
35
12
12
12
12
12
12
12
12
12
12
34
34
34
34
34
34
34
34
34
34
34
34
34
34
34
34
34
34
34
34
34
34
34
34
34
34
34
34
34
34
34
34
34
34
34
34
34
34
42
34
34
34
34
34
34
34
42
42
42
42
34
42
42
42
42
42
42
42
27
21
21
27
21
27
21
27
27
27
27
27
27
27
30
30
27
27
30
30
30
30
30
30
30
30
30
30
30
30
30
30
30
30
30
30
30
30
30
30
30
30
30
30
30
30
30
30
24
24
24
24
24
24
24
24
24
24
18
18
24
18
18
18
18
18
18
18
18
18
18
18
18
18
18
18
18
18
18
18
18
18
18
18
18
18
18
