0
0
0
9
14
9
9
9
9
14
14
14
14
14
14
14
14
19
19
19
19
19
19
19
19
19
19
19
19
4
4
4
4
4
4
4
4
4
4
4
4
4
4
4
4
4
4
4
4
4
4
4
4
4
4
4
4
4
4
4
4
4
4
4
4
4
4
4
4
11
11
1
11
11
1
1
1
1
1
1
1
3
3
1
1
1
1
1
1
1
32
1
1
3
32
32
3
3
3
32
3
3
3
3
3
3
3
3
3
3
3
3
3
3
3
3
3
3
3
3
3
3
3
3
3
5
3
5
5
5
5
5
5
5
5
5
5
5
5
5
5
5
5
5
5
5
29
5
29
5
29
29
10
29
29
29
29
29
29
29
20
20
20
20
20
20
20
20
20
20
20
20
20
20
20
20
20
20
20
20
20
20
23
23
23
23
23
23
23
16
23
23
23
23
23
23
23
23
23
23
16
16
23
23
16
16
16
16
16
23
23
16
13
13
16
13
13
13
16
13
13
13
16
13
13
13
13
13
13
13
13
13
13
13
13
13
13
13
13
0
0
0
0
6
6
13
13
13
13
0
16
13
0
0
6
13
0
0
26
13
0
6
26
13
6
6
26
26
13
26
26
26
26
26
26
18
6
26
26
18
13
26
26
26
26
26
26
26
26
26
26
26
41
41
40
40
17
0
6
13
41
41
36
36
40
36
36
36
36
36
36
36
36
36
36
36
36
36
36
36
36
41
41
41
41
41
41
41
41
41
41
41
41
41
41
41
41
43
43
43
43
43
43
43
43
43
43
43
43
43
43
43
43
43
43
43
43
43
43
43
43
43
31
31
43
31
31
31
31
31
31
39
39
39
39
39
39
39
39
39
39
39
39
39
31
31
31
7
7
7
7
7
7
7
7
7
7
7
7
7
7
25
25
25
25
25
25
25
25
25
25
25
25
25
25
25
25
25
2
25
25
25
25
2
2
2
2
2
2
2
2
2
2
2
2
2
2
28
28
28
28
28
28
28
28
28
28
28
28
28
28
28
28
28
28
28
28
28
28
28
28
28
28
28
28
28
28
28
28
28
28
28
15
15
15
15
15
22
15
15
15
22
15
15
15
22
22
22
22
22
22
22
22
38
22
22
22
38
22
22
38
38
38
38
38
38
38
38
38
38
38
38
38
38
38
35
35
35
35
35
35
35
35
35
35
35
38
38
35
35
35
35
24
12
12
35
12
35
12
34
35
12
12
12
34
34
34
34
12
34
34
34
34
34
42
42
34
34
34
34
34
34
34
34
34
34
34
34
34
34
34
42
42
34
42
42
42
42
30
42
42
42
42
42
42
42
42
42
42
42
42
42
42
42
42
27
30
21
27
30
27
27
27
27
27
27
27
21
21
21
27
27
27
27
27
27
30
30
30
30
30
30
30
30
30
30
30
30
30
30
30
30
30
30
30
30
30
30
30
30
30
30
30
30
30
30
30
24
30
30
30
24
24
24
24
24
24
24
24
24
24
24
24
24
24
24
24
18
18
18
18
18
18
18
18
18
18
18
18
18
18
18
18
18
18
