0
0
0
0
0
0
0
0
0
0
0
0
0
0
0
8
0
0
0
0
0
0
0
0
8
0
0
0
10
10
8
8
8
8
8
10
8
8
8
0
1
1
8
8
8
9
9
9
9
9
9
9
9
9
9
9
9
9
9
9
9
14
14
14
4
4
19
19
19
14
14
4
4
4
19
4
4
4
19
4
4
4
4
4
19
4
4
4
4
4
4
4
4
4
4
4
4
4
4
4
4
4
4
4
4
4
4
4
4
4
4
4
4
4
4
4
23
20
4
4
4
4
4
4
4
4
4
4
4
4
4
4
4
4
4
4
4
20
4
4
4
4
11
11
4
1
1
1
24
1
1
1
3
1
1
3
3
3
32
3
3
3
3
3
3
3
3
32
3
3
3
3
3
3
3
3
3
3
3
3
3
3
3
3
3
3
3
3
3
3
3
5
5
3
5
5
5
5
5
5
5
5
5
5
5
5
5
5
5
5
5
5
5
5
11
5
5
18
29
5
4
20
18
20
20
18
20
18
18
20
16
20
20
20
20
20
23
23
18
16
20
20
20
23
20
20
23
20
20
23
23
23
23
23
16
23
23
23
23
23
16
16
16
16
16
16
16
16
16
16
16
16
13
16
16
16
13
16
16
13
13
13
13
13
13
13
13
13
13
13
13
16
13
13
13
23
20
13
6
13
13
13
13
6
13
13
13
6
13
6
6
6
6
6
6
6
6
6
6
6
6
6
6
26
6
6
6
26
6
26
26
26
26
26
26
26
26
26
26
26
26
13
26
26
26
26
26
26
26
26
26
26
26
26
26
26
26
26
16
16
16
16
16
16
13
13
13
13
36
36
36
36
36
36
36
36
36
36
36
36
36
36
36
36
36
41
41
41
41
41
41
41
41
41
41
41
41
13
41
41
41
41
43
43
43
43
43
43
43
43
43
43
43
43
43
43
43
43
43
43
43
43
43
43
43
43
43
43
43
43
43
43
43
43
43
43
31
31
31
31
31
31
31
31
39
39
39
39
39
39
39
39
39
39
39
39
39
39
39
43
43
43
39
39
7
7
7
7
7
7
7
7
7
7
7
7
7
7
7
7
25
25
25
25
25
25
25
25
25
2
2
25
25
25
25
25
2
2
2
2
2
2
2
2
2
2
2
2
28
28
28
28
28
28
28
28
28
28
28
28
28
28
28
28
28
28
28
28
28
28
28
28
28
28
28
28
28
28
28
28
15
15
15
15
15
15
15
15
22
22
22
22
22
22
22
22
22
22
22
22
22
22
22
22
22
22
22
22
22
22
22
38
38
38
38
38
38
38
38
38
38
38
38
38
38
38
35
35
35
35
35
38
35
35
35
35
35
38
35
35
35
35
35
35
35
35
35
35
34
35
35
12
34
34
34
34
34
34
34
34
34
34
34
34
34
34
34
34
34
34
34
34
34
34
34
42
42
42
42
42
42
42
42
42
42
27
42
42
27
27
42
42
42
42
27
27
30
30
42
27
27
27
27
27
27
27
27
27
27
27
27
27
27
27
27
27
27
30
30
27
30
30
30
30
30
30
30
30
30
30
30
27
30
30
30
30
30
30
30
30
30
30
30
30
30
30
30
30
30
24
24
24
24
24
24
24
24
24
24
24
24
24
24
24
24
24
24
37
37
37
37
37
37
37
37
37
37
37
37
37
24
37
37
37
37
37
37
18
18
18
18
18
18
18
18
18
18
18
18
18
18
18
18
18
18
18
18
18
18
18
18
18
18
18
18
