8
14
14
14
8
14
8
0
8
8
8
0
8
8
8
8
8
8
8
8
9
9
9
9
14
10
14
9
9
9
9
9
9
9
14
9
8
14
14
9
14
9
14
14
9
9
9
9
9
14
4
4
24
14
14
19
19
19
14
14
19
19
19
19
14
19
19
19
4
4
4
4
4
4
4
4
4
4
4
4
4
4
4
4
4
4
4
4
4
4
4
4
4
4
4
4
4
4
4
4
4
4
4
18
4
4
4
18
4
4
11
11
4
4
11
18
11
11
11
1
1
1
1
1
1
1
1
3
1
1
1
3
3
1
1
32
32
32
32
3
32
32
1
3
3
3
3
3
32
3
3
3
3
3
3
3
3
3
3
3
3
3
3
3
3
3
3
3
3
3
3
3
3
3
5
5
3
3
5
5
5
5
5
5
5
5
5
5
5
5
5
5
29
29
29
29
29
29
29
29
1
29
29
29
29
29
29
29
29
29
29
20
20
20
20
20
20
20
20
20
20
23
23
23
23
23
23
23
23
23
23
23
23
23
23
23
23
23
23
23
23
23
23
23
16
16
16
23
16
13
16
16
16
16
16
16
16
16
16
16
16
13
16
16
16
13
13
16
13
13
13
13
13
13
13
13
13
13
13
0
6
6
6
6
6
6
6
6
6
6
6
6
6
6
0
0
6
6
0
0
6
6
6
6
6
6
6
6
6
26
26
26
26
26
26
26
26
26
26
26
26
26
26
26
26
26
26
26
26
26
26
26
26
26
26
26
26
26
26
26
40
40
26
40
40
40
0
17
40
36
36
36
36
36
36
36
36
36
36
36
36
36
36
36
36
36
36
36
41
36
36
36
36
41
41
41
41
41
41
41
41
41
41
36
36
36
41
43
43
43
43
43
43
43
43
43
43
43
43
43
43
43
43
43
43
43
43
43
43
43
43
31
43
31
31
31
31
31
31
31
31
31
31
31
39
39
31
39
39
39
39
39
39
39
31
31
31
31
31
7
41
43
7
7
7
7
7
7
7
7
7
7
7
7
7
7
7
7
7
25
25
25
25
25
25
25
25
25
25
25
25
2
2
2
2
2
2
2
2
2
2
2
2
2
2
2
28
28
28
28
28
28
28
28
28
28
28
28
28
28
28
28
28
28
28
28
28
28
28
28
28
28
28
28
28
28
28
28
28
28
22
22
22
22
22
22
22
22
38
22
22
38
22
22
22
38
38
38
38
38
38
38
38
38
38
38
22
38
38
38
38
38
38
38
38
38
38
22
38
38
38
38
38
38
38
38
35
35
35
35
35
35
35
35
35
35
35
35
35
35
29
35
35
35
35
35
35
35
12
12
35
12
35
12
12
12
12
12
12
12
12
12
12
34
34
34
34
34
34
34
34
34
34
34
34
34
34
34
34
34
34
34
34
34
34
34
34
34
34
34
34
34
34
34
34
34
34
42
42
42
42
42
42
42
42
30
30
30
30
30
30
30
30
30
30
30
30
30
30
30
30
30
30
30
30
30
30
30
30
30
30
30
30
30
30
30
30
30
30
24
24
24
24
24
24
24
24
18
18
18
18
18
37
18
18
18
18
18
18
18
18
18
18
18
18
18
18
