8
8
8
9
8
10
10
10
9
8
8
8
8
9
9
9
9
9
8
8
14
14
14
4
14
0
14
14
10
10
0
14
10
10
0
10
10
14
0
14
10
14
0
14
0
14
0
14
10
20
4
14
0
4
14
14
0
4
0
4
4
4
4
4
4
4
4
4
4
4
4
4
4
4
4
4
4
4
4
4
4
4
4
4
4
4
4
4
4
4
4
4
4
4
4
4
4
4
4
4
4
4
4
4
4
4
4
4
4
4
4
4
4
4
4
4
4
4
4
4
11
11
11
11
11
11
1
1
1
1
1
3
3
3
1
1
1
1
1
1
32
32
3
3
32
32
3
3
3
3
3
3
3
3
3
3
3
3
3
3
3
3
3
3
3
3
3
3
3
3
3
3
3
5
3
3
3
5
3
3
3
5
5
3
5
5
5
5
5
5
5
5
5
5
5
5
29
29
29
5
29
29
29
29
29
29
29
29
29
29
29
20
20
20
20
20
20
20
23
20
20
20
20
23
23
20
23
23
23
23
20
23
23
23
23
23
23
23
23
23
23
23
23
23
23
23
23
16
16
16
16
16
16
13
13
13
13
13
13
13
13
13
13
13
13
13
13
13
13
13
13
13
13
13
13
13
13
13
0
0
0
0
6
6
6
6
6
0
0
0
6
6
6
6
6
0
6
6
6
6
6
6
6
6
6
6
6
6
26
26
6
26
26
26
26
26
26
26
26
26
26
26
26
26
26
26
26
26
26
26
26
26
26
40
26
26
40
40
26
40
40
40
40
40
40
40
40
40
40
36
36
36
36
36
36
36
36
36
36
36
36
36
36
36
36
36
41
41
41
41
41
41
41
41
41
41
41
41
41
41
43
43
43
43
43
43
43
43
43
43
43
43
43
43
43
43
43
43
43
43
43
43
43
43
43
31
31
43
31
31
31
31
31
31
31
31
31
31
31
39
43
39
39
39
39
39
39
39
39
39
39
39
31
31
7
7
7
7
7
7
7
7
7
7
7
7
7
7
7
7
7
7
7
7
7
7
7
7
7
31
43
43
31
31
7
7
7
7
7
7
7
7
25
25
25
25
25
25
25
25
25
25
2
25
25
25
25
25
25
25
25
25
2
2
2
2
2
2
2
2
28
28
28
28
28
28
28
28
28
28
28
28
28
28
28
28
28
28
28
28
28
28
28
28
28
28
28
28
28
28
28
28
28
28
15
15
15
22
22
22
22
22
22
22
38
22
22
22
38
38
38
22
38
22
38
38
38
22
38
38
38
22
38
38
38
38
38
38
38
38
38
38
38
38
38
38
38
38
38
35
35
35
35
35
35
35
35
35
35
35
35
35
35
35
35
35
12
12
35
12
12
35
12
12
12
12
12
12
12
12
12
12
12
34
34
34
34
34
34
34
34
34
34
34
34
34
34
34
34
42
42
42
42
42
42
42
42
42
42
42
42
30
27
30
30
30
30
30
30
30
30
30
30
30
30
30
30
30
30
30
30
30
30
30
30
30
30
30
30
30
30
30
30
24
30
30
30
30
30
30
30
24
24
24
24
24
24
24
24
18
18
18
18
18
18
18
18
18
18
18
18
18
18
18
18
18
18
18
18
18
