4
4
14
19
4
4
19
19
19
19
19
19
19
4
4
4
4
4
4
4
4
4
4
4
4
4
4
4
4
4
4
4
4
4
4
13
4
4
4
4
4
4
4
4
4
4
4
11
4
4
4
13
4
4
4
11
4
4
4
11
4
11
11
11
11
11
11
11
4
20
1
3
11
13
1
1
1
24
1
0
5
5
18
29
1
1
1
1
3
1
3
3
3
32
3
3
3
3
3
3
3
3
3
3
3
3
3
32
3
3
3
3
3
3
3
3
3
3
3
3
3
3
3
3
3
3
3
3
3
3
3
3
5
3
5
5
5
5
5
5
5
5
5
5
5
5
5
5
5
5
5
29
29
29
5
29
18
29
29
29
29
29
5
20
20
20
20
20
20
20
20
20
20
20
20
20
20
20
20
20
20
20
20
20
23
23
23
23
23
23
23
23
23
23
23
23
23
23
23
23
23
23
16
16
23
16
16
16
16
16
16
16
23
23
16
16
16
16
16
16
16
16
13
13
13
13
13
13
13
13
13
13
6
0
6
6
6
6
6
6
6
0
6
6
6
6
26
6
6
6
26
6
6
0
26
6
26
26
26
26
26
6
26
26
26
26
26
26
26
6
26
26
26
26
26
26
26
26
26
26
26
26
26
26
26
26
26
26
26
26
26
26
26
40
40
40
40
40
40
40
40
40
36
36
36
36
36
36
36
36
36
36
36
36
36
36
36
36
36
36
36
36
36
36
36
36
36
36
36
36
36
36
36
41
41
41
41
41
41
41
41
41
41
41
41
41
41
41
43
43
43
43
43
43
43
43
43
43
43
43
43
43
43
43
43
43
43
43
43
43
43
43
43
43
43
43
43
43
43
31
31
31
31
31
31
39
39
39
39
39
39
39
39
39
39
39
39
39
39
39
39
39
39
39
43
31
31
31
31
31
31
31
31
43
43
31
39
31
39
39
31
31
31
31
7
7
7
7
7
7
7
7
7
7
7
25
25
25
25
25
25
25
25
25
25
25
25
25
25
25
25
25
2
2
2
2
2
2
2
2
2
2
2
2
2
2
2
28
28
28
2
28
28
28
28
28
28
28
28
28
28
28
28
28
28
28
28
28
28
28
28
28
28
28
28
28
28
28
28
28
28
15
15
15
15
15
15
15
15
15
15
15
22
15
15
15
22
22
15
22
22
22
15
38
38
38
38
38
38
38
38
38
38
38
38
38
38
38
38
38
38
38
38
38
38
38
35
35
35
35
35
35
35
35
35
35
35
35
35
35
35
35
35
35
35
35
12
12
12
35
34
34
34
34
34
34
34
34
34
34
34
34
34
34
34
34
34
34
34
42
42
34
42
42
42
42
42
42
42
42
42
42
24
42
42
24
24
24
24
24
24
24
24
24
24
24
24
24
30
30
30
24
30
24
24
24
30
24
24
24
24
24
24
24
24
24
24
24
24
24
24
24
24
24
24
24
24
24
24
24
18
18
18
18
18
18
18
18
18
18
18
18
18
18
18
18
18
18
18
18
