8
8
8
8
8
8
8
8
8
8
9
9
9
9
9
9
19
14
14
19
14
14
19
4
19
19
4
4
4
4
4
4
4
4
4
4
4
4
4
4
4
4
4
4
4
4
4
4
4
4
4
4
4
4
4
4
4
4
4
4
4
4
4
4
4
4
4
4
4
4
4
4
4
4
4
4
4
11
11
11
11
1
1
1
1
5
3
1
3
1
1
1
1
1
1
1
1
32
3
3
3
3
32
3
3
3
3
3
3
3
3
3
3
3
3
3
3
3
3
3
3
3
3
3
3
3
3
3
3
3
3
3
3
3
3
3
3
3
5
5
5
5
5
5
5
5
5
5
5
5
5
5
5
5
29
29
5
29
29
29
29
29
29
29
29
29
29
29
29
29
20
20
20
20
20
20
20
20
20
20
20
20
20
20
20
20
20
20
20
20
20
20
20
20
23
23
23
23
23
23
23
23
23
23
23
23
23
23
23
23
23
23
23
23
23
16
23
16
23
16
16
16
16
16
16
16
16
16
16
16
16
16
16
16
16
16
16
13
16
16
16
16
13
13
13
13
18
13
13
0
0
0
0
0
0
0
0
6
0
0
0
0
6
0
6
6
0
6
6
6
6
6
6
26
6
6
6
6
6
6
26
26
6
26
26
26
6
6
26
26
26
26
26
26
26
26
26
26
26
26
26
26
26
26
26
26
26
26
26
26
40
40
40
40
40
40
0
6
36
36
36
36
36
36
36
36
36
36
36
36
36
36
36
36
36
36
41
36
41
41
41
41
41
41
13
41
41
41
41
41
41
41
41
41
41
41
41
43
43
43
43
43
43
43
43
43
43
43
43
43
43
43
43
43
43
31
31
31
31
31
43
31
31
31
31
31
31
31
31
31
31
31
31
31
39
39
39
39
39
39
39
39
39
39
39
39
39
43
43
43
43
7
7
7
7
7
7
7
7
7
7
10
7
7
7
7
7
7
7
7
7
25
25
25
25
25
25
25
25
25
25
2
2
25
25
25
25
25
2
2
2
2
2
2
2
2
2
2
2
2
2
2
25
25
2
2
2
2
2
2
2
28
28
28
28
28
28
28
28
28
28
28
28
28
28
28
28
28
28
28
28
28
28
28
28
28
28
28
28
28
15
15
28
15
15
22
15
15
22
15
15
22
22
22
22
22
22
22
22
22
22
22
22
22
22
22
38
38
38
38
38
38
38
38
38
38
38
38
38
38
38
35
35
35
35
35
35
35
35
35
7
35
35
35
35
35
35
34
35
35
34
34
34
12
34
34
12
12
34
34
34
34
34
12
34
34
34
34
42
34
34
24
34
42
42
42
42
42
42
42
42
42
42
42
42
42
42
42
42
42
42
24
42
42
24
42
42
42
42
42
42
42
42
42
42
42
42
42
24
30
27
30
27
27
30
30
27
30
30
27
30
30
30
30
30
30
30
30
30
30
30
30
30
30
30
30
30
30
30
30
30
24
24
24
24
24
24
24
30
30
30
30
30
30
24
24
24
30
24
30
24
30
30
30
30
30
30
24
24
24
24
24
24
24
24
24
24
24
24
24
18
24
18
24
18
18
18
18
18
18
18
18
18
18
18
18
18
18
18
18
18
18
18
18
18
18
18
