0
0
0
0
0
0
0
0
0
0
0
0
0
0
0
0
0
0
0
0
0
0
0
0
0
0
0
0
0
0
0
0
0
0
0
0
0
0
8
8
0
0
0
8
8
0
8
0
0
8
8
0
8
8
8
8
8
8
8
8
8
9
8
8
9
9
9
9
9
9
9
0
14
0
10
0
10
10
10
29
29
11
18
20
0
29
14
9
18
9
9
9
19
19
19
19
19
4
19
14
19
19
19
19
19
19
19
4
4
19
19
19
19
4
19
19
4
4
4
4
4
4
4
4
4
4
4
4
4
4
4
4
4
4
4
4
4
4
4
4
4
4
4
4
4
4
4
4
4
4
4
11
11
4
4
4
1
1
1
1
1
1
1
1
1
1
1
1
1
1
1
1
1
1
1
32
32
32
32
32
32
32
3
3
3
32
3
3
3
3
3
32
3
3
3
3
3
3
3
3
3
3
3
3
3
3
3
3
3
3
3
3
5
3
3
3
3
5
5
5
5
5
5
5
5
5
5
5
5
5
29
29
29
29
29
29
29
29
29
29
29
29
20
20
20
20
20
20
20
20
20
20
20
20
20
20
23
23
23
23
23
23
23
23
23
23
23
23
23
23
23
23
23
23
23
16
16
16
23
16
16
16
16
16
16
16
16
16
16
16
16
16
16
16
16
16
16
13
16
13
16
13
16
13
13
13
13
13
13
13
13
0
0
0
0
6
13
0
0
6
6
6
0
6
6
6
6
6
6
6
6
6
6
6
6
6
6
26
6
26
6
26
26
26
26
26
26
26
26
26
26
26
26
26
26
26
26
26
26
26
26
26
26
26
26
26
26
26
26
26
26
26
40
40
40
40
40
40
40
36
36
36
36
36
36
36
36
36
36
36
36
36
36
36
36
36
36
41
41
41
41
41
41
41
41
41
41
41
41
41
41
7
43
43
43
43
43
43
43
43
43
43
43
43
43
43
43
43
43
43
43
43
43
43
31
31
31
31
31
31
31
31
31
31
31
31
31
31
31
39
39
31
39
39
39
39
39
39
39
39
39
39
39
39
39
39
39
39
39
39
39
31
31
31
31
7
7
7
7
7
7
7
7
7
7
7
7
7
7
7
7
7
25
25
25
25
25
25
25
25
25
2
25
2
2
2
25
25
25
25
25
25
2
2
2
2
2
2
2
2
2
2
2
28
28
28
28
25
15
25
25
25
25
15
22
22
38
38
38
2
38
35
25
28
28
28
28
28
28
28
28
28
28
28
28
28
28
28
28
28
28
28
28
28
25
25
25
25
25
28
28
28
28
28
28
28
28
28
28
28
28
28
28
28
28
28
28
28
28
28
28
28
28
28
28
28
28
28
28
28
28
28
28
28
28
28
28
28
22
22
22
22
22
22
22
22
22
22
22
22
22
22
22
22
22
22
22
22
22
22
22
22
22
22
22
22
22
22
38
38
38
38
38
38
38
38
35
35
35
35
35
35
35
35
35
35
35
35
35
35
35
35
12
12
12
12
34
34
12
35
35
12
35
35
12
12
35
12
12
12
12
12
12
12
12
12
12
34
34
34
34
34
42
42
42
42
42
42
42
42
42
42
42
42
42
42
42
42
42
42
42
42
27
27
27
27
21
21
21
21
21
21
21
27
21
21
27
27
21
27
27
21
27
27
27
27
27
27
27
27
27
21
21
27
27
27
27
27
21
27
27
27
21
27
27
27
27
27
21
21
21
21
27
27
27
21
27
27
27
27
27
30
27
27
27
30
30
30
30
30
30
30
30
30
30
30
30
30
30
30
30
30
30
30
30
30
30
24
24
24
24
24
24
24
24
24
24
24
24
30
24
24
24
30
24
24
24
24
24
24
24
30
24
24
24
24
24
24
24
24
24
24
24
24
24
24
24
24
24
24
18
18
18
24
18
18
18
18
18
18
18
18
18
18
18
18
18
18
18
18
18
18
18
18
