0
0
0
0
0
0
0
0
0
0
0
0
0
0
0
0
0
10
0
8
0
9
8
9
9
9
9
9
9
9
9
0
0
9
9
14
14
14
14
14
14
14
14
20
4
4
4
4
4
4
4
4
13
16
13
23
13
16
0
13
13
13
13
0
1
13
13
0
1
0
0
0
11
19
14
14
4
14
14
14
14
19
19
19
19
4
4
4
4
4
19
19
19
4
4
4
4
4
4
4
19
4
4
4
4
4
4
4
4
4
4
4
4
4
4
4
4
4
4
4
4
4
4
4
4
4
4
4
4
4
4
4
4
4
4
4
4
4
4
11
11
11
1
1
1
1
1
1
1
1
1
1
1
1
1
1
1
3
3
3
3
3
3
3
3
3
3
32
3
3
3
3
3
3
3
3
3
3
3
3
3
3
3
3
3
3
3
3
3
3
5
3
3
3
5
5
5
3
5
5
5
5
5
5
5
5
5
5
5
5
5
5
5
5
3
3
3
3
3
3
16
16
16
16
20
23
16
16
16
16
16
20
16
23
16
20
16
16
16
16
20
23
16
16
20
16
16
20
20
23
16
20
20
20
16
16
20
16
16
20
20
16
16
5
16
20
16
5
20
20
16
20
5
5
5
5
5
5
5
29
5
29
40
40
40
40
13
13
20
20
13
0
13
29
13
20
20
0
0
0
0
0
6
6
6
0
0
6
6
6
6
6
6
6
6
6
6
6
6
6
6
26
6
6
26
6
6
26
26
26
6
26
6
26
26
26
26
26
26
26
26
26
26
26
26
26
26
26
26
26
26
26
26
26
26
26
26
40
40
40
40
40
40
26
40
36
36
36
36
36
36
36
36
36
36
36
36
36
36
36
41
41
41
41
41
41
41
41
41
41
41
40
41
41
36
36
36
41
43
43
43
43
43
43
43
43
43
43
43
43
43
43
43
43
43
43
43
43
43
43
43
43
43
43
43
43
43
43
43
43
43
43
43
43
43
43
43
43
43
43
43
31
31
31
31
43
43
31
31
31
39
31
39
39
39
39
39
39
39
39
39
39
39
7
7
7
7
7
7
7
7
7
43
7
7
7
7
7
7
7
7
7
7
7
7
25
25
25
25
25
25
25
25
25
25
35
2
25
2
2
2
2
2
2
2
2
2
2
2
2
2
2
2
2
2
28
28
2
2
28
28
28
28
28
28
28
28
28
28
28
28
28
28
28
28
28
28
28
28
28
28
28
28
28
28
28
28
28
28
15
28
15
22
22
15
15
22
22
15
15
22
22
15
22
22
22
22
22
22
22
22
38
22
38
38
22
38
22
38
22
38
38
38
38
38
38
38
38
38
38
38
38
38
35
35
35
35
35
35
35
35
35
35
35
35
35
35
35
35
35
35
35
35
34
35
35
34
35
35
35
35
35
35
35
35
34
34
34
34
34
34
34
34
34
34
34
34
34
42
42
42
42
42
42
42
42
42
42
42
42
42
42
42
42
42
42
42
30
27
42
42
42
27
27
30
42
27
27
21
42
21
27
27
27
27
27
30
30
27
18
27
21
27
30
24
42
42
18
21
27
27
27
27
30
27
30
21
30
27
27
42
27
27
27
27
42
42
42
42
30
27
27
27
27
27
24
30
30
30
30
42
18
13
30
30
30
30
30
30
30
30
30
30
30
30
30
30
30
30
30
30
30
30
30
30
30
30
30
30
24
24
24
24
24
24
24
24
24
24
24
24
24
24
24
24
18
24
18
24
18
18
18
18
18
18
18
18
18
18
18
18
18
18
18
18
18
18
18
18
