0
0
0
0
0
0
0
0
0
0
0
0
0
0
0
0
0
0
0
0
0
0
0
0
0
0
0
0
0
0
0
0
10
0
0
0
8
0
8
10
0
0
0
0
0
0
0
0
0
0
0
0
0
0
0
0
0
0
0
0
0
0
0
0
0
0
0
0
0
0
0
0
0
0
0
0
0
0
0
0
0
0
0
0
0
10
10
10
0
0
0
0
0
0
0
10
0
0
0
10
9
9
9
9
0
14
29
29
5
29
29
29
29
29
29
29
29
29
29
9
9
9
14
29
9
29
29
9
9
9
9
14
29
14
14
14
14
5
4
29
5
4
19
19
19
19
19
19
4
4
4
4
4
4
4
4
4
4
4
4
4
4
4
4
4
4
4
4
4
4
4
4
4
4
4
4
4
4
4
4
4
4
4
4
4
4
4
4
4
4
4
4
4
4
4
4
11
4
4
4
11
4
4
4
11
4
11
24
11
11
11
11
18
4
11
18
18
18
11
18
18
1
1
18
18
18
18
3
3
3
3
3
3
3
3
3
3
3
3
3
3
3
3
3
18
18
3
3
3
3
3
3
3
3
3
18
18
18
18
23
18
18
18
18
18
18
18
18
18
18
18
18
18
18
16
18
18
18
4
18
18
4
18
23
18
18
18
18
18
18
18
18
18
18
18
18
20
18
18
18
18
20
16
18
20
20
20
18
23
16
16
23
20
20
20
23
23
23
23
23
23
23
23
23
16
20
20
16
16
23
23
16
16
16
16
16
16
16
16
23
16
23
23
16
16
23
16
16
16
23
16
18
16
16
16
18
16
23
16
23
23
23
23
23
16
23
16
16
16
20
16
23
23
23
16
18
16
18
16
18
16
18
16
18
20
20
20
20
20
20
20
20
20
20
20
20
20
20
20
20
20
20
20
20
20
20
20
20
20
20
23
20
20
26
23
23
20
23
23
26
23
23
26
23
26
26
23
23
23
26
26
18
23
18
23
18
20
18
23
23
18
20
20
40
36
36
36
36
36
36
36
36
36
36
36
36
36
36
36
41
41
41
41
41
41
41
41
41
41
41
20
20
18
41
24
41
43
43
43
43
43
43
43
43
43
43
43
43
43
43
43
43
43
43
43
43
43
43
43
31
43
31
31
31
31
31
31
31
31
31
31
31
39
39
39
39
39
39
39
39
39
39
39
39
39
39
39
39
39
39
7
7
7
7
7
7
7
7
7
7
25
25
25
25
25
25
25
25
25
25
25
25
25
25
2
25
25
25
2
25
25
25
25
25
2
2
2
2
2
2
2
2
2
28
28
28
28
28
28
28
28
28
28
28
28
28
28
28
28
28
28
28
28
28
28
28
28
28
28
28
28
28
28
28
15
15
15
15
15
22
15
15
22
22
22
22
22
22
22
22
22
22
22
22
22
22
22
22
22
22
22
22
22
22
38
38
22
38
38
38
38
38
38
38
38
38
38
38
38
35
35
35
35
35
35
35
35
35
35
35
35
35
35
35
35
12
12
12
12
12
12
12
12
12
12
12
12
12
12
12
12
12
34
34
34
34
34
34
42
42
42
42
42
42
42
42
42
42
42
42
42
42
42
42
42
42
42
27
27
27
27
21
27
21
21
27
27
27
21
27
27
27
27
27
27
27
27
21
21
27
27
27
27
21
21
21
27
27
27
27
27
21
27
27
27
27
27
30
27
27
30
30
30
30
30
30
30
30
30
30
30
30
30
30
30
30
30
30
30
30
30
30
30
30
30
30
30
30
30
24
24
24
24
24
24
24
24
24
24
24
24
24
24
24
24
24
24
24
24
24
18
18
18
18
18
18
18
18
18
18
18
18
18
18
18
18
18
18
