0
0
0
0
8
8
0
9
9
9
9
9
8
0
8
0
0
0
8
8
10
8
8
8
8
10
10
10
8
8
8
10
0
10
0
8
0
0
8
8
9
8
8
8
0
0
0
0
0
0
0
0
0
0
0
0
0
0
0
0
0
0
0
0
0
8
0
8
8
8
8
8
9
9
9
9
9
9
9
9
9
9
9
9
9
9
9
9
9
9
9
9
9
9
9
9
9
9
9
9
16
19
14
19
4
4
4
4
4
4
4
4
4
4
4
4
4
4
4
4
4
4
4
4
4
4
4
4
4
4
4
4
4
4
4
4
11
4
4
11
11
4
11
11
4
4
11
11
11
11
11
11
11
11
11
11
11
11
11
11
11
11
1
5
1
1
1
3
3
1
1
29
29
1
1
3
3
3
3
3
3
3
3
3
3
3
3
3
3
3
3
3
3
3
3
3
3
3
3
3
3
3
3
3
3
3
3
3
3
3
3
3
3
3
3
3
3
3
5
3
5
3
5
3
3
5
5
5
5
5
5
5
5
5
29
20
29
29
29
29
41
20
29
29
20
20
20
20
20
20
20
23
20
23
23
20
23
23
23
20
23
23
23
23
16
23
23
23
16
23
23
20
23
23
23
23
16
23
16
16
16
23
23
16
16
23
23
16
16
23
16
16
16
23
16
13
16
16
16
16
16
23
16
13
13
16
16
16
13
13
13
13
13
20
0
6
0
0
13
0
0
0
13
6
13
0
0
0
13
0
17
17
13
0
17
17
13
0
17
17
13
13
17
17
13
13
17
17
13
13
6
17
13
0
0
26
13
13
17
26
13
0
17
26
13
6
26
26
17
26
26
26
6
26
26
26
13
13
40
26
13
13
40
36
36
36
36
36
36
36
36
36
36
36
36
36
36
36
36
36
36
36
41
41
41
41
41
41
40
40
41
41
41
43
43
7
7
41
41
43
43
43
43
43
43
43
43
43
43
31
31
43
31
31
31
31
39
31
31
31
31
31
31
31
31
31
31
31
31
31
31
31
31
31
31
31
31
39
39
39
39
39
39
39
39
39
39
39
39
39
39
39
39
39
39
7
7
7
7
7
7
7
7
7
7
7
7
7
7
7
25
25
25
25
25
25
25
25
25
25
25
2
25
25
25
25
25
25
25
25
25
25
2
2
2
2
2
28
28
28
28
28
28
28
28
28
28
28
28
28
28
28
28
28
28
28
28
28
28
28
28
28
28
28
28
28
28
28
28
28
28
28
28
28
15
15
32
3
3
3
15
3
15
15
3
3
22
22
22
22
22
22
22
38
22
22
38
38
38
38
38
38
38
38
38
38
38
38
38
38
38
38
38
38
35
35
35
35
35
35
35
35
35
38
35
35
35
12
35
34
34
34
34
34
34
34
12
34
34
34
34
34
34
34
34
34
34
34
42
42
42
42
34
42
42
42
42
42
42
42
42
42
42
42
42
42
42
42
42
42
42
42
42
42
27
42
21
42
30
27
27
27
27
27
27
21
27
27
27
27
21
27
27
27
30
27
27
27
27
27
27
27
30
30
30
27
27
27
27
27
27
27
30
30
27
30
30
30
30
30
30
30
30
30
30
30
30
30
30
30
30
30
30
30
30
30
30
30
30
30
30
30
30
30
24
30
30
24
24
24
24
24
24
24
24
24
24
24
24
24
24
24
18
18
18
18
18
18
18
18
18
18
18
18
18
18
18
18
18
18
18
18
18
18
18
18
18
