8
8
8
8
8
8
8
8
8
8
8
8
8
8
8
8
8
8
10
10
8
8
8
8
8
8
8
8
8
0
8
8
8
10
9
14
14
10
29
5
14
14
9
9
14
4
5
4
14
14
11
11
11
4
4
19
4
4
4
19
4
19
4
4
4
4
4
4
4
4
4
4
4
4
4
4
4
4
4
4
4
4
4
4
4
4
4
4
4
4
4
4
4
4
4
4
4
4
4
4
4
4
4
4
4
4
4
4
4
4
4
4
4
4
4
4
11
11
16
11
4
11
0
0
1
1
3
3
3
3
3
1
3
3
3
3
32
3
3
3
3
3
3
3
3
3
3
3
3
3
3
3
3
3
3
3
3
3
3
3
3
3
3
3
3
3
3
5
3
3
5
5
5
5
5
5
5
5
5
5
5
5
5
5
5
5
5
5
5
5
5
5
5
5
5
29
5
29
29
29
29
29
10
29
29
20
20
20
20
16
16
23
16
16
16
18
13
13
13
0
13
16
13
13
13
13
13
13
13
13
13
16
13
13
13
13
13
13
13
16
13
13
13
13
13
13
13
13
13
13
13
13
13
13
13
13
13
13
13
16
13
13
13
13
13
13
13
13
13
13
13
13
13
13
13
16
16
16
16
16
16
16
16
13
6
6
0
6
13
6
6
0
0
6
6
6
13
6
6
0
6
6
6
6
0
6
6
6
6
6
6
6
6
26
6
26
6
6
6
26
6
26
6
26
6
26
26
26
6
26
26
26
6
26
26
26
6
26
26
26
26
26
26
26
26
26
26
26
26
26
40
20
40
40
40
40
26
40
40
36
36
36
36
36
36
36
36
36
36
36
36
36
36
36
36
36
36
36
36
41
36
36
41
41
41
41
41
41
41
41
41
41
41
43
43
43
43
43
43
43
43
43
43
43
43
43
43
43
43
43
43
43
43
43
31
31
31
31
31
31
31
31
31
31
31
39
39
31
39
39
39
39
39
39
39
39
39
39
39
39
39
39
31
31
31
43
43
31
43
31
31
31
43
43
43
31
39
39
39
31
31
31
31
31
43
39
7
41
37
7
7
29
7
25
35
7
25
25
25
25
25
25
25
25
25
25
11
35
35
2
2
2
25
2
2
2
2
2
2
2
2
2
2
2
2
2
2
2
2
2
2
2
2
28
28
28
28
28
28
28
28
28
28
28
28
28
28
28
28
28
28
28
28
28
28
28
28
28
28
28
28
28
28
28
15
22
28
15
15
15
15
15
15
22
15
15
22
22
22
22
15
22
22
15
22
22
22
22
22
22
22
22
22
38
22
22
22
22
22
22
22
22
22
22
22
22
38
38
38
38
38
38
38
38
38
38
38
38
38
38
38
38
35
35
35
35
35
35
35
35
35
35
35
35
35
35
35
35
35
35
12
35
12
12
12
12
12
12
12
12
12
34
12
12
12
34
34
34
34
34
34
12
34
34
34
34
34
42
34
34
34
42
42
42
42
42
42
42
42
42
42
34
42
42
42
42
42
42
42
42
42
42
42
42
42
42
42
42
42
42
42
42
42
42
42
42
42
42
42
42
42
42
42
42
42
42
42
27
30
27
27
27
27
21
21
21
21
21
21
21
21
21
21
21
21
21
27
21
27
21
27
27
30
30
27
27
30
30
30
30
30
30
30
30
30
30
30
30
30
30
30
30
30
30
30
30
30
30
30
30
30
30
30
30
30
30
24
24
24
24
24
24
24
24
24
24
24
24
24
24
18
24
24
24
24
24
24
18
18
18
18
18
18
18
18
18
18
18
18
18
18
18
18
18
