14
14
9
9
9
9
9
9
9
9
9
9
9
9
9
9
14
9
14
9
14
14
14
4
4
4
4
4
4
4
4
4
4
4
4
4
4
4
4
4
4
4
4
4
4
4
4
4
4
4
4
4
4
4
4
4
4
4
4
4
4
4
4
4
4
4
4
4
4
4
4
4
11
4
4
4
4
1
1
11
1
1
1
1
1
1
3
3
3
3
3
5
3
5
3
3
3
3
3
3
3
3
3
3
3
3
3
3
3
3
3
3
3
3
3
3
3
3
3
3
3
3
3
3
3
3
3
3
3
3
3
3
3
3
3
5
3
3
3
3
3
3
3
3
3
3
3
5
5
5
5
5
5
29
29
29
5
29
29
29
16
5
5
10
0
5
5
20
20
20
20
20
20
23
23
20
20
20
23
23
23
23
23
23
23
23
23
23
23
23
23
23
23
23
23
23
23
23
23
23
16
23
23
23
23
23
23
23
16
23
23
23
16
16
16
16
16
16
16
13
13
13
13
16
13
13
13
13
13
13
13
13
13
0
0
13
6
6
6
6
6
0
0
0
6
6
6
0
6
0
0
0
13
0
6
0
6
0
6
6
6
0
6
26
0
6
6
26
0
0
6
26
17
6
6
26
6
6
26
26
17
6
26
26
26
26
26
26
26
26
26
26
26
26
40
40
40
26
26
26
17
17
17
36
36
36
36
36
36
36
36
36
36
36
36
36
36
36
41
41
41
41
41
41
41
41
41
41
41
41
41
41
41
41
41
41
41
41
41
41
41
41
43
43
43
43
43
43
43
43
43
43
43
43
43
43
43
43
43
43
43
43
43
43
43
31
31
43
43
43
43
43
43
43
43
43
43
43
39
39
39
43
39
39
39
39
39
39
39
39
39
7
7
7
7
31
43
43
43
31
31
7
7
7
7
7
7
7
7
7
7
7
7
7
7
7
7
25
25
25
25
25
25
25
25
25
25
25
25
25
25
25
25
25
25
25
2
2
2
2
2
2
2
2
2
2
2
2
2
2
2
28
28
28
28
28
28
28
28
28
28
28
28
28
28
28
28
28
28
28
28
28
28
28
28
28
28
28
28
28
28
25
25
28
28
25
15
15
28
28
22
28
28
22
22
22
22
22
22
22
22
38
22
22
22
38
22
22
22
38
22
22
22
38
38
38
38
38
38
38
38
38
38
38
38
38
38
38
35
35
35
35
35
35
35
35
35
35
35
35
35
35
35
35
35
35
35
35
35
35
12
35
12
12
12
12
12
12
12
12
12
12
12
12
12
12
12
12
12
34
34
34
34
34
34
34
34
34
34
34
34
34
34
34
42
42
42
42
42
42
42
42
42
42
42
42
42
42
27
18
30
42
42
42
42
42
42
27
27
27
27
27
27
27
27
27
27
30
27
27
42
42
27
27
27
18
27
27
27
42
27
27
27
42
27
30
27
30
27
27
30
27
27
42
27
42
42
42
42
27
27
27
27
42
27
30
30
27
27
30
30
30
30
30
30
27
30
30
30
30
30
30
30
30
30
30
30
30
30
30
30
30
30
30
30
30
30
30
30
30
30
24
24
24
24
24
24
24
24
24
24
24
24
24
24
18
18
18
18
18
18
18
18
18
18
18
18
18
18
18
18
18
18
18
18
18
18
18
18
18
