0
0
0
0
5
0
5
14
5
11
14
14
9
9
14
14
14
14
19
4
14
14
19
4
14
14
19
19
19
14
19
14
4
4
4
19
4
4
4
19
4
4
4
4
4
4
4
4
4
4
4
4
4
4
4
4
4
4
4
4
4
4
4
4
4
4
4
4
4
4
4
4
4
11
1
11
11
11
1
1
1
1
1
1
1
1
1
1
1
1
1
1
1
1
1
1
3
1
1
1
3
3
3
3
3
3
3
3
3
3
3
3
3
3
3
3
3
3
3
3
3
3
3
3
3
3
3
3
3
3
3
3
5
3
5
3
3
5
5
5
5
5
5
5
29
29
5
12
11
29
0
11
29
10
29
29
29
29
29
20
20
20
20
20
20
20
20
20
20
20
20
20
20
20
20
20
20
20
20
20
20
20
20
20
20
20
23
23
23
20
23
23
20
20
20
23
23
16
16
16
16
16
16
16
16
16
16
16
16
13
13
13
13
13
13
13
13
13
13
13
13
13
13
13
13
13
13
13
6
13
13
13
13
13
13
13
0
13
18
18
18
17
13
13
13
13
17
13
6
13
17
17
6
17
17
13
6
6
17
17
18
17
17
13
6
6
17
6
6
18
26
26
26
26
26
26
26
26
26
26
26
26
26
26
26
26
26
26
26
26
26
26
26
26
40
40
40
26
40
40
40
36
36
36
36
36
36
36
36
36
36
36
36
36
36
36
36
36
36
36
36
36
36
36
36
41
41
41
41
41
41
41
41
41
41
40
41
40
41
41
36
36
43
43
43
43
43
43
43
43
43
43
43
43
43
43
43
43
43
31
31
31
43
43
43
43
31
43
43
31
31
31
31
31
31
31
39
39
39
39
39
39
39
39
39
39
39
39
39
39
39
39
31
39
39
7
7
7
7
7
7
7
7
7
7
7
7
7
7
7
25
25
25
25
25
25
25
25
25
25
25
25
25
25
25
2
2
2
2
2
2
2
2
2
2
2
2
2
2
2
28
28
28
28
28
28
28
28
28
28
28
28
28
28
28
28
28
28
28
28
28
28
28
28
28
28
28
28
28
28
28
28
15
28
28
15
22
22
22
22
22
15
28
15
22
15
28
22
38
22
15
22
38
22
15
15
22
38
15
38
22
38
38
38
38
38
28
22
38
38
38
38
38
38
38
38
38
38
38
35
35
35
35
35
35
35
24
35
35
24
35
35
35
35
35
35
35
35
35
35
35
35
35
35
35
35
35
35
35
35
5
35
34
34
34
34
34
34
34
34
35
35
35
34
34
34
34
34
34
34
34
34
34
34
34
34
34
34
34
34
34
34
34
34
34
34
34
34
34
34
34
34
34
42
42
42
42
42
42
34
42
42
42
34
42
42
42
34
42
42
42
42
42
42
42
42
42
42
34
42
42
42
42
42
42
42
21
21
27
21
21
21
27
27
27
27
27
27
27
27
27
27
27
27
27
21
30
27
27
27
30
30
30
30
30
30
30
30
30
30
30
30
30
30
30
30
30
30
30
30
30
30
30
30
30
30
30
30
30
30
30
30
30
30
30
30
24
24
24
24
24
24
24
24
24
24
24
24
24
24
24
24
24
24
18
18
18
18
18
18
18
18
18
18
18
18
18
18
18
18
18
18
18
18
18
