0
0
0
0
0
0
0
0
0
0
0
0
0
0
0
0
0
0
0
0
0
0
0
0
0
0
0
0
0
0
0
0
0
0
0
0
0
0
0
0
0
0
0
0
0
0
0
0
0
0
0
0
0
0
0
0
0
0
0
0
0
0
10
0
10
0
10
10
0
0
0
0
0
0
0
0
0
0
0
0
0
0
0
0
0
0
8
9
8
14
8
9
8
8
8
8
0
9
14
9
9
0
10
14
14
0
0
9
10
0
9
10
9
9
0
10
0
0
0
10
10
0
10
10
14
8
14
0
0
0
0
0
0
0
0
0
8
0
0
0
0
0
10
8
9
10
0
0
0
0
10
0
0
0
0
0
0
0
0
0
0
8
14
9
9
14
14
14
14
11
1
14
19
19
14
14
14
14
14
14
9
19
19
19
14
19
19
19
19
19
4
4
4
4
19
4
4
4
4
4
4
4
4
4
4
4
4
4
4
4
4
4
4
4
4
4
4
4
4
4
4
4
4
4
4
4
4
4
4
4
4
4
4
4
4
4
4
4
4
4
4
4
4
4
4
4
11
11
11
11
1
1
1
1
1
1
1
1
1
29
29
5
29
29
1
1
3
32
32
32
32
32
32
32
32
32
32
32
32
32
32
32
32
3
3
32
32
3
3
32
3
3
3
32
3
3
3
3
3
3
3
3
3
3
3
3
3
3
3
3
3
5
3
5
5
5
5
5
5
5
5
5
5
5
5
3
3
5
16
3
16
16
16
16
32
32
3
18
20
20
20
20
20
20
20
20
20
20
20
23
20
20
20
20
20
23
23
23
23
23
23
23
23
23
23
23
23
23
23
23
23
23
23
23
23
23
23
23
23
23
23
23
16
23
16
16
16
16
23
16
13
13
13
13
13
13
13
13
13
13
13
13
13
13
13
13
13
13
13
13
13
13
13
6
6
6
6
6
6
6
6
6
6
6
6
6
26
26
26
6
26
26
6
26
26
26
26
6
26
26
26
26
26
26
26
26
26
26
26
26
26
26
26
26
26
26
26
26
26
26
26
26
26
40
40
40
40
40
40
13
40
40
36
36
36
36
36
36
36
36
36
36
36
36
36
36
36
36
41
41
41
41
41
41
41
41
41
41
41
41
41
41
41
41
41
41
43
43
43
43
43
43
43
43
43
43
43
43
43
43
43
43
43
43
43
43
43
43
31
43
43
43
43
43
43
43
31
31
31
31
43
39
39
31
31
31
31
39
39
39
39
31
43
31
43
43
43
43
43
31
43
31
31
31
43
43
43
43
43
43
43
31
31
43
43
43
43
43
43
39
39
39
43
31
31
31
31
43
31
31
7
7
7
7
7
7
7
7
32
32
25
25
25
25
25
25
25
25
25
25
25
25
25
25
25
25
25
25
25
25
25
25
25
25
25
25
25
25
25
25
2
2
2
2
2
2
2
2
2
2
2
2
2
28
28
25
25
28
28
28
28
28
28
28
28
28
28
28
28
28
28
28
28
28
28
28
28
28
28
28
15
15
15
28
15
22
38
15
15
15
15
15
15
22
38
22
22
22
38
22
22
22
38
22
22
22
38
22
38
38
38
38
38
38
38
38
38
38
38
38
38
38
35
38
38
38
35
38
38
38
38
35
35
35
35
35
35
35
35
35
35
35
35
35
35
35
35
35
35
35
35
35
35
12
12
12
12
12
12
12
12
12
12
12
12
12
12
34
34
34
34
34
34
34
42
42
34
34
34
34
34
34
34
42
34
42
42
42
42
42
42
42
42
42
42
42
42
42
42
42
42
42
42
21
27
21
27
27
21
21
27
27
27
21
27
27
27
21
27
27
27
27
27
27
27
27
21
27
21
27
27
27
27
27
27
21
21
21
27
27
27
27
21
27
27
27
27
27
42
21
27
27
27
27
27
21
21
21
27
27
27
27
27
27
30
30
27
30
30
30
30
30
30
30
30
30
30
30
30
30
30
30
30
30
30
30
30
30
30
30
30
30
30
30
30
24
24
24
24
24
24
24
24
24
24
18
18
18
24
24
18
18
18
18
18
18
18
18
18
18
18
18
18
18
18
18
18
18
18
18
18
18
18
