8
8
8
0
0
0
0
0
10
8
8
8
29
0
0
8
10
20
8
8
8
8
8
10
10
10
10
11
14
0
0
10
14
14
11
9
9
9
9
9
9
14
14
14
14
14
19
19
19
19
14
4
4
4
4
4
4
4
4
4
4
4
4
4
4
4
4
4
4
4
4
4
4
4
4
4
4
4
4
4
4
4
4
4
4
4
4
4
4
4
4
4
4
4
4
4
4
4
4
4
4
4
11
11
1
11
11
1
1
1
1
3
3
1
1
1
3
1
1
1
1
1
1
1
1
3
3
32
32
32
32
3
32
3
3
3
3
3
3
3
3
3
3
3
32
3
3
3
3
3
3
3
3
3
3
3
3
3
3
3
3
5
5
3
3
5
5
5
5
5
5
5
5
5
5
5
5
5
29
5
5
29
3
5
20
29
29
29
29
29
29
29
29
29
20
20
20
20
20
20
20
23
20
23
20
23
23
23
23
23
23
23
23
23
23
23
16
16
23
23
23
16
23
23
16
16
16
16
16
16
16
16
16
13
16
16
16
16
16
13
16
13
13
13
13
13
13
13
13
13
13
13
13
13
13
13
13
13
13
13
13
13
13
18
26
26
6
18
26
26
26
18
26
26
26
6
6
6
26
26
26
6
6
26
26
26
26
26
26
26
6
26
26
26
26
26
26
26
26
26
26
26
26
26
26
26
26
18
26
26
26
26
26
26
26
26
26
26
26
26
26
26
26
26
26
40
40
40
26
40
40
40
26
26
40
36
36
36
36
36
36
36
36
36
36
36
36
36
36
36
36
36
36
36
36
36
41
41
41
41
41
41
41
41
41
41
41
41
43
7
7
7
7
7
7
43
43
43
43
43
43
43
43
43
43
43
43
43
43
43
43
43
43
43
43
43
43
43
31
31
31
31
31
31
31
31
31
31
31
31
31
31
31
31
31
39
39
39
39
39
39
39
39
39
39
39
39
39
39
31
31
31
7
7
7
7
7
7
7
7
7
7
7
25
25
25
25
25
25
25
25
7
25
25
25
2
25
2
2
2
2
2
2
2
2
2
2
2
2
2
2
2
2
2
28
28
28
28
28
28
28
28
28
28
28
28
28
28
28
28
28
28
28
28
28
28
28
28
28
28
28
28
28
28
28
15
15
15
22
22
22
15
15
15
22
22
22
22
22
22
22
22
22
15
22
22
22
22
22
22
22
22
22
22
22
22
22
22
22
22
22
38
38
22
38
38
38
22
38
38
38
22
38
38
38
38
35
38
35
35
35
35
35
35
35
35
35
35
35
35
35
35
35
35
35
35
35
12
12
12
12
12
35
35
35
12
12
35
35
12
12
12
12
12
12
12
34
34
34
34
34
34
34
34
34
34
42
42
42
42
42
42
42
42
42
42
42
42
42
42
42
42
42
42
42
42
21
21
21
27
27
27
30
27
27
27
27
21
27
27
27
27
27
27
30
27
27
30
30
30
30
30
30
30
30
30
30
30
30
30
30
30
30
30
30
30
30
30
30
30
30
30
30
30
30
30
24
24
24
24
24
24
24
24
24
24
24
24
24
24
24
24
24
24
24
24
24
18
18
18
18
18
18
18
18
18
18
18
18
18
18
18
18
18
37
