0
0
0
0
8
8
8
0
8
8
8
8
9
9
9
0
5
9
9
9
9
9
9
9
9
5
9
9
14
14
19
14
4
19
19
14
4
4
19
4
4
4
4
4
4
4
4
4
4
4
4
4
4
4
4
4
4
4
4
4
4
4
4
4
4
4
4
4
4
4
4
4
4
4
4
4
4
4
4
4
4
4
4
4
4
4
4
4
1
1
11
1
1
1
5
5
1
1
1
1
3
1
1
1
1
1
1
1
1
3
3
32
32
3
3
3
32
3
3
3
3
3
3
3
3
3
3
3
3
3
3
3
3
3
3
3
3
3
3
3
3
3
3
3
3
3
5
5
5
5
3
5
5
5
5
5
5
5
5
5
5
5
5
5
11
5
29
5
5
5
5
3
1
1
29
29
29
29
20
20
18
20
20
20
20
20
20
20
20
20
20
20
23
16
20
20
20
20
20
20
20
16
23
20
20
20
20
20
23
23
23
23
23
23
23
23
23
23
16
23
16
16
16
23
23
16
16
16
23
16
16
16
16
13
13
13
16
13
13
13
13
13
13
13
16
13
13
13
13
13
13
6
6
6
6
6
6
13
6
6
6
26
26
26
26
26
6
6
6
6
6
26
6
6
6
26
26
6
6
26
6
6
26
26
26
6
26
26
26
26
26
26
26
6
26
26
26
26
26
26
26
26
26
26
26
26
26
26
26
26
26
26
26
26
26
26
26
26
26
26
40
36
36
36
36
36
36
36
36
36
36
36
36
36
36
36
36
36
36
36
36
36
36
36
36
41
41
41
41
41
41
41
41
41
40
40
40
41
41
41
41
43
43
43
43
43
43
43
43
43
43
43
43
43
43
43
43
43
43
43
43
43
43
43
43
43
43
43
43
43
43
43
31
31
31
31
31
43
43
31
31
31
31
31
31
31
31
31
31
43
43
31
31
31
39
39
39
39
39
39
39
39
39
39
39
39
39
39
39
39
39
39
39
31
31
7
7
7
7
7
7
7
7
7
7
7
7
7
17
7
7
7
7
7
25
7
7
7
10
25
25
25
25
25
25
25
25
25
2
2
2
2
2
2
2
2
2
2
2
2
2
2
2
2
2
2
2
2
2
2
2
2
2
28
28
28
28
28
28
28
28
28
28
28
28
28
28
28
28
28
28
28
28
28
28
28
28
28
28
28
28
28
28
28
28
28
15
15
15
15
15
22
15
22
15
15
22
22
22
15
15
22
22
22
22
22
22
22
22
38
22
22
38
38
22
38
38
38
38
38
38
38
38
38
38
38
38
38
38
38
38
38
38
35
38
35
35
35
35
35
35
35
35
35
35
35
35
35
35
35
35
35
35
35
12
12
12
12
12
12
12
12
12
12
35
35
35
35
35
35
35
12
12
12
12
35
35
35
35
12
35
35
25
25
25
35
35
35
25
35
35
12
33
12
35
2
37
35
35
28
28
40
28
28
28
28
40
2
28
35
35
12
28
28
12
12
28
12
12
34
12
12
12
12
12
12
37
35
12
12
35
35
35
12
34
12
34
12
34
34
34
34
34
34
34
34
34
34
34
34
34
34
34
34
34
34
34
34
42
34
34
34
24
24
35
34
34
34
34
34
34
34
24
24
34
34
34
34
24
42
42
42
42
42
42
42
42
42
42
42
42
42
42
42
42
42
42
37
37
37
30
27
21
37
37
37
37
21
37
37
37
37
37
37
37
37
37
27
37
37
37
27
27
27
37
21
21
21
37
37
37
21
21
37
37
21
37
27
27
27
30
18
30
30
30
30
30
30
30
30
30
30
30
30
30
30
30
30
30
30
30
30
30
30
30
30
30
30
30
24
24
24
24
18
24
24
24
24
24
24
24
24
18
24
24
18
18
18
24
18
18
18
18
18
18
18
18
18
18
18
18
18
18
18
18
18
18
18
