0
8
0
0
8
8
8
8
8
8
8
8
10
8
0
10
0
0
0
0
1
10
1
14
0
8
8
8
8
0
0
0
14
14
14
14
14
14
14
14
14
14
9
9
8
8
9
8
9
9
9
9
9
9
9
9
9
14
14
19
4
4
4
4
4
19
4
4
19
4
4
4
4
4
4
4
4
4
4
4
4
4
4
4
4
4
4
4
4
4
4
4
4
4
4
4
4
4
4
4
4
4
4
4
4
4
4
4
4
4
4
4
4
4
4
4
4
4
1
11
1
1
11
1
1
1
1
1
1
1
1
1
1
1
1
1
1
1
1
1
1
1
1
3
3
3
3
3
3
3
3
3
3
3
3
3
3
3
3
3
3
3
3
3
3
3
3
3
3
3
3
3
3
3
3
5
5
3
5
3
5
5
5
5
5
5
5
5
5
5
5
5
14
14
29
29
29
29
29
29
29
29
29
10
9
8
29
29
29
7
20
7
0
18
18
13
20
13
13
13
16
13
16
16
13
13
13
18
13
18
3
18
18
18
3
3
32
32
32
3
3
23
32
3
3
23
23
3
3
3
3
3
3
23
32
3
3
3
3
3
3
3
3
3
3
3
3
3
23
16
16
3
23
16
13
3
23
23
16
3
3
5
5
3
3
5
5
5
5
5
16
13
16
13
3
13
13
13
13
13
6
13
13
18
6
6
6
6
6
6
0
6
6
6
6
6
6
6
6
18
6
18
6
18
6
6
6
6
6
6
6
6
26
26
26
26
26
26
26
26
26
26
26
26
26
26
26
26
26
26
26
26
26
26
26
26
26
26
26
40
40
40
26
26
40
40
40
40
40
40
40
40
40
40
40
40
40
40
40
26
40
40
40
40
40
40
40
40
40
40
26
40
26
40
40
40
40
40
26
40
40
40
40
40
40
40
26
26
40
40
40
40
40
40
40
40
40
40
40
40
40
40
40
40
40
40
40
40
40
40
40
40
40
40
36
36
36
36
36
36
36
36
36
36
36
36
36
36
36
36
36
36
36
36
36
36
36
41
41
41
41
41
41
41
41
41
41
41
7
41
43
43
41
43
43
43
43
43
43
43
43
43
43
43
43
43
43
43
43
43
43
43
43
43
43
43
43
43
43
43
43
43
43
43
43
43
43
43
31
31
31
31
31
31
31
31
39
39
39
39
39
39
39
39
39
39
39
39
39
39
39
39
39
7
37
7
7
7
7
7
7
7
7
7
7
7
7
7
7
7
7
7
7
25
7
7
25
25
7
7
7
25
25
25
25
25
25
25
25
25
25
25
2
2
25
2
25
25
2
2
2
2
2
2
2
2
2
2
2
2
2
2
2
28
28
28
28
28
28
28
28
28
28
28
28
28
28
28
28
28
28
28
28
28
28
28
28
28
28
28
28
28
28
28
28
28
15
15
15
15
15
15
15
15
15
22
15
22
22
22
22
22
38
22
22
22
38
22
22
22
38
38
38
22
38
38
38
38
38
38
38
38
38
38
38
38
38
38
38
38
38
35
35
35
35
35
35
35
35
35
35
35
35
35
35
35
35
35
35
12
34
34
34
34
12
34
12
34
12
34
34
34
34
34
34
34
34
34
34
34
42
42
42
34
42
42
42
42
42
34
34
42
42
42
42
42
42
42
42
42
42
42
42
42
42
42
42
42
42
42
42
42
42
42
42
42
42
42
42
42
21
27
30
21
27
27
27
30
27
27
27
27
27
27
27
30
27
27
27
30
30
27
30
30
30
30
30
30
30
30
30
30
30
30
30
30
30
30
30
30
30
30
30
30
30
30
30
30
30
30
30
30
24
24
24
24
24
24
24
24
24
24
24
24
24
24
24
24
24
24
18
18
18
18
18
18
18
18
18
18
18
18
18
18
18
18
18
18
18
18
18
