8
8
8
8
0
8
8
8
8
8
8
8
8
8
8
8
8
8
8
8
8
9
9
9
9
9
9
9
9
9
9
9
9
1
9
9
9
8
8
9
5
1
14
0
11
1
4
5
14
0
14
0
14
29
14
14
14
0
0
7
14
14
14
14
14
1
5
5
11
11
11
18
10
11
4
11
1
11
0
13
4
1
4
24
4
4
4
23
4
4
4
20
4
4
4
4
4
4
4
4
4
4
4
4
4
4
4
18
20
4
4
18
4
11
4
18
20
4
24
18
20
0
11
4
4
4
4
4
4
4
4
11
4
4
4
11
11
11
4
11
11
4
11
11
4
11
4
11
4
11
4
4
4
13
11
11
11
11
11
1
1
1
1
3
1
1
1
1
1
1
1
1
1
1
1
1
32
32
3
32
3
3
3
32
3
3
3
3
32
3
3
32
3
3
3
3
3
3
3
3
3
3
3
3
3
3
3
3
5
5
5
5
5
5
5
5
5
5
5
5
5
5
5
5
5
5
5
5
5
29
5
5
29
29
5
5
29
29
29
29
29
29
29
20
20
20
20
20
20
20
20
20
20
20
20
20
20
20
20
20
20
23
20
20
23
20
20
20
20
20
23
20
23
23
23
23
23
23
23
23
23
23
23
23
16
23
16
16
16
16
16
16
16
16
16
16
16
16
16
16
16
16
16
16
16
16
16
16
13
16
13
13
13
16
13
13
13
13
13
13
13
13
13
13
13
13
13
13
0
6
6
6
6
0
6
6
0
0
0
0
0
6
6
6
0
6
6
6
0
6
6
6
6
6
6
6
6
6
6
6
6
6
6
6
6
26
6
6
6
26
26
26
26
26
6
26
26
26
26
26
26
26
26
26
26
26
26
40
40
40
26
26
6
40
6
40
40
36
36
36
36
36
36
36
36
36
36
36
36
36
36
36
36
36
36
36
36
41
41
41
41
41
41
41
41
41
41
41
41
41
41
41
41
43
43
43
43
43
43
43
43
43
43
43
43
43
43
43
43
43
43
31
31
31
31
31
31
7
7
7
7
43
31
43
31
43
31
43
31
31
31
39
31
39
39
39
39
39
39
39
39
39
39
39
39
39
39
39
39
39
39
39
39
39
39
39
39
11
7
7
7
7
7
7
7
7
7
7
7
7
7
7
7
7
7
7
7
7
25
25
25
25
25
25
25
25
25
2
25
25
25
25
25
25
25
25
25
25
25
25
2
2
2
2
2
2
2
2
2
2
28
28
28
28
28
28
28
28
28
28
28
28
28
28
28
28
28
28
28
28
28
28
28
28
28
28
28
28
28
28
33
33
15
33
22
22
15
22
15
22
22
38
22
38
22
38
22
38
22
38
22
38
38
38
22
22
22
26
22
38
22
38
22
38
22
38
38
38
38
38
38
38
38
38
38
38
38
38
35
33
38
38
35
35
35
35
25
35
25
22
22
22
22
35
35
22
12
12
35
35
12
34
34
34
34
34
34
34
34
34
34
34
34
42
34
34
34
42
34
34
34
42
34
34
34
42
34
42
42
42
42
42
42
42
42
42
42
42
42
42
42
42
42
42
42
27
27
27
27
42
21
21
21
21
21
21
21
21
21
21
21
21
21
21
21
21
27
27
27
30
30
27
27
27
27
27
30
30
27
30
30
27
30
30
30
30
30
30
30
30
30
30
30
30
30
30
30
30
30
30
24
24
24
24
24
30
24
24
24
24
24
24
24
24
24
24
24
24
18
18
18
18
18
18
18
18
18
18
18
37
18
18
18
18
18
37
37
37
18
18
37
18
18
18
18
18
18
18
18
18
18
18
37
18
37
37
18
18
18
37
37
37
37
37
37
18
37
37
37
18
37
37
37
18
37
18
37
18
18
18
37
18
18
37
18
18
18
18
37
18
18
18
37
18
37
18
37
18
18
18
18
18
18
18
18
18
37
18
18
18
18
18
18
18
18
18
18
18
18
18
18
18
18
18
18
18
18
18
18
18
18
18
18
18
18
18
18
18
18
18
18
18
18
18
18
18
18
18
18
18
18
18
18
