0
0
0
0
0
0
0
0
0
0
0
0
0
0
0
0
0
0
0
0
0
0
0
0
0
0
0
0
0
0
0
0
0
0
0
0
0
0
0
0
0
0
0
0
0
0
0
0
0
0
0
0
0
0
0
0
0
0
0
0
0
0
0
0
0
0
0
0
0
14
14
10
14
10
14
14
9
9
9
9
9
10
10
9
10
10
8
10
8
9
9
10
9
10
10
8
14
9
9
9
9
9
9
9
9
9
9
9
9
9
9
9
9
9
9
9
19
14
14
19
4
19
4
4
4
19
4
4
4
4
4
4
4
4
4
4
4
4
4
4
4
4
4
4
4
4
4
4
4
4
4
4
4
4
4
4
4
4
4
4
11
4
11
4
4
4
11
4
11
11
11
11
11
11
11
11
1
1
1
1
1
1
1
1
1
1
1
1
1
1
1
1
32
32
1
32
32
1
3
3
3
3
3
3
3
3
32
3
3
32
3
3
3
3
3
3
3
3
3
3
3
3
3
3
3
3
3
3
3
5
5
5
5
5
5
5
5
5
5
5
5
5
5
5
5
5
5
5
29
29
29
29
29
29
29
29
29
29
29
29
29
29
20
29
20
40
40
20
40
20
20
20
20
20
20
20
20
20
20
20
20
23
23
23
23
23
23
23
20
23
23
23
23
23
23
23
23
23
23
23
16
16
23
23
16
16
16
16
16
16
16
16
16
16
16
16
16
16
16
16
16
16
16
16
16
16
16
16
13
13
13
13
13
13
13
13
13
13
13
13
6
13
6
6
13
13
6
6
6
6
6
6
6
6
6
6
6
6
6
6
6
26
6
26
26
26
26
26
26
26
26
26
26
26
26
26
26
26
26
26
26
26
26
26
26
26
26
26
26
26
26
26
26
26
26
26
26
26
26
26
26
40
40
40
40
40
40
40
36
36
36
36
36
36
36
36
36
36
36
36
36
36
36
36
36
41
41
41
41
41
41
41
41
41
41
41
41
41
41
41
41
41
41
41
43
43
43
43
43
43
43
43
43
43
43
43
43
43
43
43
43
43
31
31
31
43
31
43
43
43
31
31
31
31
31
31
31
31
39
39
39
39
39
39
39
39
39
39
39
39
39
39
39
39
39
39
39
39
39
39
39
41
7
7
7
7
7
7
7
7
7
7
7
25
25
25
25
25
25
25
25
25
25
2
25
25
25
2
25
2
2
2
2
2
2
2
2
2
2
2
2
2
2
28
28
28
28
28
28
28
28
28
28
28
28
28
28
28
28
28
28
28
28
28
28
28
28
28
28
28
28
28
28
28
28
28
28
28
15
3
15
15
15
3
3
3
22
3
3
3
22
3
32
3
15
15
3
3
15
15
3
3
38
3
15
3
38
3
3
38
22
3
38
38
38
3
38
38
38
3
35
35
35
35
35
35
35
35
38
35
35
35
35
35
35
35
35
35
35
35
35
35
35
35
35
35
35
35
35
35
35
35
35
35
35
35
24
35
35
35
35
34
35
34
35
35
35
12
34
34
34
34
34
34
34
34
34
34
34
34
34
34
34
34
34
34
34
34
42
34
34
34
42
42
42
34
42
42
42
42
42
42
42
42
42
42
42
42
42
42
42
42
42
42
42
42
42
34
42
34
34
42
42
34
34
42
42
42
42
42
42
42
42
42
42
27
27
27
42
27
42
42
42
42
42
42
42
42
42
42
42
42
42
42
27
27
27
27
30
30
30
30
30
30
30
30
30
30
30
30
30
30
30
30
30
30
30
30
30
30
30
30
30
30
30
30
30
30
30
24
24
24
24
24
24
24
24
24
24
24
24
24
24
24
24
24
24
18
18
18
18
18
18
18
18
18
18
18
18
18
18
18
18
18
18
