0
0
0
1
1
1
1
10
10
10
10
0
0
0
0
0
0
0
10
0
0
0
0
0
0
14
0
0
0
14
0
0
0
0
0
0
0
0
10
14
14
14
0
1
0
0
14
9
9
9
9
14
14
14
9
5
14
9
9
14
14
9
14
19
19
14
14
19
29
14
14
14
19
19
19
19
1
19
19
19
19
19
19
19
4
4
4
4
4
4
4
4
4
4
4
19
4
4
4
4
4
4
4
4
4
4
4
4
4
4
4
4
4
4
4
4
4
4
4
4
4
4
4
4
4
4
4
4
4
4
4
4
4
4
4
4
4
4
4
4
11
11
11
18
3
1
1
1
1
1
18
3
3
18
1
1
1
1
3
32
32
32
32
32
32
3
3
3
3
3
3
3
3
3
3
3
3
3
3
3
3
3
3
3
3
3
3
3
3
5
5
5
5
5
5
5
5
5
5
5
5
5
5
5
5
5
5
5
5
5
5
5
5
5
5
29
5
5
5
29
5
13
13
16
13
16
20
13
20
16
20
23
16
23
23
16
16
16
20
23
16
16
23
16
16
16
16
16
16
16
16
16
16
16
16
16
16
23
16
16
16
16
16
16
16
16
16
16
16
16
13
16
16
13
13
16
16
13
13
16
16
13
13
16
16
13
13
16
16
16
13
16
16
23
23
16
16
16
13
16
13
13
13
16
16
16
13
16
16
16
13
16
23
16
13
16
16
13
13
13
13
13
13
13
13
16
16
16
13
26
13
13
18
26
26
6
13
26
26
13
18
26
26
26
18
26
26
26
18
26
26
26
26
26
26
26
0
40
13
13
6
40
40
40
40
40
40
36
40
36
36
36
36
36
36
36
36
36
36
36
41
36
41
41
41
41
41
41
41
41
41
13
40
17
17
41
41
41
43
43
43
43
43
43
43
43
43
43
43
43
43
43
43
43
43
43
43
43
43
43
43
43
43
31
31
43
31
43
31
31
31
43
43
43
31
31
31
31
39
39
39
39
43
39
39
39
39
43
39
39
43
43
43
43
43
43
43
43
43
43
43
31
31
31
31
31
31
43
31
39
39
39
39
39
39
39
39
39
39
43
43
7
7
7
7
7
7
7
7
7
7
7
7
7
7
7
25
25
25
25
25
25
25
25
25
25
25
25
25
25
25
2
2
2
2
2
2
2
2
2
2
2
2
2
2
2
2
2
28
28
28
28
28
28
28
28
28
28
28
28
28
28
28
28
28
28
28
28
28
28
28
28
28
28
28
28
28
28
28
28
15
15
22
22
22
22
22
22
22
22
22
22
22
22
22
22
22
22
22
22
22
22
38
22
38
38
38
38
38
38
38
38
38
38
38
38
38
38
38
38
38
38
38
38
38
38
38
35
35
35
35
35
35
35
35
35
35
35
35
35
35
35
35
35
34
34
34
34
34
34
34
34
34
34
34
34
34
34
34
34
34
34
42
42
42
42
42
42
42
42
42
42
42
42
42
42
42
42
42
42
42
42
27
42
27
27
27
27
27
27
27
21
21
27
27
27
21
21
21
21
21
27
27
27
30
30
27
30
30
30
30
30
30
30
30
30
30
30
30
30
30
30
30
30
30
30
30
30
30
30
30
30
30
30
30
30
24
24
24
24
24
24
24
24
24
24
24
24
24
24
24
24
24
24
18
24
24
18
18
18
18
18
18
18
18
18
18
18
18
18
18
18
18
18
18
18
